Peaks 616
1 0.065833 0.000000 4812 79 0
2 0.068333 0.000000 4780 82 0
3 0.073333 0.000000 4986 88 0
4 0.197500 0.000000 6738 237 0
5 0.225000 0.000000 6486 270 0
6 0.248333 0.000000 5807 298 0
7 0.297500 0.000000 4596 357 0
8 0.328333 0.000000 3638 394 0
9 0.339167 0.000000 3638 407 0
10 0.341667 0.000000 3651 410 0
11 0.353333 0.000000 2539 424 0
12 0.442500 0.000000 4097 531 0
13 0.447500 0.000000 3553 537 0
14 0.451667 0.000000 3507 542 0
15 0.476667 0.000000 4058 572 0
16 0.155833 0.001667 5246 187 2
17 0.160833 0.001667 5147 193 2
18 0.165000 0.001667 5426 198 2
19 0.247500 0.002500 5902 297 3
20 0.111667 0.003333 5551 134 4
21 0.495833 0.004167 3435 595 5
22 0.173333 0.005000 6023 208 6
23 0.217500 0.006667 7644 261 8
24 0.256667 0.007500 4737 308 9
25 0.190000 0.009167 7129 228 11
26 0.465833 0.009167 4442 559 11
27 0.445000 0.010000 4370 534 12
28 0.294167 0.010833 5285 353 13
29 0.306667 0.010833 5324 368 13
30 0.240833 0.011667 6696 289 14
31 0.169167 0.012500 5492 203 15
32 0.181667 0.012500 6847 218 15
33 0.234167 0.013333 6824 281 16
34 0.291667 0.014167 5187 350 17
35 0.108333 0.015000 5580 130 18
36 0.197500 0.015000 7608 237 18
37 0.283333 0.015000 5095 340 18
38 0.095833 0.015833 6207 115 19
39 0.459167 0.016667 4865 551 20
40 0.447500 0.017500 4320 537 21
41 0.209167 0.019167 7965 251 23
42 0.229167 0.019167 6856 275 23
43 0.088333 0.020000 5895 106 24
44 0.070000 0.021667 4553 84 26
45 0.119167 0.024167 5777 143 29
46 0.240000 0.024167 4816 288 29
47 0.271667 0.024167 5515 326 29
48 0.491667 0.025000 5403 590 30
49 0.171667 0.025833 4734 206 31
50 0.225833 0.026667 7312 271 32
51 0.114167 0.030000 5606 137 36
52 0.199167 0.030000 7470 239 36
53 0.487500 0.030000 5784 585 36
54 0.020000 0.030833 5232 24 37
55 0.456667 0.030833 4878 548 37
56 0.384167 0.031667 3799 461 38
57 0.479167 0.031667 5495 575 38
58 0.485833 0.033333 5826 583 40
59 0.257500 0.034167 5495 309 41
60 0.097500 0.035000 5009 117 42
61 0.274167 0.035000 5895 329 42
62 0.478333 0.035833 5994 574 43
63 0.488333 0.035833 5515 586 43
64 0.460000 0.036667 4685 552 44
65 0.468333 0.036667 4862 562 44
66 0.287500 0.038333 5209 345 46
67 0.495833 0.038333 5649 595 46
68 0.501667 0.040000 5065 602 48
69 0.220833 0.040833 6778 265 49
70 0.511667 0.040833 4087 614 49
71 0.270000 0.043333 6233 324 52
72 0.489167 0.043333 4747 587 52
73 0.278333 0.044167 6200 334 53
74 0.126667 0.045000 6092 152 54
75 0.366667 0.045000 5062 440 54
76 0.130000 0.045833 6095 156 55
77 0.234167 0.045833 6558 281 55
78 0.029167 0.048333 6325 35 58
79 0.265000 0.048333 6729 318 58
80 0.538333 0.048333 1801 646 58
81 0.230000 0.049167 6706 276 59
82 0.115833 0.051667 6896 139 62
83 0.339167 0.051667 5682 407 62
84 0.456667 0.051667 3933 548 62
85 0.539167 0.052500 1797 647 63
86 0.029167 0.053333 6358 35 64
87 0.370000 0.055000 4629 444 66
88 0.260000 0.055833 7972 312 67
89 0.138333 0.056667 6161 166 68
90 0.215000 0.057500 7345 258 69
91 0.134167 0.060000 5826 161 72
92 0.222500 0.060000 7122 267 72
93 0.227500 0.060833 6722 273 73
94 0.230833 0.060833 7011 277 73
95 0.379167 0.062500 4662 455 75
96 0.199167 0.063333 6942 239 76
97 0.202500 0.063333 6745 243 76
98 0.257500 0.063333 8415 309 76
99 0.324167 0.064167 6154 389 77
100 0.263333 0.065833 7959 316 79
101 0.332500 0.065833 6223 399 79
102 0.206667 0.066667 6706 248 80
103 0.038333 0.070000 5928 46 84
104 0.136667 0.070833 6217 164 85
105 0.250000 0.070833 8257 300 85
106 0.337500 0.071667 6059 405 86
107 0.243333 0.073333 8136 292 88
108 0.000000 0.075000 3405 0 90
109 0.448333 0.075000 4189 538 90
110 0.355833 0.076667 5006 427 92
111 0.034167 0.078333 6059 41 94
112 0.241667 0.079167 7703 290 95
113 0.138333 0.080000 6145 166 96
114 0.446667 0.080000 4081 536 96
115 0.000000 0.081667 3379 0 98
116 0.330000 0.082500 6633 396 99
117 0.360833 0.082500 4957 433 99
118 0.123333 0.083333 5626 148 100
119 0.131667 0.083333 5990 158 100
120 0.226667 0.083333 6952 272 100
121 0.140000 0.084167 6459 168 101
122 0.300833 0.085000 5590 361 102
123 0.242500 0.085833 7939 291 103
124 0.261667 0.086667 5426 314 104
125 0.231667 0.087500 7290 278 105
126 0.331667 0.087500 6528 398 105
127 0.538333 0.088333 5003 646 106
128 0.210833 0.089167 7194 253 107
129 0.040833 0.090833 7329 49 109
130 0.030833 0.091667 6377 37 110
131 0.049167 0.092500 7703 59 111
132 0.325000 0.092500 6633 390 111
133 0.018333 0.095833 5577 22 115
134 0.514167 0.095833 5085 617 115
135 0.136667 0.096667 6692 164 116
136 0.154167 0.097500 5626 185 117
137 0.290000 0.100000 6243 348 120
138 0.305833 0.100000 6971 367 120
139 0.297500 0.100833 6676 357 121
140 0.345000 0.101667 5213 414 122
141 0.315000 0.105000 7060 378 126
142 0.328333 0.105000 6548 394 126
143 0.426667 0.106667 4606 512 128
144 0.063333 0.108333 7349 76 130
145 0.148333 0.108333 6801 178 130
146 0.059167 0.110000 7532 71 132
147 0.344167 0.111667 5784 413 134
148 0.233333 0.112500 8556 280 135
149 0.266667 0.113333 7368 320 136
150 0.036667 0.115000 8526 44 138
151 0.504167 0.115000 5495 605 138
152 0.235000 0.115833 8661 282 139
153 0.265000 0.118333 7562 318 142
154 0.070833 0.120833 8146 85 145
155 0.154167 0.120833 6443 185 145
156 0.308333 0.120833 8520 370 145
157 0.539167 0.123333 3792 647 148
158 0.241667 0.125833 9947 290 151
159 0.306667 0.125833 8556 368 151
160 0.498333 0.125833 4652 598 151
161 0.416667 0.126667 5009 500 152
162 0.055000 0.128333 8707 66 154
163 0.250833 0.129167 7693 301 155
164 0.083333 0.130000 6988 100 156
165 0.260833 0.130000 9268 313 156
166 0.214167 0.130833 7109 257 157
167 0.155833 0.132500 7460 187 159
168 0.224167 0.134167 8264 269 161
169 0.261667 0.134167 9383 314 161
170 0.417500 0.135833 4924 501 163
171 0.305000 0.136667 8648 366 164
172 0.297500 0.137500 8343 357 165
173 0.520000 0.138333 5787 624 166
174 0.306667 0.139167 8625 368 167
175 0.420833 0.139167 4957 505 167
176 0.044167 0.141667 9947 53 170
177 0.332500 0.141667 7381 399 170
178 0.264167 0.142500 9189 317 171
179 0.310000 0.142500 8435 372 171
180 0.048333 0.143333 9960 58 172
181 0.214167 0.143333 6348 257 172
182 0.339167 0.144167 7007 407 173
183 0.286667 0.146667 9658 344 176
184 0.163333 0.149167 7575 196 179
185 0.270833 0.149167 9350 325 179
186 0.308333 0.149167 8313 370 179
187 0.522500 0.149167 5646 627 179
188 0.021667 0.154167 8405 26 185
189 0.420833 0.155000 5019 505 186
190 0.328333 0.156667 6466 394 188
191 0.316667 0.159167 8028 380 191
192 0.393333 0.159167 5022 472 191
193 0.536667 0.160000 5754 644 192
194 0.268333 0.160833 9458 322 193
195 0.445000 0.161667 4708 534 194
196 0.432500 0.163333 5337 519 196
197 0.231667 0.165000 7942 278 198
198 0.261667 0.165000 9691 314 198
199 0.080833 0.166667 6443 97 200
200 0.410833 0.166667 5587 493 200
201 0.533333 0.167500 6043 640 201
202 0.116667 0.169167 6830 140 203
203 0.282500 0.169167 8966 339 203
204 0.237500 0.171667 7818 285 206
205 0.285000 0.171667 9094 342 206
206 0.406667 0.171667 5298 488 206
207 0.067500 0.172500 7673 81 207
208 0.260833 0.172500 9888 313 207
209 0.250833 0.175000 8549 301 210
210 0.290000 0.175000 9061 348 210
211 0.244167 0.175833 8359 293 211
212 0.048333 0.176667 9278 58 212
213 0.135833 0.177500 7329 163 213
214 0.393333 0.178333 6010 472 214
215 0.118333 0.180000 6519 142 216
216 0.168333 0.181667 7316 202 218
217 0.539167 0.182500 5331 647 219
218 0.067500 0.185000 8267 81 222
219 0.518333 0.185833 5498 622 223
220 0.128333 0.186667 7417 154 224
221 0.000000 0.187500 7230 0 225
222 0.078333 0.188333 7834 94 226
223 0.170833 0.188333 7690 205 226
224 0.268333 0.188333 8989 322 226
225 0.046667 0.189167 9917 56 227
226 0.521667 0.189167 5141 626 227
227 0.535000 0.190000 6148 642 228
228 0.525000 0.190833 5157 630 229
229 0.186667 0.191667 7608 224 230
230 0.396667 0.191667 6610 476 230
231 0.174167 0.192500 7900 209 231
232 0.053333 0.193333 9471 64 232
233 0.000000 0.194167 7060 0 233
234 0.090000 0.195000 7214 108 234
235 0.135833 0.197500 7454 163 237
236 0.454167 0.197500 8126 545 237
237 0.058333 0.198333 9806 70 238
238 0.393333 0.200000 6594 472 240
239 0.512500 0.200000 5538 615 240
240 0.245000 0.200833 8356 294 241
241 0.155000 0.201667 7017 186 242
242 0.255000 0.201667 8982 306 242
243 0.129167 0.202500 7946 155 243
244 0.177500 0.202500 8418 213 243
245 0.519167 0.203333 5659 623 244
246 0.315833 0.204167 7204 379 245
247 0.334167 0.204167 6489 401 245
248 0.265000 0.205000 10042 318 246
249 0.460833 0.205000 5534 553 246
250 0.444167 0.205833 8333 533 247
251 0.001667 0.206667 8766 2 248
252 0.257500 0.206667 9097 309 248
253 0.278333 0.207500 10633 334 249
254 0.346667 0.210000 7119 416 252
255 0.163333 0.210833 8428 196 253
256 0.401667 0.210833 5997 482 253
257 0.534167 0.210833 6112 641 253
258 0.115833 0.211667 7604 139 254
259 0.192500 0.211667 8431 231 254
260 0.313333 0.211667 8480 376 254
261 0.000000 0.213333 7431 0 256
262 0.184167 0.213333 7998 221 256
263 0.336667 0.213333 8110 404 256
264 0.443333 0.214167 8280 532 257
265 0.157500 0.215000 8517 189 258
266 0.287500 0.215833 11158 345 259
267 0.062500 0.216667 11007 75 260
268 0.129167 0.216667 9035 155 260
269 0.535000 0.217500 6030 642 261
270 0.195000 0.218333 7752 234 262
271 0.070833 0.219167 10823 85 263
272 0.059167 0.220000 10974 71 264
273 0.433333 0.222500 8917 520 267
274 0.193333 0.225000 7667 232 270
275 0.352500 0.225833 7588 423 271
276 0.400000 0.228333 6446 480 274
277 0.539167 0.228333 5928 647 274
278 0.030000 0.229167 10275 36 275
279 0.487500 0.229167 7923 585 275
280 0.285833 0.230833 12962 343 277
281 0.317500 0.230833 9806 381 277
282 0.325833 0.232500 8152 391 279
283 0.074167 0.233333 12103 89 280
284 0.333333 0.233333 8592 400 280
285 0.539167 0.234167 6345 647 281
286 0.225000 0.235000 7959 270 282
287 0.339167 0.235000 9169 407 282
288 0.428333 0.236667 8093 514 284
289 0.524167 0.236667 6190 629 284
290 0.274167 0.237500 13277 329 285
291 0.074167 0.238333 12204 89 286
292 0.235833 0.238333 8523 283 286
293 0.011667 0.239167 8651 14 287
294 0.300833 0.239167 11394 361 287
295 0.280833 0.240000 13868 337 288
296 0.488333 0.240000 7342 586 288
297 0.239167 0.240833 8815 287 289
298 0.471667 0.241667 7424 566 290
299 0.249167 0.243333 8713 299 292
300 0.370833 0.243333 6138 445 292
301 0.435000 0.243333 8996 522 292
302 0.520000 0.244167 5738 624 293
303 0.517500 0.245000 5764 621 294
304 0.015833 0.245833 9373 19 295
305 0.472500 0.246667 7342 567 296
306 0.436667 0.247500 6295 524 297
307 0.487500 0.248333 7513 585 298
308 0.003333 0.249167 9553 4 299
309 0.502500 0.249167 6499 603 299
310 0.279167 0.250833 13343 335 301
311 0.490000 0.250833 7263 588 301
312 0.420000 0.251667 7496 504 302
313 0.490833 0.252500 7237 589 303
314 0.472500 0.253333 7286 567 304
315 0.230000 0.254167 9425 276 305
316 0.232500 0.255833 9294 279 307
317 0.222500 0.256667 8953 267 308
318 0.378333 0.256667 6269 454 308
319 0.046667 0.258333 12227 56 310
320 0.073333 0.258333 13320 88 310
321 0.408333 0.260000 7575 490 312
322 0.244167 0.260833 10652 293 313
323 0.317500 0.264167 10725 381 317
324 0.493333 0.264167 5885 592 317
325 0.360833 0.265000 7194 433 318
326 0.468333 0.265000 6345 562 318
327 0.437500 0.265833 9511 525 319
328 0.480833 0.265833 7109 577 319
329 0.000833 0.266667 8139 1 320
330 0.125000 0.266667 16768 150 320
331 0.414167 0.266667 7598 497 320
332 0.474167 0.266667 6656 569 320
333 0.524167 0.266667 5702 629 320
334 0.269167 0.269167 14425 323 323
335 0.419167 0.269167 7621 503 323
336 0.355833 0.271667 8887 427 326
337 0.361667 0.272500 9101 434 327
338 0.317500 0.273333 11417 381 328
339 0.517500 0.274167 6774 621 329
340 0.110000 0.275000 16505 132 330
341 0.153333 0.275000 13458 184 330
342 0.305000 0.275000 11341 366 330
343 0.500833 0.275000 7703 601 330
344 0.505000 0.275000 8914 606 330
345 0.507500 0.277500 8904 609 333
346 0.512500 0.278333 6912 615 334
347 0.378333 0.279167 9665 454 335
348 0.525000 0.279167 6414 630 335
349 0.534167 0.279167 6538 641 335
350 0.000000 0.280000 7001 0 336
351 0.239167 0.280000 8530 287 336
352 0.493333 0.280000 7972 592 336
353 0.025833 0.280833 8379 31 337
354 0.129167 0.280833 17335 155 337
355 0.354167 0.280833 9307 425 337
356 0.227500 0.281667 7910 273 338
357 0.468333 0.281667 7647 562 338
358 0.404167 0.282500 7582 485 339
359 0.000000 0.284167 7057 0 341
360 0.413333 0.284167 7437 496 341
361 0.490000 0.284167 9924 588 341
362 0.399167 0.285833 7729 479 343
363 0.505833 0.285833 7211 607 343
364 0.437500 0.286667 7559 525 344
365 0.341667 0.287500 9491 410 345
366 0.356667 0.287500 12148 428 345
367 0.390833 0.287500 7431 469 345
368 0.468333 0.287500 7401 562 345
369 0.366667 0.289167 8835 440 347
370 0.397500 0.289167 8008 477 347
371 0.486667 0.289167 10269 584 347
372 0.114167 0.290000 14993 137 348
373 0.382500 0.290000 10045 459 348
374 0.107500 0.290833 15003 129 349
375 0.283333 0.290833 10488 340 349
376 0.181667 0.291667 8166 218 350
377 0.509167 0.291667 7401 611 350
378 0.247500 0.292500 8513 297 351
379 0.385000 0.292500 10078 462 351
380 0.475833 0.292500 9734 571 351
381 0.000000 0.295000 6456 0 354
382 0.513333 0.295000 7132 616 354
383 0.389167 0.295833 9566 467 355
384 0.473333 0.295833 9891 568 355
385 0.517500 0.295833 7214 621 355
386 0.539167 0.295833 5688 647 355
387 0.523333 0.296667 7043 628 356
388 0.315000 0.299167 11325 378 359
389 0.000000 0.300833 6348 0 361
390 0.291667 0.300833 12224 350 361
391 0.339167 0.300833 9540 407 361
392 0.154167 0.302500 11778 185 363
393 0.472500 0.305000 7883 567 366
394 0.027500 0.306667 6860 33 368
395 0.237500 0.308333 10354 285 370
396 0.002500 0.309167 6105 3 371
397 0.271667 0.310833 12060 326 373
398 0.285833 0.312500 12089 343 375
399 0.490000 0.313333 8179 588 376
400 0.324167 0.315000 10026 389 378
401 0.160833 0.316667 11702 193 380
402 0.001667 0.317500 6213 2 381
403 0.290000 0.317500 12388 348 381
404 0.299167 0.320833 12841 359 385
405 0.539167 0.320833 5666 647 385
406 0.366667 0.322500 11230 440 387
407 0.486667 0.324167 8992 584 389
408 0.344167 0.325000 10272 413 390
409 0.376667 0.325833 10341 452 391
410 0.520833 0.325833 7572 625 391
411 0.165000 0.326667 11361 198 392
412 0.185000 0.328333 12680 222 394
413 0.400000 0.328333 8139 480 394
414 0.539167 0.328333 6194 647 394
415 0.000000 0.329167 6309 0 395
416 0.056667 0.329167 6961 68 395
417 0.520000 0.330000 7148 624 396
418 0.539167 0.330833 6066 647 397
419 0.365833 0.332500 10508 439 399
420 0.500833 0.333333 9058 601 400
421 0.067500 0.334167 7375 81 401
422 0.412500 0.334167 8802 495 401
423 0.245833 0.335000 9461 295 402
424 0.433333 0.335833 7326 520 403
425 0.000000 0.336667 6387 0 404
426 0.005833 0.337500 7142 7 405
427 0.310833 0.338333 14822 373 406
428 0.075833 0.339167 7998 91 407
429 0.169167 0.339167 12411 203 407
430 0.366667 0.340000 11145 440 408
431 0.406667 0.340000 10190 488 408
432 0.431667 0.340000 7388 518 408
433 0.011667 0.340833 6873 14 409
434 0.523333 0.340833 7900 628 409
435 0.153333 0.342500 11863 184 411
436 0.348333 0.342500 12979 418 411
437 0.213333 0.345000 9179 256 414
438 0.466667 0.345833 7342 560 415
439 0.505833 0.345833 9245 607 415
440 0.049167 0.346667 5603 59 416
441 0.529167 0.346667 8405 635 416
442 0.405000 0.347500 9816 486 417
443 0.271667 0.348333 13303 326 418
444 0.427500 0.348333 8120 513 418
445 0.535833 0.348333 8727 643 418
446 0.260000 0.349167 12755 312 419
447 0.342500 0.349167 12821 411 419
448 0.096667 0.352500 6984 116 423
449 0.508333 0.352500 9238 610 423
450 0.011667 0.353333 6197 14 424
451 0.184167 0.354167 10344 221 425
452 0.408333 0.354167 9520 490 425
453 0.008333 0.356667 6131 10 428
454 0.323333 0.356667 15787 388 428
455 0.501667 0.357500 9183 602 429
456 0.416667 0.359167 7929 500 431
457 0.055833 0.360000 6738 67 432
458 0.475000 0.360833 8435 570 433
459 0.497500 0.361667 9156 597 434
460 0.292500 0.362500 12139 351 435
461 0.483333 0.364167 8418 580 437
462 0.539167 0.364167 9691 647 437
463 0.395000 0.365833 9232 474 439
464 0.326667 0.366667 15751 392 440
465 0.490000 0.366667 8635 588 440
466 0.013333 0.367500 5485 16 441
467 0.175833 0.368333 9642 211 442
468 0.538333 0.370833 9780 646 445
469 0.405000 0.371667 10118 486 446
470 0.431667 0.371667 8953 518 446
471 0.202500 0.375000 12483 243 450
472 0.406667 0.375833 10219 488 451
473 0.488333 0.375833 9143 586 451
474 0.095000 0.376667 9524 114 452
475 0.360000 0.378333 14537 432 454
476 0.380000 0.378333 11833 456 454
477 0.391667 0.379167 11328 470 455
478 0.342500 0.380000 14629 411 456
479 0.143333 0.380833 8179 172 457
480 0.539167 0.381667 8717 647 458
481 0.000000 0.382500 4711 0 459
482 0.249167 0.382500 12867 299 459
483 0.403333 0.382500 10921 484 459
484 0.364167 0.384167 14452 437 461
485 0.252500 0.385833 13205 303 463
486 0.259167 0.386667 13300 311 464
487 0.412500 0.387500 10387 495 465
488 0.421667 0.387500 10938 506 465
489 0.492500 0.387500 8592 591 465
490 0.110833 0.388333 6430 133 466
491 0.308333 0.389167 20275 370 467
492 0.429167 0.390833 11784 515 469
493 0.499167 0.390833 8467 599 469
494 0.000000 0.391667 4543 0 470
495 0.480833 0.391667 10426 577 470
496 0.000000 0.394167 4409 0 473
497 0.501667 0.394167 8592 602 473
498 0.345000 0.395000 15649 414 474
499 0.350000 0.395000 14832 420 474
500 0.062500 0.397500 6154 75 477
501 0.080000 0.397500 7828 96 477
502 0.243333 0.397500 11394 292 477
503 0.474167 0.398333 10780 569 478
504 0.190833 0.399167 8920 229 479
505 0.225833 0.399167 10728 271 479
506 0.375000 0.404167 12273 450 485
507 0.436667 0.404167 11532 524 485
508 0.331667 0.406667 17345 398 488
509 0.205000 0.407500 8973 246 489
510 0.300000 0.407500 18910 360 489
511 0.151667 0.408333 8579 182 490
512 0.048333 0.409167 5918 58 491
513 0.143333 0.409167 7913 172 491
514 0.076667 0.412500 6154 92 495
515 0.387500 0.412500 12158 465 495
516 0.039167 0.414167 5370 47 497
517 0.443333 0.415000 12185 532 498
518 0.065833 0.415833 5846 79 499
519 0.080000 0.417500 6135 96 501
520 0.210000 0.417500 8956 252 501
521 0.292500 0.417500 18658 351 501
522 0.308333 0.417500 19406 370 501
523 0.390000 0.418333 11952 468 502
524 0.456667 0.420000 11614 548 504
525 0.136667 0.420833 6971 164 505
526 0.195833 0.421667 8211 235 506
527 0.474167 0.422500 12509 569 507
528 0.130833 0.423333 6935 157 508
529 0.495000 0.424167 10764 594 509
530 0.505000 0.424167 10836 606 509
531 0.061667 0.429167 5964 74 515
532 0.122500 0.429167 6876 147 515
533 0.482500 0.429167 11532 579 515
534 0.112500 0.432500 6669 135 519
535 0.458333 0.435833 13136 550 523
536 0.041667 0.439167 4248 50 527
537 0.327500 0.442500 15006 393 531
538 0.485833 0.443333 10980 583 532
539 0.101667 0.444167 5925 122 533
540 0.432500 0.445000 9852 519 534
541 0.539167 0.445833 8559 647 535
542 0.210833 0.448333 10259 253 538
543 0.490833 0.449167 11036 589 539
544 0.357500 0.454167 12080 429 545
545 0.183333 0.455000 8149 220 546
546 0.511667 0.455000 10554 614 546
547 0.385000 0.455833 10272 462 547
548 0.499167 0.455833 10875 599 547
549 0.219167 0.456667 10577 263 548
550 0.087500 0.457500 5898 105 549
551 0.078333 0.459167 5538 94 551
552 0.030833 0.460000 3241 37 552
553 0.442500 0.465000 11699 531 558
554 0.139167 0.466667 5475 167 560
555 0.085000 0.467500 5347 102 561
556 0.534167 0.467500 9734 641 561
557 0.520833 0.470000 10925 625 564
558 0.330833 0.470833 11525 397 565
559 0.374167 0.471667 12506 449 566
560 0.235000 0.472500 8979 282 567
561 0.339167 0.474167 11161 407 569
562 0.000000 0.475833 2808 0 571
563 0.523333 0.477500 11709 628 573
564 0.456667 0.479167 11223 548 575
565 0.136667 0.480000 5101 164 576
566 0.277500 0.480000 6906 333 576
567 0.244167 0.480833 8976 293 577
568 0.123333 0.482500 5600 148 579
569 0.156667 0.483333 4868 188 580
570 0.209167 0.483333 6292 251 580
571 0.438333 0.485833 8861 526 583
572 0.539167 0.485833 9284 647 583
573 0.463333 0.486667 11181 556 584
574 0.000000 0.490833 2782 0 589
575 0.160833 0.491667 4901 193 590
576 0.390000 0.493333 10695 468 592
577 0.195833 0.495833 5206 235 595
578 0.265000 0.496667 8290 318 596
579 0.539167 0.498333 9101 647 598
580 0.397500 0.500000 11076 477 600
581 0.215833 0.500833 5465 259 601
582 0.472500 0.502500 11745 567 603
583 0.091667 0.504167 4422 110 605
584 0.360833 0.505833 9183 433 607
585 0.539167 0.505833 8405 647 607
586 0.470833 0.507500 11925 565 609
587 0.539167 0.508333 8480 647 610
588 0.279167 0.510000 7588 335 612
589 0.000000 0.510833 2391 0 613
590 0.530833 0.511667 9504 637 614
591 0.460000 0.514167 9419 552 617
592 0.231667 0.515000 4999 278 618
593 0.285000 0.517500 7457 342 621
594 0.306667 0.518333 6594 368 622
595 0.087500 0.520000 4117 105 624
596 0.516667 0.520000 9032 620 624
597 0.532500 0.521667 10111 639 626
598 0.539167 0.521667 10006 647 626
599 0.349167 0.529167 5846 419 635
600 0.023333 0.530000 2755 28 636
601 0.365000 0.534167 6998 438 641
602 0.530000 0.534167 8710 636 641
603 0.385000 0.535833 7427 462 643
604 0.300000 0.537500 5866 360 645
605 0.357500 0.537500 6519 429 645
606 0.374167 0.537500 7076 449 645
607 0.017500 0.538333 2693 21 646
608 0.165000 0.538333 3513 198 646
609 0.370833 0.538333 6981 445 646
610 0.035000 0.539167 2552 42 647
611 0.040833 0.539167 2536 49 647
612 0.111667 0.539167 3907 134 647
613 0.173333 0.539167 3444 208 647
614 0.345833 0.539167 5941 415 647
615 0.391667 0.539167 7080 470 647
616 0.431667 0.539167 5705 518 647
PromSaddles 615
1 0.066667 0.000000 4763 80 0
2 0.070000 0.000000 4760 84 0
3 0.080833 0.000000 4094 97 0
4 0.162500 0.000000 5082 195 0
5 0.320000 0.000000 2808 384 0
6 0.333333 0.000000 3310 400 0
7 0.340833 0.000000 3622 409 0
8 0.351667 0.000000 2434 422 0
9 0.445833 0.000000 3464 535 0
10 0.450000 0.000000 3474 540 0
11 0.225000 0.000833 6466 270 1
12 0.248333 0.000833 5734 298 1
13 0.475000 0.000833 3907 570 1
14 0.158333 0.001667 4914 190 2
15 0.297500 0.001667 4527 357 2
16 0.443333 0.002500 3910 532 3
17 0.167500 0.003333 5157 201 4
18 0.242500 0.003333 5626 291 4
19 0.176667 0.005833 5606 212 7
20 0.494167 0.005833 3323 593 7
21 0.199167 0.006667 5984 239 8
22 0.253333 0.006667 4603 304 8
23 0.109167 0.007500 5154 131 9
24 0.187500 0.008333 6607 225 10
25 0.300833 0.008333 4898 361 10
26 0.170833 0.009167 5311 205 11
27 0.229167 0.009167 6181 275 11
28 0.215000 0.010833 6210 258 13
29 0.194167 0.012500 6899 233 15
30 0.239167 0.012500 6564 287 15
31 0.292500 0.012500 5075 351 15
32 0.462500 0.012500 4261 555 15
33 0.446667 0.014167 3940 536 17
34 0.105833 0.015000 5255 127 18
35 0.230833 0.015000 5980 277 18
36 0.287500 0.015833 4865 345 19
37 0.202500 0.016667 6971 243 20
38 0.452500 0.016667 4130 543 20
39 0.110000 0.017500 5357 132 21
40 0.280833 0.017500 4914 337 21
41 0.090000 0.019167 5767 108 23
42 0.195000 0.021667 5967 234 26
43 0.072500 0.023333 4396 87 28
44 0.174167 0.024167 4573 209 29
45 0.228333 0.024167 6181 274 29
46 0.238333 0.024167 4534 286 29
47 0.273333 0.025833 5252 328 31
48 0.460000 0.025833 4284 552 31
49 0.490833 0.026667 5121 589 32
50 0.116667 0.027500 5485 140 33
51 0.485000 0.031667 5492 582 38
52 0.100833 0.032500 4835 121 39
53 0.118333 0.032500 5337 142 39
54 0.225833 0.033333 5980 271 40
55 0.382500 0.033333 3631 459 40
56 0.457500 0.033333 4570 549 40
57 0.480833 0.033333 5285 577 40
58 0.484167 0.033333 5603 581 40
59 0.487500 0.035000 5374 585 42
60 0.021667 0.035833 5055 26 43
61 0.259167 0.035833 5206 311 43
62 0.463333 0.035833 4435 556 43
63 0.491667 0.035833 4770 590 43
64 0.273333 0.036667 5541 328 44
65 0.470000 0.037500 4750 564 45
66 0.498333 0.039167 4924 598 47
67 0.285833 0.040833 5065 343 49
68 0.490000 0.040833 4504 588 49
69 0.508333 0.040833 3815 610 49
70 0.272500 0.041667 5918 327 50
71 0.361667 0.045000 4678 434 54
72 0.128333 0.045833 5987 154 55
73 0.268333 0.045833 5961 322 55
74 0.125000 0.047500 5882 150 57
75 0.225833 0.047500 5800 271 57
76 0.232500 0.047500 6299 279 57
77 0.455833 0.049167 3799 547 59
78 0.538333 0.049167 1797 646 59
79 0.029167 0.050000 6128 35 60
80 0.263333 0.050833 6496 316 61
81 0.366667 0.052500 4416 440 63
82 0.230833 0.053333 6381 277 64
83 0.538333 0.053333 1794 646 64
84 0.375000 0.055833 4245 450 67
85 0.451667 0.055833 3215 542 67
86 0.219167 0.058333 6715 263 70
87 0.260000 0.058333 7726 312 70
88 0.335000 0.058333 5229 402 70
89 0.132500 0.059167 5600 159 71
90 0.135000 0.059167 5682 162 71
91 0.225833 0.060833 6558 271 73
92 0.229167 0.060833 6601 275 73
93 0.200833 0.062500 6630 241 75
94 0.135000 0.063333 5567 162 76
95 0.212500 0.064167 6069 255 77
96 0.328333 0.065000 5780 394 78
97 0.205833 0.065833 6571 247 79
98 0.254167 0.065833 7896 305 79
99 0.261667 0.065833 7650 314 79
100 0.235833 0.066667 5958 283 80
101 0.037500 0.067500 5751 45 81
102 0.334167 0.069167 5797 401 83
103 0.245833 0.072500 7703 295 87
104 0.035833 0.074167 5370 43 89
105 0.352500 0.075833 4858 423 91
106 0.138333 0.077500 5964 166 93
107 0.241667 0.077500 7575 290 93
108 0.446667 0.077500 3950 536 93
109 0.000000 0.078333 3323 0 94
110 0.333333 0.078333 5337 400 94
111 0.035833 0.080000 5790 43 96
112 0.356667 0.080000 4560 428 96
113 0.139167 0.081667 5997 167 98
114 0.001667 0.084167 3375 2 101
115 0.125000 0.082500 5505 150 99
116 0.241667 0.082500 7529 290 99
117 0.135000 0.084167 5675 162 101
118 0.229167 0.084167 6578 275 101
119 0.330833 0.085000 6289 397 102
120 0.260000 0.086667 5308 312 104
121 0.234167 0.087500 7093 281 105
122 0.140833 0.088333 5682 169 106
123 0.223333 0.088333 6364 268 106
124 0.302500 0.088333 5196 363 106
125 0.329167 0.090000 6187 395 108
126 0.440833 0.090833 3503 529 109
127 0.031667 0.091667 6243 38 110
128 0.044167 0.092500 6981 53 111
129 0.525000 0.092500 4130 630 111
130 0.020000 0.094167 5456 24 113
131 0.325833 0.098333 5918 391 118
132 0.145000 0.099167 6026 174 119
133 0.150833 0.100000 5400 181 120
134 0.292500 0.100833 5971 351 121
135 0.300833 0.100833 6574 361 121
136 0.050000 0.101667 6007 60 122
137 0.310000 0.102500 6607 372 123
138 0.344167 0.104167 4993 413 125
139 0.321667 0.105833 6266 386 127
140 0.514167 0.105833 4192 617 127
141 0.245000 0.106667 6158 294 128
142 0.315000 0.106667 6879 378 128
143 0.061667 0.110000 7201 74 132
144 0.336667 0.111667 5321 404 134
145 0.234167 0.113333 8444 281 136
146 0.420833 0.115833 3864 505 139
147 0.056667 0.116667 6948 68 140
148 0.265833 0.116667 7037 319 140
149 0.235833 0.117500 8546 283 141
150 0.155000 0.119167 6272 186 143
151 0.265000 0.120000 7450 318 144
152 0.154167 0.122500 6302 185 147
153 0.064167 0.122500 7273 77 147
154 0.307500 0.122500 8120 369 147
155 0.498333 0.122500 4383 598 147
156 0.043333 0.124167 6765 52 149
157 0.079167 0.125000 6866 95 150
158 0.252500 0.129167 7490 303 155
159 0.249167 0.130000 7473 299 156
160 0.306667 0.130000 7949 368 156
161 0.050833 0.130833 8464 61 157
162 0.260833 0.130833 9160 313 157
163 0.216667 0.131667 6981 260 158
164 0.228333 0.131667 7962 274 158
165 0.417500 0.133333 4730 501 160
166 0.539167 0.135833 2867 647 163
167 0.261667 0.137500 8868 314 165
168 0.295833 0.137500 7893 355 165
169 0.305833 0.137500 8500 367 165
170 0.419167 0.137500 4806 503 165
171 0.299167 0.138333 8215 359 166
172 0.499167 0.139167 3976 599 167
173 0.156667 0.140833 6272 188 169
174 0.325000 0.140833 6597 390 169
175 0.309167 0.141667 8310 371 170
176 0.215000 0.142500 6223 258 171
177 0.046667 0.143333 9829 56 172
178 0.420000 0.143333 4589 504 172
179 0.522500 0.143333 5334 627 172
180 0.336667 0.144167 6863 404 173
181 0.267500 0.145000 7926 321 174
182 0.309167 0.145833 8156 371 175
183 0.026667 0.149167 7752 32 179
184 0.277500 0.151667 8848 333 182
185 0.312500 0.154167 7440 375 185
186 0.270833 0.155000 8786 325 186
187 0.045833 0.156667 8159 55 188
188 0.324167 0.158333 6351 389 190
189 0.420000 0.160000 4714 504 192
190 0.535000 0.160833 5616 642 193
191 0.441667 0.161667 4603 530 194
192 0.266667 0.162500 9166 320 195
193 0.281667 0.163333 8356 338 196
194 0.166667 0.164167 6453 200 197
195 0.392500 0.164167 4829 471 197
196 0.416667 0.165833 4934 500 199
197 0.518333 0.167500 5006 622 201
198 0.076667 0.168333 6312 92 202
199 0.260833 0.168333 9274 313 202
200 0.232500 0.170000 7155 279 204
201 0.283333 0.170000 8854 340 204
202 0.407500 0.170000 5173 489 204
203 0.238333 0.173333 7559 286 208
204 0.288333 0.173333 8943 346 208
205 0.119167 0.174167 6407 143 209
206 0.254167 0.175000 8428 305 210
207 0.245000 0.175833 8215 294 211
208 0.403333 0.175833 4934 484 211
209 0.066667 0.177500 7391 80 213
210 0.049167 0.178333 9163 59 214
211 0.536667 0.178333 5013 644 214
212 0.133333 0.180833 7132 160 217
213 0.266667 0.181667 8336 320 218
214 0.394167 0.183333 5606 473 220
215 0.168333 0.184167 7080 202 221
216 0.536667 0.185000 5134 644 222
217 0.120000 0.185833 6286 144 223
218 0.075000 0.186667 7545 90 224
219 0.519167 0.187500 4862 623 225
220 0.067500 0.188333 8044 81 226
221 0.173333 0.190000 7568 208 228
222 0.523333 0.190000 5036 628 228
223 0.527500 0.190000 5042 633 228
224 0.000000 0.190833 6597 0 229
225 0.051667 0.191667 9333 62 230
226 0.270000 0.192500 8182 324 231
227 0.185000 0.193333 7440 222 232
228 0.053333 0.194167 9356 64 233
229 0.084167 0.194167 6817 101 233
230 0.176667 0.194167 7552 212 233
231 0.129167 0.195000 6906 155 234
232 0.395000 0.195833 5954 474 235
233 0.000000 0.196667 6948 0 236
234 0.134167 0.196667 7267 161 236
235 0.525833 0.196667 4511 631 236
236 0.448333 0.200833 6860 538 241
237 0.249167 0.201667 8051 299 242
238 0.260833 0.201667 8789 313 242
239 0.156667 0.203333 6840 188 244
240 0.268333 0.203333 9881 322 244
241 0.515833 0.203333 5242 619 244
242 0.460000 0.204167 5328 552 245
243 0.333333 0.205000 6345 400 246
244 0.059167 0.205833 9081 71 247
245 0.170833 0.205833 7746 205 247
246 0.260000 0.205833 8864 312 247
247 0.315000 0.205833 6935 378 247
248 0.130000 0.207500 7673 156 249
249 0.398333 0.207500 5787 478 249
250 0.530000 0.207500 4967 636 249
251 0.442500 0.209167 7388 531 251
252 0.180000 0.210000 7454 216 252
253 0.281667 0.210833 9790 338 253
254 0.344167 0.210833 6932 413 253
255 0.000000 0.212500 7375 0 255
256 0.188333 0.212500 7867 226 255
257 0.120833 0.213333 7483 145 256
258 0.160833 0.213333 8316 193 256
259 0.313333 0.213333 8323 376 256
260 0.535000 0.214167 5705 642 257
261 0.060833 0.217500 10784 73 261
262 0.068333 0.217500 10603 82 261
263 0.195000 0.217500 7644 234 261
264 0.437500 0.217500 7230 525 261
265 0.151667 0.219167 7270 182 263
266 0.000000 0.220000 6069 0 264
267 0.286667 0.220000 10252 344 264
268 0.400833 0.220000 5314 481 264
269 0.070000 0.221667 10242 84 266
270 0.195000 0.221667 7447 234 266
271 0.535000 0.222500 5216 642 267
272 0.335000 0.223333 6528 402 268
273 0.133333 0.225833 7696 160 271
274 0.350000 0.225833 7211 420 271
275 0.539167 0.230000 5764 647 276
276 0.424167 0.231667 7106 509 278
277 0.029167 0.232500 9944 35 279
278 0.324167 0.232500 8008 389 279
279 0.329167 0.232500 8021 395 279
280 0.315000 0.233333 9527 378 280
281 0.335000 0.233333 8198 402 280
282 0.283333 0.234167 12834 340 281
283 0.489167 0.234167 6417 587 281
284 0.225833 0.235000 7847 271 282
285 0.075833 0.235833 11833 91 283
286 0.533333 0.235833 5278 640 283
287 0.275833 0.236667 13149 331 284
288 0.428333 0.238333 7870 514 286
289 0.237500 0.239167 8293 285 287
290 0.295833 0.240000 10580 355 288
291 0.402500 0.240000 5354 483 288
292 0.012500 0.240833 8543 15 289
293 0.074167 0.240833 12057 89 289
294 0.242500 0.240833 8129 291 289
295 0.520833 0.241667 5580 625 290
296 0.471667 0.243333 7211 566 292
297 0.419167 0.244167 7024 503 293
298 0.486667 0.244167 6817 584 293
299 0.511667 0.244167 5488 614 293
300 0.518333 0.244167 5620 622 293
301 0.019167 0.245000 8841 23 294
302 0.250833 0.245000 8343 301 294
303 0.481667 0.245000 6338 578 294
304 0.280000 0.246667 12880 336 296
305 0.435833 0.248333 5754 523 298
306 0.499167 0.249167 6089 599 299
307 0.374167 0.250000 5666 449 300
308 0.473333 0.250000 6768 568 300
309 0.489167 0.250000 7135 587 300
310 0.012500 0.250833 8628 15 301
311 0.490000 0.251667 7109 588 302
312 0.231667 0.255000 9189 278 306
313 0.417500 0.255833 6404 501 307
314 0.234167 0.256667 9146 281 308
315 0.224167 0.257500 8749 269 309
316 0.272500 0.257500 12811 327 309
317 0.056667 0.259167 11916 68 311
318 0.380000 0.259167 6164 456 311
319 0.480000 0.259167 6128 576 311
320 0.245833 0.260833 10492 295 313
321 0.001667 0.263333 7864 2 316
322 0.412500 0.263333 7234 495 316
323 0.083333 0.264167 12670 100 317
324 0.470000 0.265000 6040 564 318
325 0.492500 0.265000 5738 591 318
326 0.475833 0.265833 6335 571 319
327 0.316667 0.266667 10515 380 320
328 0.360000 0.266667 6991 432 320
329 0.416667 0.267500 7322 500 321
330 0.523333 0.267500 5564 628 321
331 0.118333 0.268333 16151 142 322
332 0.421667 0.268333 7221 506 322
333 0.480833 0.268333 6558 577 322
334 0.357500 0.271667 8710 429 326
335 0.126667 0.272500 16587 152 327
336 0.310000 0.274167 10741 372 329
337 0.418333 0.274167 7004 502 329
338 0.502500 0.274167 6988 603 329
339 0.355000 0.275833 8369 426 331
340 0.498333 0.275000 7529 598 330
341 0.152500 0.275833 13356 183 331
342 0.505833 0.276667 8674 607 332
343 0.515833 0.276667 6614 619 332
344 0.000000 0.277500 6925 0 333
345 0.246667 0.278333 7880 296 334
346 0.292500 0.278333 8927 351 334
347 0.511667 0.278333 6676 614 334
348 0.028333 0.279167 8175 34 335
349 0.522500 0.279167 6207 627 335
350 0.530000 0.280833 6125 636 337
351 0.000000 0.281667 6978 0 338
352 0.380000 0.281667 9491 456 338
353 0.492500 0.281667 7857 591 338
354 0.230833 0.282500 7434 277 339
355 0.355000 0.282500 9156 426 339
356 0.407500 0.282500 7194 489 339
357 0.428333 0.282500 6368 514 339
358 0.401667 0.283333 7257 482 340
359 0.472500 0.284167 7080 567 341
360 0.506667 0.284167 6735 608 341
361 0.399167 0.286667 7559 479 344
362 0.473333 0.286667 7201 568 344
363 0.488333 0.287500 9373 586 345
364 0.116667 0.288333 14826 140 346
365 0.280000 0.288333 9694 336 346
366 0.347500 0.288333 8874 417 346
367 0.364167 0.288333 8608 437 346
368 0.390833 0.289167 7280 469 347
369 0.396667 0.289167 7890 476 347
370 0.506667 0.289167 6811 608 347
371 0.111667 0.290000 14832 134 348
372 0.369167 0.290000 8418 443 348
373 0.285000 0.291667 10364 342 350
374 0.384167 0.291667 9816 461 350
375 0.000000 0.292500 6414 0 351
376 0.477500 0.292500 9504 573 351
377 0.513333 0.293333 6932 616 352
378 0.387500 0.294167 9288 465 353
379 0.475000 0.294167 9576 570 353
380 0.175833 0.295000 7913 211 354
381 0.515000 0.295000 6971 618 354
382 0.538333 0.295000 5659 646 354
383 0.252500 0.295833 8359 303 355
384 0.520000 0.296667 6909 624 356
385 0.309167 0.297500 11161 371 357
386 0.333333 0.297500 9268 400 357
387 0.000000 0.298333 6266 0 358
388 0.027500 0.299167 6174 33 359
389 0.470833 0.300000 7358 565 360
390 0.152500 0.300833 11669 183 361
391 0.341667 0.300833 9307 410 361
392 0.000000 0.304167 5990 0 365
393 0.155833 0.306667 11368 187 368
394 0.287500 0.306667 10836 345 368
395 0.474167 0.307500 6975 569 369
396 0.003333 0.310000 6049 4 372
397 0.246667 0.310000 8651 296 372
398 0.275000 0.311667 11755 330 374
399 0.485833 0.313333 7841 583 376
400 0.290000 0.315000 11850 348 378
401 0.291667 0.317500 12273 350 381
402 0.324167 0.320833 9635 389 385
403 0.000833 0.322500 5912 1 387
404 0.163333 0.323333 11076 196 388
405 0.539167 0.323333 5498 647 388
406 0.300000 0.325000 12499 360 390
407 0.374167 0.325000 10239 449 390
408 0.344167 0.326667 10154 413 392
409 0.077500 0.327500 6975 93 393
410 0.365833 0.329167 9947 439 395
411 0.520000 0.329167 7037 624 395
412 0.060000 0.330000 6797 72 396
413 0.496667 0.330000 8074 596 396
414 0.539167 0.330000 6013 647 396
415 0.168333 0.330833 11164 202 397
416 0.000000 0.332500 6017 0 399
417 0.401667 0.332500 7844 482 399
418 0.517500 0.333333 6935 621 400
419 0.069167 0.334167 7260 83 401
420 0.248333 0.335000 9324 298 402
421 0.365833 0.335000 10226 439 402
422 0.539167 0.335833 5889 647 403
423 0.000833 0.336667 6377 1 404
424 0.410833 0.336667 8612 493 404
425 0.503333 0.336667 8113 604 404
426 0.175833 0.338333 11683 211 406
427 0.433333 0.338333 7162 520 406
428 0.010000 0.340000 6768 12 408
429 0.312500 0.340833 14665 375 409
430 0.157500 0.342500 11486 189 411
431 0.361667 0.342500 10741 434 411
432 0.520000 0.342500 7791 624 411
433 0.428333 0.343333 7188 514 412
434 0.525833 0.344167 7788 631 413
435 0.405833 0.345833 9678 487 415
436 0.055000 0.346667 5275 66 416
437 0.345000 0.346667 12529 414 416
438 0.531667 0.346667 7998 638 416
439 0.012500 0.347500 5895 15 417
440 0.088333 0.347500 6860 106 417
441 0.420000 0.347500 7604 504 417
442 0.470000 0.347500 7129 564 417
443 0.263333 0.349167 12332 316 419
444 0.340833 0.349167 12641 409 419
445 0.506667 0.349167 8749 608 419
446 0.210833 0.350833 8635 253 421
447 0.405833 0.350833 8897 487 421
448 0.182500 0.352500 10236 219 423
449 0.534167 0.352500 8221 641 423
450 0.010000 0.355000 6026 12 426
451 0.065833 0.355000 6085 79 426
452 0.505000 0.355000 8661 606 426
453 0.187500 0.356667 10082 225 428
454 0.097500 0.357500 6302 117 429
455 0.415000 0.358333 7775 498 430
456 0.402500 0.359167 8526 483 431
457 0.499167 0.360000 8884 599 432
458 0.290833 0.360833 12001 349 433
459 0.479167 0.362500 8129 575 435
460 0.325833 0.364167 15485 391 437
461 0.492500 0.364167 8362 591 437
462 0.013333 0.365000 5367 16 438
463 0.295833 0.365000 11919 355 438
464 0.485833 0.365000 8152 583 438
465 0.539167 0.365833 9435 647 439
466 0.395833 0.367500 9097 475 441
467 0.326667 0.369167 15570 392 443
468 0.489167 0.369167 8444 587 443
469 0.141667 0.370833 7316 170 445
470 0.180833 0.370833 9311 217 445
471 0.405000 0.374167 9990 486 449
472 0.431667 0.376667 8622 518 452
473 0.405833 0.377500 10029 487 453
474 0.378333 0.379167 11610 454 455
475 0.386667 0.379167 10925 464 455
476 0.338333 0.380000 14324 406 456
477 0.352500 0.380000 13986 423 456
478 0.539167 0.380000 8592 647 456
479 0.000833 0.380833 4704 1 457
480 0.485833 0.380833 8579 583 457
481 0.399167 0.382500 10620 479 459
482 0.362500 0.383333 14327 435 460
483 0.250833 0.384167 12716 301 461
484 0.110833 0.385833 6289 133 463
485 0.255000 0.385833 12959 306 463
486 0.410000 0.386667 9990 492 464
487 0.414167 0.386667 9944 497 464
488 0.000000 0.387500 4337 0 465
489 0.261667 0.387500 13185 314 465
490 0.423333 0.387500 10751 508 465
491 0.490833 0.387500 8435 589 465
492 0.495000 0.390000 8366 594 468
493 0.221667 0.392500 10429 266 471
494 0.500833 0.392500 8330 601 471
495 0.000000 0.393333 4396 0 472
496 0.085000 0.393333 7053 102 472
497 0.478333 0.394167 9937 574 473
498 0.348333 0.395000 14435 418 474
499 0.150833 0.395833 7335 181 475
500 0.245000 0.396667 11282 294 476
501 0.344167 0.396667 15538 413 476
502 0.065000 0.397500 5977 78 477
503 0.192500 0.397500 8812 231 477
504 0.232500 0.399167 10252 279 479
505 0.431667 0.399167 11102 518 479
506 0.372500 0.400000 11791 447 480
507 0.298333 0.402500 18179 358 483
508 0.474167 0.403333 10278 569 484
509 0.055000 0.405000 5652 66 486
510 0.205833 0.405000 8871 247 486
511 0.325833 0.405000 17119 391 486
512 0.146667 0.410000 7808 176 492
513 0.382500 0.410000 11446 459 492
514 0.436667 0.410000 10974 524 492
515 0.076667 0.410833 6046 92 493
516 0.040833 0.411667 5223 49 494
517 0.301667 0.411667 18671 362 494
518 0.209167 0.413333 8704 251 496
519 0.067500 0.415000 5725 81 498
520 0.078333 0.415000 5859 94 498
521 0.295000 0.415000 18441 354 498
522 0.138333 0.415833 6082 166 499
523 0.388333 0.415833 11715 466 499
524 0.451667 0.417500 11053 542 501
525 0.134167 0.421667 6774 161 506
526 0.203333 0.421667 7513 244 506
527 0.062500 0.422500 5675 75 507
528 0.471667 0.422500 11856 566 507
529 0.456667 0.425000 11266 548 510
530 0.481667 0.425000 10967 578 510
531 0.501667 0.425000 10498 602 510
532 0.492500 0.425833 10492 591 511
533 0.128333 0.426667 6404 154 512
534 0.211667 0.429167 8028 254 515
535 0.116667 0.430833 6476 140 517
536 0.043333 0.437500 4107 52 525
537 0.107500 0.440833 5347 129 529
538 0.325833 0.440833 14878 391 529
539 0.483333 0.440833 10577 580 529
540 0.350000 0.444167 10918 420 533
541 0.434167 0.445000 9734 521 534
542 0.487500 0.446667 10403 585 536
543 0.535833 0.449167 8126 643 539
544 0.092500 0.450000 4826 111 540
545 0.029167 0.452500 3133 35 543
546 0.494167 0.452500 10449 593 543
547 0.213333 0.453333 9829 256 544
548 0.504167 0.454167 10049 605 545
549 0.191667 0.458333 7585 230 550
550 0.445000 0.457500 10633 534 549
551 0.381667 0.460000 10098 458 552
552 0.515000 0.460833 9599 618 553
553 0.079167 0.461667 5374 95 554
554 0.085000 0.465833 5039 102 559
555 0.142500 0.465833 5291 171 559
556 0.231667 0.467500 8562 278 561
557 0.360000 0.468333 10702 432 562
558 0.533333 0.468333 9550 640 562
559 0.325833 0.469167 11076 391 563
560 0.521667 0.471667 10813 626 566
561 0.135000 0.472500 5127 162 567
562 0.002500 0.475833 2805 3 571
563 0.336667 0.475000 10915 404 570
564 0.454167 0.475833 10941 545 571
565 0.137500 0.477500 4950 165 573
566 0.241667 0.478333 8484 290 574
567 0.159167 0.481667 4730 191 578
568 0.276667 0.481667 6637 332 578
569 0.459167 0.483333 10505 551 580
570 0.211667 0.484167 6059 254 581
571 0.440000 0.484167 8713 528 581
572 0.537500 0.485833 9179 645 583
573 0.163333 0.487500 4701 196 585
574 0.381667 0.489167 9593 458 587
575 0.000833 0.490000 2778 1 588
576 0.465833 0.491667 10190 559 590
577 0.259167 0.493333 7962 311 592
578 0.539167 0.493333 8720 647 592
579 0.198333 0.494167 5091 238 593
580 0.107500 0.495833 4317 129 595
581 0.215833 0.497500 5301 259 597
582 0.390000 0.497500 10465 468 597
583 0.360000 0.503333 9012 432 604
584 0.272500 0.504167 7191 327 605
585 0.472500 0.504167 11633 567 605
586 0.539167 0.505000 8392 647 606
587 0.539167 0.506667 8402 647 608
588 0.539167 0.509167 8477 647 611
589 0.000000 0.510000 2388 0 612
590 0.233333 0.513333 4822 280 616
591 0.282500 0.513333 6971 339 616
592 0.461667 0.513333 9311 554 616
593 0.531667 0.515000 9110 638 618
594 0.095000 0.515833 3946 114 619
595 0.522500 0.519167 8346 627 623
596 0.302500 0.520000 6351 363 624
597 0.026667 0.522500 2604 32 627
598 0.536667 0.523333 9681 644 628
599 0.378333 0.525833 6555 454 631
600 0.110833 0.528333 3815 133 634
601 0.352500 0.530000 5679 423 636
602 0.042500 0.533333 2506 51 640
603 0.530833 0.532500 8582 637 639
604 0.298333 0.535000 5590 358 642
605 0.376667 0.535833 6771 452 643
606 0.430000 0.539167 5702 516 647
607 0.018333 0.537500 2683 22 645
608 0.165000 0.536667 3471 198 644
609 0.358333 0.536667 6407 430 644
610 0.369167 0.536667 6827 443 644
611 0.389167 0.536667 6991 467 644
612 0.371667 0.537500 6893 446 645
613 0.033333 0.538333 2545 40 646
614 0.174167 0.538333 3441 209 646
615 0.348333 0.538333 5734 418 646
BasinSaddles 0
Runoffs 167
1 0.000000 0.000000 2388 0 0
2 0.001667 0.000000 2398 2 0
3 0.028333 0.000000 2841 34 0
4 0.065833 0.000000 4812 79 0
5 0.068333 0.000000 4780 82 0
6 0.073333 0.000000 4986 88 0
7 0.109167 0.000000 5167 131 0
8 0.133333 0.000000 3195 160 0
9 0.139167 0.000000 3185 167 0
10 0.143333 0.000000 3205 172 0
11 0.153333 0.000000 5045 184 0
12 0.156667 0.000000 4852 188 0
13 0.161667 0.000000 5098 194 0
14 0.164167 0.000000 5131 197 0
15 0.170000 0.000000 5003 204 0
16 0.175833 0.000000 5282 211 0
17 0.186667 0.000000 5603 224 0
18 0.197500 0.000000 6738 237 0
19 0.219167 0.000000 5882 263 0
20 0.225000 0.000000 6486 270 0
21 0.235000 0.000000 5439 282 0
22 0.248333 0.000000 5807 298 0
23 0.256667 0.000000 4435 308 0
24 0.270833 0.000000 2329 325 0
25 0.273333 0.000000 2316 328 0
26 0.285000 0.000000 3487 342 0
27 0.297500 0.000000 4596 357 0
28 0.309167 0.000000 3510 371 0
29 0.328333 0.000000 3638 394 0
30 0.339167 0.000000 3638 407 0
31 0.341667 0.000000 3651 410 0
32 0.353333 0.000000 2539 424 0
33 0.391667 0.000000 1912 470 0
34 0.411667 0.000000 1213 494 0
35 0.442500 0.000000 4097 531 0
36 0.448333 0.000000 3553 538 0
37 0.451667 0.000000 3507 542 0
38 0.476667 0.000000 4058 572 0
39 0.495000 0.000000 3270 594 0
40 0.523333 0.000000 2122 628 0
41 0.539167 0.000000 1279 647 0
42 0.539167 0.003333 1423 647 4
43 0.539167 0.021667 1502 647 26
44 0.539167 0.048333 1801 647 58
45 0.539167 0.053333 1797 647 64
46 0.539167 0.058333 1817 647 70
47 0.539167 0.084167 4566 647 101
48 0.539167 0.088333 4816 647 106
49 0.539167 0.123333 3792 647 148
50 0.539167 0.157500 5580 647 189
51 0.539167 0.172500 4826 647 207
52 0.539167 0.182500 5331 647 219
53 0.539167 0.192500 5475 647 231
54 0.539167 0.211667 5203 647 254
55 0.539167 0.228333 5928 647 274
56 0.539167 0.234167 6345 647 281
57 0.539167 0.249167 4366 647 299
58 0.539167 0.250833 4370 647 301
59 0.539167 0.267500 4603 647 321
60 0.539167 0.280833 5462 647 337
61 0.539167 0.295833 5688 647 355
62 0.539167 0.320833 5666 647 385
63 0.539167 0.328333 6194 647 394
64 0.539167 0.330833 6066 647 397
65 0.539167 0.347500 8490 647 417
66 0.539167 0.364167 9691 647 437
67 0.539167 0.368333 9557 647 442
68 0.539167 0.371667 9671 647 446
69 0.539167 0.376667 8999 647 452
70 0.539167 0.381667 8717 647 458
71 0.539167 0.420833 5492 647 505
72 0.539167 0.445833 8559 647 535
73 0.539167 0.459167 8146 647 551
74 0.539167 0.467500 8330 647 561
75 0.539167 0.485833 9284 647 583
76 0.539167 0.498333 9101 647 598
77 0.539167 0.505833 8405 647 607
78 0.539167 0.508333 8480 647 610
79 0.539167 0.521667 10006 647 626
80 0.539167 0.539167 5728 647 647
81 0.000000 0.053333 2982 0 64
82 0.000000 0.075000 3405 0 90
83 0.000000 0.081667 3379 0 98
84 0.000000 0.170000 4504 0 204
85 0.000000 0.187500 7230 0 225
86 0.000000 0.194167 7060 0 233
87 0.000000 0.208333 8540 0 250
88 0.000000 0.213333 7431 0 256
89 0.000000 0.244167 8861 0 293
90 0.000000 0.267500 8129 0 321
91 0.000000 0.280000 7001 0 336
92 0.000000 0.284167 7057 0 341
93 0.000000 0.295000 6456 0 354
94 0.000000 0.300833 6348 0 361
95 0.000000 0.305833 6056 0 367
96 0.000000 0.312500 5711 0 375
97 0.000000 0.317500 5964 0 381
98 0.000000 0.329167 6309 0 395
99 0.000000 0.336667 6387 0 404
100 0.000000 0.354167 4730 0 425
101 0.000000 0.358333 5016 0 430
102 0.000000 0.363333 4625 0 436
103 0.000000 0.382500 4711 0 459
104 0.000000 0.391667 4543 0 470
105 0.000000 0.394167 4409 0 473
106 0.000000 0.442500 3005 0 531
107 0.000000 0.452500 2946 0 543
108 0.000000 0.472500 2811 0 567
109 0.000000 0.475833 2808 0 571
110 0.000000 0.490833 2782 0 589
111 0.000000 0.497500 2660 0 597
112 0.000000 0.510833 2391 0 613
113 0.000000 0.522500 2296 0 627
114 0.000000 0.533333 2395 0 640
115 0.000000 0.539167 2352 0 647
116 0.009167 0.539167 2542 11 647
117 0.017500 0.539167 2687 21 647
118 0.020000 0.539167 2693 24 647
119 0.035000 0.539167 2552 42 647
120 0.040833 0.539167 2536 49 647
121 0.050000 0.539167 2493 60 647
122 0.055000 0.539167 2496 66 647
123 0.066667 0.539167 2808 80 647
124 0.077500 0.539167 3382 93 647
125 0.086667 0.539167 3556 104 647
126 0.090833 0.539167 3749 109 647
127 0.093333 0.539167 3736 112 647
128 0.111667 0.539167 3907 134 647
129 0.135833 0.539167 2926 163 647
130 0.140000 0.539167 2913 168 647
131 0.144167 0.539167 3024 173 647
132 0.165000 0.539167 3513 198 647
133 0.173333 0.539167 3444 208 647
134 0.185833 0.539167 3717 223 647
135 0.194167 0.539167 3520 233 647
136 0.203333 0.539167 3989 244 647
137 0.215833 0.539167 3435 259 647
138 0.225833 0.539167 3559 271 647
139 0.230000 0.539167 3507 276 647
140 0.257500 0.539167 4333 309 647
141 0.270833 0.539167 4904 325 647
142 0.285000 0.539167 4681 342 647
143 0.290000 0.539167 5039 348 647
144 0.292500 0.539167 4950 351 647
145 0.300000 0.539167 5764 360 647
146 0.304167 0.539167 5400 365 647
147 0.320833 0.539167 3690 385 647
148 0.345833 0.539167 5941 415 647
149 0.351667 0.539167 5941 422 647
150 0.357500 0.539167 6312 429 647
151 0.370833 0.539167 6922 445 647
152 0.374167 0.539167 6630 449 647
153 0.383333 0.539167 6633 460 647
154 0.391667 0.539167 7080 470 647
155 0.401667 0.539167 6007 482 647
156 0.403333 0.539167 6010 484 647
157 0.431667 0.539167 5705 518 647
158 0.442500 0.539167 5672 531 647
159 0.454167 0.539167 5577 545 647
160 0.459167 0.539167 5574 551 647
161 0.474167 0.539167 5908 569 647
162 0.477500 0.539167 5931 573 647
163 0.480833 0.539167 5944 577 647
164 0.496667 0.539167 5465 596 647
165 0.510000 0.539167 5393 612 647
166 0.518333 0.539167 6699 622 647
167 0.528333 0.539167 7874 634 647
Edges 615
1 2 1
2 3 2
3 20 3
4 36 21
5 23 11
6 19 12
7 28 15
8 29 5
9 8 6
10 9 7
11 10 8
12 27 16
13 12 9
14 13 10
15 26 13
16 17 14
17 18 4
18 22 17
19 30 18
20 35 23
21 48 20
22 32 19
23 33 27
24 19 22
25 36 29
26 39 32
27 40 33
28 34 31
29 28 25
30 33 30
31 22 26
32 25 24
33 42 35
34 37 36
35 45 39
36 41 37
37 47 40
38 35 34
39 55 48
40 39 38
41 23 28
42 50 45
43 38 41
44 43 43
45 51 50
46 42 46
47 61 47
48 53 49
49 32 44
50 69 54
51 74 53
52 25 42
53 58 51
54 78 60
55 64 56
56 75 55
57 62 57
58 62 58
59 79 61
60 51 52
61 73 64
62 65 65
63 58 59
64 84 77
65 64 62
66 73 67
67 63 63
68 67 66
69 81 75
70 68 69
71 79 73
72 67 68
73 71 70
74 82 74
75 83 71
76 74 72
77 81 76
78 86 79
79 88 80
80 273 78
81 94 82
82 91 89
83 101 88
84 109 85
85 273 83
86 103 101
87 75 81
88 98 87
89 91 90
90 92 86
91 104 94
92 93 91
93 94 92
94 107 100
95 87 84
96 97 93
97 102 97
98 105 98
99 101 96
100 98 99
101 106 102
102 90 95
103 111 104
104 113 106
105 107 103
106 116 110
107 112 107
108 115 109
109 114 108
110 106 105
111 129 111
112 123 116
113 121 113
114 143 126
115 188 114
116 126 119
117 110 112
118 119 115
119 121 117
120 125 118
121 135 122
122 138 124
123 152 141
124 123 120
125 123 121
126 132 125
127 134 129
128 120 123
129 131 128
130 129 127
131 146 136
132 142 131
133 130 130
134 151 140
135 145 132
136 145 133
137 139 134
138 141 137
139 138 135
140 147 138
141 156 142
142 141 139
143 161 146
144 146 143
145 155 150
146 162 147
147 142 144
148 152 145
149 153 148
150 176 156
151 160 155
152 158 149
153 165 151
154 162 153
155 167 152
156 159 154
157 193 166
158 163 159
159 171 160
160 187 172
161 170 165
162 176 161
163 165 158
164 154 157
165 169 162
166 168 163
167 184 173
168 158 164
169 178 167
170 175 170
171 172 171
172 183 168
173 187 179
174 171 169
175 189 178
176 180 177
177 179 174
178 185 181
179 174 175
180 212 187
181 168 176
182 177 180
183 185 184
184 216 194
185 194 186
186 179 182
187 201 197
188 176 183
189 196 189
190 191 188
191 186 185
192 214 195
193 201 190
194 198 192
195 196 191
196 200 196
197 204 200
198 208 199
199 207 198
200 206 202
201 217 211
202 215 205
203 185 193
204 211 203
205 203 201
206 214 208
207 218 209
208 224 213
209 208 206
210 205 204
211 209 207
212 225 210
213 220 212
214 230 214
215 220 217
216 223 215
217 227 216
218 237 220
219 226 219
220 243 231
221 233 224
222 218 218
223 231 221
224 248 226
225 232 225
226 228 222
227 228 223
228 245 235
229 244 227
230 238 232
231 244 230
232 237 228
233 251 233
234 222 229
235 243 234
236 250 236
237 267 244
238 256 249
239 245 241
240 242 237
241 255 239
242 248 238
243 268 248
244 255 245
245 257 250
246 260 247
247 263 243
248 253 240
249 236 242
250 264 251
251 261 255
252 248 246
253 266 253
254 263 254
255 265 258
256 276 268
257 269 260
258 268 257
259 262 256
260 281 259
261 308 266
262 244 252
263 284 272
264 273 264
265 330 265
266 280 267
267 271 262
268 330 273
269 277 271
270 259 263
271 283 269
272 267 261
273 288 276
274 270 270
275 287 274
276 321 291
277 285 275
278 319 277
279 296 283
280 295 282
281 294 280
282 281 278
283 291 285
284 282 279
285 289 286
286 292 284
287 284 281
288 301 288
289 302 295
290 295 287
291 320 293
292 297 289
293 304 292
294 295 290
295 310 304
296 307 298
297 299 294
298 305 296
299 290 302
300 318 307
301 312 297
302 303 300
303 309 299
304 319 301
305 314 308
306 301 305
307 298 303
308 304 310
309 313 306
310 334 316
311 307 309
312 327 313
313 311 311
314 328 319
315 316 312
316 322 314
317 315 315
318 347 318
319 320 317
320 340 323
321 331 322
322 334 320
323 338 327
324 328 325
325 337 328
326 332 324
327 335 332
328 361 333
329 308 321
330 354 335
331 335 329
332 328 326
333 339 330
334 375 365
335 360 337
336 355 339
337 336 334
338 342 336
339 346 343
340 330 331
341 354 341
342 334 346
343 352 340
344 343 338
345 344 342
346 345 347
347 373 352
348 339 349
349 348 350
350 329 344
351 334 345
352 361 353
353 319 348
354 392 390
355 366 355
356 351 354
357 371 359
358 362 358
359 350 351
360 358 356
361 371 363
362 370 361
363 345 360
364 327 357
365 366 366
366 391 391
367 383 368
368 371 362
369 366 367
370 383 369
371 380 376
372 354 364
373 369 372
374 372 371
375 390 373
376 401 380
377 363 370
378 397 383
379 373 374
380 384 379
381 359 375
382 377 377
383 379 378
384 393 389
385 382 381
386 387 382
387 385 384
388 390 385
389 381 387
390 398 394
391 388 386
392 401 393
393 407 395
394 319 388
395 397 397
396 389 392
397 398 398
398 403 400
399 407 399
400 427 402
401 411 404
402 396 396
403 404 401
404 427 406
405 414 405
406 419 410
407 420 413
408 436 408
409 406 407
410 417 411
411 429 415
412 451 448
413 431 417
414 418 414
415 402 403
416 421 412
417 439 418
418 445 422
419 430 421
420 439 425
421 428 419
422 431 424
423 446 420
424 432 427
425 415 416
426 425 423
427 454 429
428 340 409
429 412 426
430 436 431
431 442 435
432 444 433
433 426 428
434 439 432
435 429 430
436 447 437
437 471 446
438 458 442
439 449 445
440 428 436
441 434 434
442 452 447
443 460 458
444 431 441
445 441 438
446 443 443
447 454 444
448 428 440
449 455 452
450 433 439
451 471 453
452 469 456
453 450 450
454 464 460
455 459 457
456 452 455
457 428 451
458 461 459
459 465 461
460 491 463
461 465 464
462 445 449
463 469 466
464 491 467
465 473 468
466 453 462
467 471 470
468 462 465
469 472 471
470 492 472
471 505 493
472 483 473
473 495 480
474 448 454
475 478 477
476 484 474
477 476 475
478 491 476
479 435 469
480 468 478
481 466 479
482 485 483
483 477 481
484 475 482
485 486 485
486 491 489
487 483 486
488 487 487
489 495 491
490 474 484
491 510 507
492 488 490
493 489 492
494 481 488
495 503 497
496 494 495
497 493 494
498 508 501
499 498 498
500 501 502
501 474 496
502 486 500
503 527 508
504 471 503
505 502 504
506 484 506
507 492 505
508 491 511
509 471 510
510 522 517
511 479 499
512 500 509
513 511 512
514 501 515
515 506 513
516 512 516
517 507 514
518 514 519
519 514 520
520 509 518
521 510 521
522 537 538
523 515 523
524 517 524
525 513 522
526 520 526
527 535 528
528 525 525
529 533 532
530 529 531
531 518 527
532 528 533
533 527 530
534 532 535
535 524 529
536 531 536
537 558 559
538 533 539
539 534 537
540 535 541
541 557 543
542 520 534
543 538 542
544 508 540
545 542 549
546 548 548
547 559 551
548 543 546
549 542 547
550 539 544
551 550 553
552 536 545
553 535 550
554 545 555
555 550 554
556 563 558
557 546 552
558 561 563
559 544 557
560 549 556
561 584 583
562 552 562
563 557 560
564 553 564
565 554 565
566 578 568
567 560 566
568 554 561
569 545 567
570 549 570
571 553 571
572 563 572
573 564 569
574 552 575
575 545 573
576 559 574
577 570 579
578 567 577
579 572 578
580 576 582
581 567 581
582 573 576
583 568 580
584 603 599
585 579 586
586 582 585
587 585 587
588 578 584
589 574 589
590 597 593
591 586 592
592 567 590
593 588 591
594 593 596
595 583 594
596 597 595
597 598 598
598 587 588
599 601 601
600 551 597
601 609 610
602 597 603
603 615 611
604 593 604
605 601 609
606 603 605
607 600 607
608 577 608
609 606 612
610 600 613
611 551 602
612 583 600
613 577 614
614 605 615
616 580 606
RunoffEdges 167
78 0
78 1
78 2
1 3
2 4
3 5
20 6
145 7
145 8
145 9
16 10
16 11
17 12
18 13
22 14
22 15
25 16
4 17
23 18
5 19
30 20
6 21
6 22
6 23
24 24
28 25
7 26
29 27
8 28
9 29
10 30
11 31
75 32
191 33
12 34
13 35
14 36
15 37
21 38
68 39
68 40
68 41
68 42
80 43
85 44
273 45
127 46
127 47
157 48
193 49
201 50
217 51
227 52
257 53
277 54
285 55
289 56
289 57
349 58
349 59
386 60
405 61
414 62
418 63
445 64
462 65
468 66
468 67
468 68
480 69
530 70
541 71
556 72
556 73
572 74
579 75
585 76
587 77
598 78
597 79
130 80
108 81
115 82
188 83
221 84
233 85
251 86
261 87
308 88
329 89
350 90
359 91
381 92
389 93
396 94
402 95
402 96
415 97
425 98
453 99
453 100
453 101
481 102
494 103
496 104
516 105
516 106
516 107
562 108
574 109
574 110
589 111
600 112
600 113
607 114
607 115
607 116
600 117
610 118
611 119
551 120
551 121
595 122
595 123
595 124
595 125
595 126
612 127
554 128
575 129
575 130
608 131
613 132
577 133
577 134
549 135
549 136
592 137
567 138
593 139
593 140
593 141
593 142
593 143
604 144
604 145
521 146
614 147
605 148
605 149
609 150
606 151
603 152
615 153
584 154
584 155
616 156
547 157
586 158
586 159
586 160
586 161
586 162
596 163
602 164
602 165
602 166
