Peaks 818
1 0.141984 0.000000 2309 511 0
2 0.153932 0.000000 2411 554 0
3 0.160044 0.000000 2732 576 0
4 0.163657 0.000000 2785 589 0
5 0.165046 0.000000 2808 594 0
6 0.170881 0.000000 3120 615 0
7 0.175049 0.000000 3464 630 0
8 0.179216 0.000000 3572 645 0
9 0.182551 0.000000 3651 657 0
10 0.229508 0.000000 7916 826 0
11 0.233398 0.000000 7618 840 0
12 0.237844 0.000000 7388 856 0
13 0.243957 0.000000 7401 878 0
14 0.246735 0.000000 7319 888 0
15 0.259794 0.000000 9219 935 0
16 0.276466 0.000000 6151 995 0
17 0.287024 0.000000 4366 1033 0
18 0.390386 0.000000 7726 1405 0
19 0.399000 0.000000 9038 1436 0
20 0.402334 0.000000 9248 1448 0
21 0.446791 0.000000 5967 1608 0
22 0.456238 0.000000 7477 1642 0
23 0.457627 0.000000 7545 1647 0
24 0.465129 0.000000 7860 1674 0
25 0.482634 0.000000 9904 1737 0
26 0.498194 0.000000 7293 1793 0
27 0.529869 0.000000 9852 1907 0
28 0.539594 0.000000 8858 1942 0
29 0.058350 0.000278 7385 210 1
30 0.421506 0.000278 11640 1517 1
31 0.422895 0.000834 11735 1522 3
32 0.358155 0.001945 9832 1289 7
33 0.230064 0.003612 8015 828 13
34 0.539872 0.004446 8917 1943 16
35 0.539872 0.006391 8720 1943 23
36 0.059739 0.007224 7608 215 26
37 0.308697 0.007224 8654 1111 26
38 0.422062 0.008614 10413 1519 31
39 0.232565 0.009447 7903 837 34
40 0.480133 0.009725 11066 1728 35
41 0.539872 0.010003 9094 1943 36
42 0.421228 0.010836 10656 1516 39
43 0.074465 0.012781 7575 268 46
44 0.410947 0.012781 10403 1479 46
45 0.233954 0.013059 8126 842 47
46 0.359544 0.014171 10518 1294 51
47 0.337316 0.016671 9960 1214 60
48 0.355376 0.016949 10659 1279 61
49 0.329814 0.017227 9655 1187 62
50 0.321756 0.017783 9573 1158 64
51 0.235621 0.019172 8090 848 69
52 0.350653 0.020561 10708 1262 74
53 0.065296 0.022228 8011 235 80
54 0.101695 0.022228 7791 366 80
55 0.539872 0.023340 11515 1943 84
56 0.430397 0.023618 10374 1549 85
57 0.480689 0.024729 11217 1730 89
58 0.431509 0.025285 10127 1553 91
59 0.057794 0.027785 7483 208 100
60 0.433176 0.030286 9954 1559 109
61 0.016116 0.030842 7532 58 111
62 0.095582 0.031675 8408 344 114
63 0.489858 0.032231 9612 1763 116
64 0.435399 0.032787 9622 1567 118
65 0.539872 0.033620 11935 1943 121
66 0.090303 0.035010 8015 325 126
67 0.071964 0.035843 7933 259 129
68 0.084468 0.038622 8569 304 139
69 0.438733 0.040289 10528 1579 145
70 0.484857 0.040289 11118 1745 145
71 0.013893 0.040845 7975 50 147
72 0.527924 0.043623 10833 1900 157
73 0.019450 0.044457 8172 70 160
74 0.118088 0.046124 7703 425 166
75 0.436232 0.046124 10144 1570 166
76 0.026396 0.047235 8225 95 170
77 0.371770 0.048902 9675 1338 176
78 0.529036 0.048902 11322 1904 176
79 0.435121 0.051403 10436 1566 185
80 0.033065 0.051681 8077 119 186
81 0.332870 0.051959 8448 1198 187
82 0.352876 0.052237 10492 1270 188
83 0.483190 0.052237 10675 1739 188
84 0.035843 0.052792 7956 129 190
85 0.110864 0.052792 8484 399 190
86 0.438455 0.055849 10433 1578 201
87 0.058627 0.056960 7693 211 205
88 0.127813 0.058905 7985 460 212
89 0.314810 0.058905 6961 1133 212
90 0.295916 0.060572 8270 1065 218
91 0.524034 0.061684 10321 1886 222
92 0.437344 0.062517 10692 1574 225
93 0.120589 0.063073 8458 434 227
94 0.390108 0.066685 9504 1404 240
95 0.361489 0.066963 11118 1301 241
96 0.438455 0.067241 10777 1578 242
97 0.116699 0.067519 8923 420 243
98 0.286746 0.067519 7795 1032 243
99 0.374548 0.068074 11361 1348 245
100 0.099750 0.068630 8277 359 247
101 0.041123 0.068908 8782 148 248
102 0.297305 0.069742 8372 1070 251
103 0.032231 0.072242 8123 116 260
104 0.432620 0.073354 10249 1557 264
105 0.097249 0.073632 8113 350 265
106 0.520700 0.074187 9094 1874 267
107 0.120867 0.075299 8769 435 271
108 0.380939 0.076966 11181 1371 277
109 0.331481 0.078077 7952 1193 281
110 0.295360 0.078355 8733 1063 282
111 0.103640 0.078911 7713 373 284
112 0.365657 0.079189 10846 1316 285
113 0.445124 0.080022 10321 1602 288
114 0.123645 0.080300 8228 445 289
115 0.146985 0.080300 9750 529 289
116 0.315365 0.080578 9068 1135 290
117 0.133926 0.081412 8986 482 293
118 0.170603 0.081689 7844 614 294
119 0.121145 0.081967 7988 436 295
120 0.034732 0.083079 7713 125 299
121 0.380383 0.083079 11223 1369 299
122 0.145596 0.083356 9514 524 300
123 0.166713 0.084190 8251 600 303
124 0.267296 0.084190 7644 962 303
125 0.519033 0.084190 7477 1868 303
126 0.163101 0.085024 8274 587 306
127 0.322590 0.085579 9534 1161 308
128 0.345096 0.085857 10262 1242 309
129 0.153098 0.086413 9468 551 311
130 0.137260 0.087246 9386 494 314
131 0.151987 0.087246 9379 547 314
132 0.450403 0.087524 9642 1621 315
133 0.146985 0.088636 9668 529 319
134 0.404835 0.088914 7903 1457 320
135 0.305085 0.089469 9156 1098 322
136 0.378161 0.090303 10846 1361 325
137 0.343429 0.091414 10331 1236 329
138 0.539872 0.092804 5026 1943 334
139 0.130036 0.093915 9294 468 338
140 0.192276 0.096694 8454 692 348
141 0.008891 0.097805 7375 32 352
142 0.539872 0.097805 6453 1943 352
143 0.019450 0.098361 7860 70 354
144 0.304807 0.098361 9593 1097 354
145 0.186163 0.098916 8608 670 356
146 0.377883 0.098916 10465 1360 356
147 0.152542 0.099194 8848 549 357
148 0.327035 0.099194 7998 1177 357
149 0.313143 0.099472 9225 1127 358
150 0.239789 0.100306 8497 863 361
151 0.295916 0.100861 9438 1065 363
152 0.134204 0.103362 9465 483 372
153 0.380939 0.103640 10623 1371 373
154 0.082801 0.103918 6896 298 374
155 0.160044 0.103918 8566 576 374
156 0.539872 0.104473 5938 1943 376
157 0.016116 0.104751 8031 58 377
158 0.539872 0.106141 5984 1943 382
159 0.539872 0.106974 5964 1943 385
160 0.171992 0.107530 9412 619 387
161 0.298972 0.107808 9183 1076 388
162 0.152820 0.108363 7431 550 390
163 0.383718 0.108919 10748 1381 392
164 0.370936 0.109753 9842 1335 395
165 0.539872 0.110586 5672 1943 398
166 0.255627 0.110864 9258 920 399
167 0.366491 0.110864 9534 1319 399
168 0.085579 0.112531 6879 308 405
169 0.013893 0.112809 7775 50 406
170 0.343429 0.112809 7191 1236 406
171 0.511253 0.113365 5141 1840 408
172 0.237288 0.113921 7240 854 410
173 0.377883 0.114754 10226 1360 413
174 0.252570 0.115588 9399 909 416
175 0.539872 0.115866 5816 1943 417
176 0.149208 0.116977 8008 537 421
177 0.158655 0.117533 7116 571 423
178 0.295916 0.118088 8638 1065 425
179 0.005001 0.118644 7503 18 427
180 0.253682 0.120033 9419 913 432
181 0.000000 0.121423 7178 0 437
182 0.014726 0.121423 8018 53 437
183 0.263684 0.122812 9566 949 442
184 0.302028 0.122812 8133 1087 442
185 0.399000 0.122812 9550 1436 442
186 0.372326 0.123923 9904 1340 446
187 0.020839 0.124201 7595 75 447
188 0.023896 0.124201 7673 86 447
189 0.401223 0.124757 9265 1444 449
190 0.404279 0.125035 9704 1455 450
191 0.409003 0.126146 9698 1472 454
192 0.360378 0.126702 9944 1297 456
193 0.424562 0.126702 8454 1528 456
194 0.256738 0.127535 9678 924 459
195 0.421784 0.127535 8293 1518 459
196 0.305640 0.128925 8428 1100 464
197 0.102251 0.130036 5620 368 468
198 0.244790 0.130036 9173 881 468
199 0.029175 0.131425 7053 105 473
200 0.128091 0.131425 6397 461 473
201 0.197555 0.131425 8635 711 473
202 0.083912 0.132259 6017 302 476
203 0.148375 0.134204 6656 534 483
204 0.413726 0.134204 8543 1489 483
205 0.213670 0.135593 9406 769 488
206 0.253682 0.136705 9799 913 492
207 0.356210 0.136705 9852 1282 492
208 0.265629 0.138372 8645 956 498
209 0.245902 0.139205 9885 885 501
210 0.355932 0.140595 9849 1281 506
211 0.133648 0.141984 7683 481 511
212 0.243401 0.142262 9898 876 512
213 0.213948 0.142817 9475 770 514
214 0.300639 0.142817 6781 1082 514
215 0.115032 0.143095 6118 414 515
216 0.370936 0.145874 9051 1335 525
217 0.264518 0.146707 8769 952 528
218 0.520144 0.148097 2552 1872 533
219 0.239789 0.148375 10026 863 534
220 0.479578 0.149208 4153 1726 537
221 0.160600 0.149486 8274 578 538
222 0.180606 0.150875 8143 650 543
223 0.127813 0.151987 5561 460 547
224 0.528480 0.151987 2870 1902 547
225 0.149208 0.152820 8116 537 550
226 0.214504 0.153654 8658 772 553
227 0.371770 0.154210 9238 1338 555
228 0.280078 0.155599 8910 1008 560
229 0.214504 0.156710 8776 772 564
230 0.179772 0.158377 8336 647 570
231 0.372326 0.160044 8809 1340 576
232 0.332037 0.160600 5649 1195 578
233 0.354821 0.161989 8090 1277 583
234 0.230620 0.162267 10141 830 584
235 0.184496 0.162545 7959 664 585
236 0.218394 0.163101 8887 786 587
237 0.455682 0.163657 6459 1640 589
238 0.059183 0.164490 3211 213 592
239 0.271742 0.166157 10075 978 598
240 0.172270 0.167269 8871 620 602
241 0.244790 0.167547 9448 881 603
242 0.096416 0.168658 7641 347 607
243 0.373437 0.168658 8133 1344 607
244 0.263684 0.170603 10019 949 614
245 0.234510 0.170881 10190 844 615
246 0.098083 0.171437 7578 353 617
247 0.298416 0.171714 9094 1074 618
248 0.256738 0.171992 9465 924 619
249 0.118088 0.172270 8077 425 620
250 0.173104 0.172826 9012 623 622
251 0.100306 0.173937 7601 361 626
252 0.313143 0.175049 9422 1127 630
253 0.442901 0.175049 7398 1594 630
254 0.136427 0.180050 7595 491 648
255 0.243123 0.181161 9028 875 652
256 0.464018 0.181439 8582 1670 653
257 0.154487 0.181717 8763 556 654
258 0.247013 0.183106 9160 889 659
259 0.019450 0.184218 6354 70 663
260 0.307308 0.185051 9481 1106 666
261 0.184218 0.185329 9399 663 667
262 0.516532 0.185607 7536 1859 668
263 0.293693 0.185885 10387 1057 669
264 0.364268 0.185885 6607 1311 669
265 0.507641 0.189219 7667 1827 681
266 0.292859 0.190331 10603 1054 685
267 0.254793 0.191164 8996 917 688
268 0.467908 0.191720 8786 1684 690
269 0.145596 0.192276 8330 524 692
270 0.055571 0.193943 6105 200 698
271 0.260072 0.193943 9258 936 698
272 0.477633 0.194498 9041 1719 700
273 0.318422 0.196443 9333 1146 707
274 0.058350 0.196999 5830 210 709
275 0.112253 0.196999 6299 404 709
276 0.280078 0.197833 9166 1008 712
277 0.239789 0.198111 8740 863 713
278 0.301195 0.198111 9488 1084 713
279 0.477633 0.198944 9163 1719 716
280 0.060572 0.199222 5967 218 717
281 0.238400 0.199222 8838 858 717
282 0.290914 0.199500 9665 1047 718
283 0.532092 0.199500 8343 1915 718
284 0.174215 0.200611 7716 627 722
285 0.193387 0.200889 10413 696 723
286 0.316199 0.201167 9074 1138 724
287 0.325368 0.202001 8940 1171 727
288 0.319811 0.203668 8710 1151 733
289 0.478466 0.204223 9596 1722 735
290 0.000000 0.204779 2421 0 737
291 0.530425 0.204779 8503 1909 737
292 0.000000 0.206168 2437 0 742
293 0.048347 0.207002 6171 174 745
294 0.204501 0.207002 9875 736 745
295 0.203390 0.207558 10006 732 747
296 0.000000 0.208113 2529 0 749
297 0.148375 0.208113 7749 534 749
298 0.307863 0.208391 9104 1108 750
299 0.484301 0.208947 9232 1743 752
300 0.239789 0.210892 9691 863 759
301 0.438455 0.211725 8579 1578 762
302 0.485690 0.212559 9186 1748 765
303 0.499583 0.212559 9970 1798 765
304 0.520700 0.212559 8943 1874 765
305 0.512642 0.213670 9209 1845 769
306 0.497916 0.215060 9596 1792 774
307 0.226174 0.215615 12434 814 776
308 0.441512 0.216171 8559 1589 778
309 0.495971 0.216171 9698 1785 778
310 0.477355 0.217560 9012 1718 783
311 0.000000 0.218116 3661 0 785
312 0.079189 0.218950 6732 285 788
313 0.000000 0.219505 3615 0 790
314 0.000000 0.222284 3405 0 800
315 0.033343 0.222840 5249 120 802
316 0.060850 0.223673 5862 219 805
317 0.226730 0.223673 12030 816 805
318 0.453181 0.223951 8408 1631 806
319 0.000000 0.225340 3264 0 811
320 0.000000 0.226452 3270 0 815
321 0.474854 0.226730 9048 1709 816
322 0.439844 0.227285 9183 1583 818
323 0.371492 0.227841 9035 1337 820
324 0.000000 0.228675 3228 0 823
325 0.247569 0.228952 11187 891 824
326 0.000000 0.230342 3202 0 829
327 0.085579 0.230620 6755 308 830
328 0.317033 0.230897 6676 1141 831
329 0.509030 0.231731 8585 1832 834
330 0.235065 0.232009 12795 846 835
331 0.245346 0.232009 11469 883 835
332 0.483468 0.232842 8697 1740 838
333 0.380383 0.233398 9583 1369 840
334 0.442623 0.233676 9258 1593 841
335 0.377327 0.234510 9576 1358 844
336 0.232287 0.235343 12644 836 847
337 0.328425 0.237010 7631 1182 853
338 0.110031 0.237288 7463 396 854
339 0.126702 0.237844 8106 456 856
340 0.394276 0.237844 9488 1419 856
341 0.272020 0.238400 10846 979 858
342 0.459572 0.238955 9150 1654 860
343 0.084746 0.239233 6666 305 861
344 0.454293 0.239233 9143 1635 861
345 0.073354 0.239789 6489 264 863
346 0.451792 0.239789 9045 1626 863
347 0.210058 0.240067 11164 756 864
348 0.271464 0.240622 10895 977 866
349 0.292859 0.241456 9527 1054 869
350 0.464574 0.241456 8631 1672 869
351 0.390942 0.242567 10059 1407 873
352 0.084746 0.243401 6522 305 876
353 0.233676 0.243679 12155 841 877
354 0.437066 0.245624 8946 1573 884
355 0.042512 0.246179 4937 153 886
356 0.388719 0.246457 10045 1399 887
357 0.105029 0.247569 6197 378 891
358 0.217283 0.247847 12001 782 892
359 0.283968 0.247847 10583 1022 892
360 0.136983 0.248124 8028 493 893
361 0.050292 0.248680 4812 181 895
362 0.056127 0.249792 5091 202 899
363 0.395665 0.250347 9524 1424 901
364 0.406780 0.250903 10849 1464 903
365 0.000000 0.251181 5118 0 904
366 0.268686 0.251459 13057 967 905
367 0.289803 0.252292 12270 1043 908
368 0.224785 0.252570 12001 809 909
369 0.000000 0.253126 5157 0 911
370 0.277855 0.253404 12116 1000 912
371 0.288413 0.255071 11640 1038 918
372 0.432620 0.257849 9632 1557 928
373 0.377883 0.259239 8441 1360 933
374 0.283412 0.260072 13405 1020 936
375 0.413726 0.260072 10436 1489 936
376 0.539872 0.260072 6131 1943 936
377 0.428452 0.260906 9944 1542 939
378 0.000000 0.261184 4534 0 940
379 0.539872 0.261462 6105 1943 941
380 0.257849 0.262017 12660 928 943
381 0.079189 0.262295 4921 285 944
382 0.149764 0.263129 8244 539 947
383 0.373993 0.263129 8287 1346 947
384 0.438733 0.263407 8674 1579 948
385 0.539872 0.264796 6328 1943 953
386 0.426507 0.265074 10009 1535 954
387 0.424562 0.267574 9999 1528 963
388 0.539872 0.267852 6502 1943 964
389 0.392053 0.268408 8900 1411 966
390 0.269797 0.270075 15741 971 972
391 0.418727 0.270909 9999 1507 975
392 0.539872 0.270909 6633 1943 975
393 0.307308 0.271464 10616 1106 977
394 0.237566 0.273687 13218 855 985
395 0.000834 0.274243 6003 3 987
396 0.415393 0.275632 9914 1495 992
397 0.474854 0.276188 7995 1709 994
398 0.191164 0.276744 5912 688 996
399 0.038900 0.277299 5495 140 998
400 0.539872 0.277855 7322 1943 1000
401 0.223673 0.278133 10482 805 1001
402 0.254793 0.280078 14114 917 1008
403 0.305363 0.280356 11709 1099 1009
404 0.422062 0.280356 9806 1519 1009
405 0.462073 0.280356 8517 1663 1009
406 0.299528 0.281189 12345 1078 1012
407 0.212281 0.283690 9219 764 1021
408 0.138372 0.283968 6400 498 1022
409 0.277299 0.285079 14570 998 1026
410 0.313420 0.285079 11607 1128 1026
411 0.309808 0.285357 11532 1115 1027
412 0.430953 0.286746 10055 1551 1032
413 0.458461 0.287024 8582 1650 1033
414 0.442901 0.287302 9475 1594 1034
415 0.000278 0.287580 5344 1 1035
416 0.539872 0.287858 8645 1943 1036
417 0.322867 0.288969 11505 1162 1040
418 0.201167 0.290081 7506 724 1044
419 0.294804 0.291192 11965 1061 1048
420 0.340094 0.291470 11240 1224 1049
421 0.539872 0.292026 9242 1943 1051
422 0.000000 0.292581 4767 0 1053
423 0.434009 0.293137 10518 1562 1055
424 0.409003 0.293693 8795 1472 1057
425 0.287024 0.293971 13874 1033 1058
426 0.295916 0.294248 11207 1065 1059
427 0.497083 0.296193 8891 1789 1066
428 0.539872 0.296193 9862 1943 1066
429 0.434565 0.296749 10544 1564 1068
430 0.446513 0.296749 9822 1607 1068
431 0.000000 0.297027 4671 0 1069
432 0.539872 0.297027 9865 1943 1069
433 0.000000 0.298138 4671 0 1073
434 0.332592 0.298694 12647 1197 1075
435 0.038066 0.299528 6302 137 1078
436 0.330370 0.299528 12952 1189 1078
437 0.539872 0.299528 10036 1943 1078
438 0.336204 0.299805 13051 1210 1079
439 0.063073 0.300083 6059 227 1080
440 0.504029 0.300639 9658 1814 1082
441 0.539872 0.300917 9934 1943 1083
442 0.488469 0.301195 9353 1758 1084
443 0.468741 0.301473 8339 1687 1085
444 0.341484 0.302028 13083 1229 1087
445 0.000000 0.303695 4543 0 1093
446 0.461239 0.304529 9435 1660 1096
447 0.456794 0.305640 9455 1644 1100
448 0.468186 0.305640 8366 1685 1100
449 0.348708 0.306196 13195 1255 1102
450 0.355654 0.306196 13743 1280 1102
451 0.297583 0.306474 11551 1071 1103
452 0.539872 0.307308 10328 1943 1106
453 0.220061 0.307863 6922 792 1108
454 0.061406 0.308697 5810 221 1111
455 0.539872 0.308697 10583 1943 1111
456 0.363434 0.311475 11469 1308 1121
457 0.461517 0.311475 9219 1661 1121
458 0.252570 0.311753 8353 909 1122
459 0.539872 0.311753 10639 1943 1122
460 0.539872 0.313698 10567 1943 1129
461 0.065018 0.314532 5797 234 1132
462 0.433732 0.314532 9058 1561 1132
463 0.466796 0.315365 9064 1680 1135
464 0.285635 0.316199 12480 1028 1138
465 0.539872 0.316199 10580 1943 1138
466 0.474021 0.316477 9599 1706 1139
467 0.076966 0.316755 5748 277 1140
468 0.189497 0.317588 6167 682 1143
469 0.065018 0.317866 5672 234 1144
470 0.439011 0.317866 9104 1580 1144
471 0.337594 0.318144 11410 1215 1145
472 0.365935 0.319255 11919 1317 1149
473 0.503473 0.321200 8815 1812 1156
474 0.514587 0.321478 9944 1852 1157
475 0.296749 0.321756 11509 1068 1158
476 0.484857 0.321756 9078 1745 1158
477 0.336760 0.322034 11190 1212 1159
478 0.378716 0.322034 11984 1363 1159
479 0.373437 0.322590 11870 1344 1161
480 0.469575 0.322867 9127 1690 1162
481 0.539872 0.323145 11171 1943 1163
482 0.056405 0.323701 6561 203 1165
483 0.000000 0.323979 8011 0 1166
484 0.419283 0.324257 8448 1509 1167
485 0.368714 0.324535 12244 1327 1168
486 0.298138 0.325090 11725 1073 1170
487 0.306752 0.325368 11092 1104 1171
488 0.005001 0.325924 8307 18 1173
489 0.514865 0.326202 9639 1853 1174
490 0.309808 0.327035 9829 1115 1177
491 0.011670 0.327313 8228 42 1178
492 0.299250 0.329258 11909 1077 1185
493 0.539594 0.329258 12214 1942 1185
494 0.523201 0.329536 9990 1883 1186
495 0.012781 0.330647 8513 46 1190
496 0.366213 0.330925 11725 1318 1191
497 0.427619 0.331481 8064 1539 1193
498 0.190053 0.332037 6433 684 1195
499 0.295916 0.332592 10761 1065 1197
500 0.417338 0.332592 8854 1502 1197
501 0.458739 0.334537 8845 1651 1204
502 0.464574 0.336204 9622 1672 1210
503 0.051959 0.336482 7312 187 1211
504 0.303695 0.336482 11423 1093 1211
505 0.016393 0.336760 8458 59 1212
506 0.435121 0.336760 8152 1566 1212
507 0.367046 0.337594 12165 1321 1215
508 0.392609 0.337594 10692 1413 1215
509 0.474298 0.338427 9409 1707 1218
510 0.307863 0.340094 11276 1108 1224
511 0.390386 0.342595 10839 1405 1233
512 0.021117 0.343151 8162 76 1235
513 0.529036 0.343707 10492 1904 1237
514 0.373993 0.343984 11719 1346 1238
515 0.185051 0.345374 5715 666 1243
516 0.021951 0.346763 8241 79 1248
517 0.374548 0.347597 11873 1348 1251
518 0.462073 0.347597 9366 1663 1251
519 0.303695 0.348708 9291 1093 1255
520 0.539872 0.348708 9209 1943 1255
521 0.407335 0.349264 10830 1466 1257
522 0.406224 0.350931 10905 1462 1263
523 0.460128 0.351487 9399 1656 1265
524 0.376771 0.352042 12244 1356 1267
525 0.025007 0.352320 8106 90 1268
526 0.454293 0.352876 9701 1635 1270
527 0.337038 0.353987 11089 1213 1274
528 0.381217 0.353987 12611 1372 1274
529 0.467630 0.356488 9307 1683 1283
530 0.029175 0.356766 8024 105 1284
531 0.020561 0.357044 7736 74 1285
532 0.233676 0.357044 7552 841 1285
533 0.042234 0.357877 7627 152 1288
534 0.385663 0.357877 11827 1388 1288
535 0.388441 0.358711 11745 1398 1291
536 0.396221 0.359544 12463 1426 1294
537 0.372048 0.359822 11968 1339 1295
538 0.460961 0.360100 8487 1659 1296
539 0.539594 0.362601 7670 1942 1305
540 0.023618 0.363156 7191 85 1307
541 0.070297 0.363156 5518 253 1307
542 0.000000 0.363434 4908 0 1308
543 0.033620 0.364268 8156 121 1311
544 0.480133 0.364268 9124 1728 1311
545 0.046957 0.365101 7204 169 1314
546 0.366491 0.365101 12598 1319 1314
547 0.539872 0.366213 7919 1943 1318
548 0.362601 0.366769 12365 1305 1320
549 0.356488 0.368436 13028 1283 1326
550 0.185885 0.368714 3041 669 1327
551 0.030008 0.369825 7234 108 1331
552 0.333982 0.370103 12178 1202 1332
553 0.039178 0.370381 8185 141 1333
554 0.391498 0.370659 11729 1409 1334
555 0.539872 0.370936 8300 1943 1335
556 0.250625 0.371492 8208 902 1337
557 0.454293 0.371770 9340 1635 1338
558 0.460961 0.371770 9156 1659 1338
559 0.343151 0.372048 13458 1235 1339
560 0.210058 0.372604 3927 756 1341
561 0.539872 0.374826 8605 1943 1349
562 0.388997 0.375938 11988 1400 1353
563 0.461239 0.376771 8986 1660 1356
564 0.462906 0.376771 9101 1666 1356
565 0.489303 0.377605 9032 1761 1359
566 0.479856 0.377883 8894 1727 1360
567 0.042512 0.380106 8267 153 1368
568 0.462629 0.382328 8979 1665 1376
569 0.254793 0.383440 7985 917 1380
570 0.537372 0.383440 9950 1934 1380
571 0.539039 0.384273 9773 1940 1383
572 0.046124 0.385385 8041 166 1387
573 0.336482 0.385941 10744 1211 1389
574 0.390386 0.386496 12506 1405 1391
575 0.417338 0.386496 9829 1502 1391
576 0.050292 0.387886 8300 181 1396
577 0.480967 0.388997 8382 1731 1400
578 0.539872 0.388997 10190 1943 1400
579 0.389553 0.390108 12234 1402 1404
580 0.539872 0.390386 10072 1943 1405
581 0.539872 0.390942 10062 1943 1407
582 0.066129 0.391498 7683 238 1409
583 0.259517 0.391498 8336 934 1409
584 0.054460 0.393443 8979 196 1416
585 0.021951 0.394554 5606 79 1420
586 0.224785 0.395388 7539 809 1423
587 0.264796 0.395665 8349 953 1424
588 0.397333 0.395665 11456 1430 1424
589 0.423173 0.395665 9491 1523 1424
590 0.000000 0.395943 6640 0 1425
591 0.142817 0.395943 8261 514 1425
592 0.465963 0.395943 8362 1677 1425
593 0.406224 0.396499 11437 1462 1427
594 0.378161 0.397333 12742 1361 1430
595 0.417616 0.397333 9829 1503 1430
596 0.403723 0.397610 11440 1453 1431
597 0.000000 0.398444 6397 0 1434
598 0.056405 0.399278 8034 203 1437
599 0.143929 0.399833 8533 518 1439
600 0.539872 0.400111 10948 1943 1440
601 0.000000 0.400667 6309 0 1442
602 0.056960 0.401223 7949 205 1444
603 0.040567 0.402056 6397 146 1447
604 0.176160 0.403168 8310 634 1451
605 0.146430 0.403445 8579 527 1452
606 0.184218 0.404001 7824 663 1454
607 0.133370 0.405946 6082 480 1461
608 0.414560 0.405946 10249 1492 1461
609 0.364824 0.406502 12460 1313 1463
610 0.469853 0.406502 8077 1691 1463
611 0.537927 0.408169 10472 1936 1469
612 0.148375 0.409003 8769 534 1472
613 0.059739 0.409280 8051 215 1473
614 0.268964 0.409280 9278 968 1473
615 0.207558 0.409558 8572 747 1474
616 0.260628 0.410114 8700 938 1476
617 0.418450 0.410114 9658 1506 1476
618 0.264796 0.410392 9320 953 1477
619 0.358433 0.412059 11017 1290 1483
620 0.173659 0.413726 8087 625 1489
621 0.272576 0.413726 9409 981 1489
622 0.378994 0.414004 11751 1364 1490
623 0.061128 0.414560 7775 220 1492
624 0.067241 0.414837 7762 242 1493
625 0.212559 0.414837 8832 765 1493
626 0.419561 0.415115 9084 1510 1494
627 0.417616 0.416227 8654 1503 1498
628 0.214226 0.417338 8884 771 1502
629 0.066407 0.418172 7910 239 1505
630 0.275632 0.418172 9242 992 1505
631 0.379272 0.418172 11469 1365 1505
632 0.010836 0.418450 6558 39 1506
633 0.025285 0.418727 7227 91 1507
634 0.030564 0.419005 7257 110 1508
635 0.213393 0.419283 8943 768 1509
636 0.068630 0.419561 8057 247 1510
637 0.229230 0.419839 8024 825 1511
638 0.539872 0.419839 9622 1943 1511
639 0.387330 0.420117 11459 1394 1512
640 0.170603 0.420672 8103 614 1514
641 0.149486 0.420950 7959 538 1515
642 0.383718 0.420950 11085 1381 1515
643 0.390664 0.421784 11397 1406 1518
644 0.539872 0.422062 10003 1943 1519
645 0.522367 0.422617 8897 1880 1521
646 0.140039 0.423729 7749 504 1525
647 0.373437 0.424562 10915 1344 1528
648 0.210336 0.424840 9140 757 1529
649 0.275910 0.425396 9678 993 1531
650 0.539872 0.425396 10469 1943 1531
651 0.278411 0.428174 9455 1002 1541
652 0.282301 0.428452 9550 1016 1542
653 0.372881 0.429008 11276 1342 1544
654 0.403168 0.429008 10935 1451 1544
655 0.261739 0.431787 8677 942 1554
656 0.288691 0.431787 9425 1039 1554
657 0.221173 0.432064 6971 796 1555
658 0.531537 0.432064 10479 1913 1555
659 0.467630 0.432620 6906 1683 1557
660 0.372048 0.432898 11528 1339 1558
661 0.000000 0.434287 5652 0 1563
662 0.207280 0.434565 8877 746 1564
663 0.237010 0.435121 8146 853 1566
664 0.433732 0.435954 8270 1561 1569
665 0.368991 0.437066 10741 1328 1573
666 0.115866 0.437344 4560 417 1574
667 0.178105 0.437622 8080 641 1575
668 0.290081 0.437899 9015 1044 1576
669 0.421784 0.438177 8628 1518 1577
670 0.062795 0.439844 6781 226 1583
671 0.393720 0.439844 10685 1417 1583
672 0.291470 0.440678 9163 1049 1586
673 0.402056 0.440678 10255 1447 1586
674 0.357044 0.440956 10144 1285 1587
675 0.179216 0.441512 7801 645 1589
676 0.529036 0.441512 10216 1904 1589
677 0.000556 0.441789 7411 2 1590
678 0.170047 0.443179 7483 612 1595
679 0.407335 0.443179 9963 1466 1595
680 0.263407 0.443734 8389 948 1597
681 0.130036 0.444290 6391 468 1599
682 0.411781 0.444290 9793 1482 1599
683 0.000000 0.444568 6804 0 1600
684 0.295360 0.445124 8064 1063 1602
685 0.003890 0.445401 6981 14 1603
686 0.066963 0.445401 6594 241 1603
687 0.000000 0.446235 6607 0 1606
688 0.262017 0.446513 8697 943 1607
689 0.525146 0.447069 10065 1890 1609
690 0.164490 0.447624 7539 592 1611
691 0.070019 0.447902 6620 252 1612
692 0.008336 0.450681 7391 30 1622
693 0.151431 0.451236 6925 545 1624
694 0.390664 0.451236 9333 1406 1624
695 0.010836 0.453459 7529 39 1632
696 0.504029 0.455404 8395 1814 1639
697 0.322312 0.455960 7214 1160 1641
698 0.432342 0.456238 7739 1556 1642
699 0.024451 0.460128 6856 88 1656
700 0.261184 0.462073 10137 940 1663
701 0.395110 0.462351 9363 1422 1664
702 0.399833 0.463184 9222 1439 1667
703 0.387886 0.466518 9048 1396 1679
704 0.407335 0.468186 9186 1466 1685
705 0.152820 0.468741 6945 550 1687
706 0.197833 0.470686 5016 712 1694
707 0.288691 0.470686 8943 1039 1694
708 0.342873 0.471242 7611 1234 1696
709 0.502640 0.471520 8034 1809 1697
710 0.000000 0.472631 4780 0 1701
711 0.171992 0.472631 6423 619 1701
712 0.383996 0.472631 8881 1382 1701
713 0.061684 0.473465 4780 222 1704
714 0.347597 0.474021 7631 1251 1706
715 0.262851 0.474854 9363 946 1709
716 0.493193 0.475132 7975 1775 1710
717 0.347319 0.478188 7427 1250 1721
718 0.177827 0.478744 6220 640 1723
719 0.288969 0.479022 8907 1040 1724
720 0.448180 0.479022 7060 1613 1724
721 0.283690 0.482078 8684 1021 1735
722 0.190886 0.484023 4983 687 1742
723 0.278966 0.484301 8749 1004 1743
724 0.250625 0.485135 9041 902 1746
725 0.275076 0.489303 9268 990 1761
726 0.000834 0.491248 3280 3 1768
727 0.302306 0.491803 8615 1088 1770
728 0.441234 0.491803 8477 1588 1770
729 0.089191 0.493470 3904 321 1776
730 0.304529 0.494304 8664 1096 1779
731 0.292303 0.495138 8113 1052 1782
732 0.323145 0.495693 5439 1163 1784
733 0.086969 0.498472 3999 313 1794
734 0.116143 0.498750 4809 418 1795
735 0.337038 0.499305 3874 1213 1797
736 0.000000 0.500139 2214 0 1800
737 0.278133 0.500973 8900 1001 1803
738 0.322312 0.504585 6738 1160 1816
739 0.000834 0.507085 1505 3 1825
740 0.282578 0.507919 9048 1017 1828
741 0.468186 0.510697 2982 1685 1838
742 0.288413 0.511531 9248 1038 1841
743 0.368714 0.514865 6820 1327 1853
744 0.397888 0.516255 2257 1432 1858
745 0.320367 0.516532 8589 1153 1859
746 0.539872 0.517088 6509 1943 1861
747 0.216449 0.518200 7234 779 1865
748 0.320645 0.519867 8641 1154 1871
749 0.539872 0.520422 6696 1943 1873
750 0.288691 0.522645 8477 1039 1881
751 0.419005 0.523479 3605 1508 1884
752 0.319255 0.524590 8484 1149 1888
753 0.270909 0.525146 8333 975 1890
754 0.241734 0.525979 7303 870 1893
755 0.539872 0.525979 7230 1943 1893
756 0.221173 0.528480 7824 796 1902
757 0.539872 0.528480 7158 1943 1902
758 0.377327 0.528758 6187 1358 1903
759 0.444012 0.529592 4721 1598 1906
760 0.320367 0.530425 8530 1153 1909
761 0.459294 0.530703 5898 1653 1910
762 0.057516 0.531814 3448 207 1914
763 0.280356 0.531814 9760 1009 1914
764 0.331203 0.534037 8349 1192 1922
765 0.212281 0.534593 7942 764 1924
766 0.219228 0.534593 8372 789 1924
767 0.323979 0.534593 8723 1166 1924
768 0.284801 0.535149 9668 1025 1926
769 0.180606 0.535426 4327 650 1927
770 0.223395 0.535426 8336 804 1927
771 0.539872 0.535426 6663 1943 1927
772 0.000000 0.535704 4314 0 1928
773 0.338149 0.535982 8031 1217 1929
774 0.539872 0.536538 6656 1943 1931
775 0.050570 0.537094 4389 182 1933
776 0.321478 0.537094 8812 1157 1933
777 0.539872 0.538483 6699 1943 1938
778 0.233398 0.538761 8677 840 1939
779 0.000000 0.539039 4665 0 1940
780 0.080022 0.539594 2063 288 1942
781 0.287580 0.539594 9560 1035 1942
782 0.345652 0.539594 7509 1244 1942
783 0.026396 0.539872 2086 95 1943
784 0.041678 0.539872 3238 150 1943
785 0.076966 0.539872 2066 277 1943
786 0.108363 0.539872 2109 390 1943
787 0.116977 0.539872 2208 421 1943
788 0.128647 0.539872 3054 463 1943
789 0.137538 0.539872 3559 495 1943
790 0.138927 0.539872 3559 500 1943
791 0.144485 0.539872 3487 520 1943
792 0.151153 0.539872 3451 544 1943
793 0.154765 0.539872 3356 557 1943
794 0.159489 0.539872 3435 574 1943
795 0.163934 0.539872 3671 590 1943
796 0.172270 0.539872 3930 620 1943
797 0.175882 0.539872 3802 633 1943
798 0.180606 0.539872 3982 650 1943
799 0.185885 0.539872 2867 669 1943
800 0.218950 0.539872 6988 788 1943
801 0.237566 0.539872 8195 855 1943
802 0.239233 0.539872 8021 861 1943
803 0.243123 0.539872 7775 875 1943
804 0.281745 0.539872 8897 1014 1943
805 0.310086 0.539872 8274 1116 1943
806 0.312587 0.539872 8195 1125 1943
807 0.316477 0.539872 8231 1139 1943
808 0.334260 0.539872 8339 1203 1943
809 0.366213 0.539872 2933 1318 1943
810 0.466518 0.539872 5646 1679 1943
811 0.469853 0.539872 5718 1691 1943
812 0.480689 0.539872 4645 1730 1943
813 0.482912 0.539872 4780 1738 1943
814 0.489025 0.539872 4058 1760 1943
815 0.499861 0.539872 6230 1799 1943
816 0.506252 0.539872 5521 1822 1943
817 0.507085 0.539872 5479 1825 1943
818 0.514032 0.539872 5003 1850 1943
PromSaddles 817
1 0.144762 0.000000 2270 521 0
2 0.154765 0.000000 2395 557 0
3 0.161712 0.000000 2657 582 0
4 0.164212 0.000000 2778 591 0
5 0.165879 0.000000 2732 597 0
6 0.171159 0.000000 3106 616 0
7 0.176716 0.000000 3428 636 0
8 0.180606 0.000000 3526 650 0
9 0.186996 0.000000 2913 673 0
10 0.232842 0.000000 7582 838 0
11 0.236177 0.000000 7283 850 0
12 0.241178 0.000000 7214 868 0
13 0.246179 0.000000 7312 886 0
14 0.248402 0.000000 7306 894 0
15 0.275354 0.000000 6062 991 0
16 0.285913 0.000000 4284 1029 0
17 0.288136 0.000000 4058 1037 0
18 0.383162 0.000000 6482 1379 0
19 0.390664 0.000000 7723 1406 0
20 0.399833 0.000000 9019 1439 0
21 0.406502 0.000000 8927 1463 0
22 0.444846 0.000000 5748 1601 0
23 0.447346 0.000000 5928 1610 0
24 0.456516 0.000000 7473 1643 0
25 0.459294 0.000000 7401 1653 0
26 0.465407 0.000000 7857 1675 0
27 0.497083 0.000000 7260 1789 0
28 0.509308 0.000000 5475 1833 0
29 0.537649 0.000000 8635 1935 0
30 0.421784 0.000278 11620 1518 1
31 0.229786 0.000556 7890 827 2
32 0.539872 0.001111 8756 1943 4
33 0.058905 0.001667 7290 212 6
34 0.480689 0.003334 9691 1730 12
35 0.361489 0.005001 9419 1301 18
36 0.539872 0.006113 8717 1943 22
37 0.230342 0.006113 7828 829 22
38 0.539872 0.007502 8694 1943 27
39 0.422062 0.008336 10410 1519 30
40 0.059461 0.008891 7506 214 32
41 0.422062 0.008891 10410 1519 32
42 0.310642 0.009169 8366 1118 33
43 0.232842 0.010836 7828 838 39
44 0.414282 0.011948 9849 1491 43
45 0.539872 0.011948 8795 1943 43
46 0.071964 0.015560 7306 259 56
47 0.480133 0.015838 10531 1728 57
48 0.357599 0.016116 10403 1287 58
49 0.233954 0.016393 7847 842 59
50 0.326202 0.016671 9399 1174 60
51 0.331759 0.018061 9438 1194 65
52 0.352320 0.019450 10518 1268 70
53 0.426785 0.020006 9320 1536 72
54 0.341206 0.021673 9438 1228 78
55 0.100861 0.022784 7670 363 82
56 0.431231 0.025007 10022 1552 90
57 0.539872 0.027230 11020 1943 98
58 0.060295 0.028063 7339 217 101
59 0.432620 0.028897 9776 1557 104
60 0.070575 0.031675 7559 254 114
61 0.434009 0.032509 9507 1562 117
62 0.489303 0.032509 9494 1761 117
63 0.435677 0.033343 9507 1568 120
64 0.481800 0.033620 10462 1734 121
65 0.091970 0.033898 7893 331 122
66 0.017227 0.034176 7211 62 123
67 0.089469 0.035288 7910 322 127
68 0.074465 0.035565 7700 268 128
69 0.351209 0.038344 8638 1264 138
70 0.530981 0.039178 10141 1911 141
71 0.015838 0.042512 7851 57 153
72 0.436788 0.045013 9960 1572 162
73 0.527647 0.045013 10610 1899 162
74 0.115866 0.047513 7506 417 171
75 0.023618 0.047513 7972 85 171
76 0.435677 0.047513 9793 1568 171
77 0.484579 0.048069 9904 1744 173
78 0.029175 0.049736 7887 105 179
79 0.035010 0.052237 7736 126 188
80 0.068074 0.052792 7122 245 190
81 0.110864 0.053626 8369 399 193
82 0.336482 0.053626 8241 1211 193
83 0.436510 0.053626 10180 1571 193
84 0.088914 0.055293 6896 320 199
85 0.370659 0.055293 9278 1334 199
86 0.526535 0.055293 9520 1895 199
87 0.045290 0.057794 7014 163 208
88 0.353987 0.058350 9297 1274 210
89 0.438733 0.058350 10118 1579 210
90 0.126146 0.059739 7667 454 215
91 0.053348 0.061684 6955 192 222
92 0.319811 0.062240 6663 1151 224
93 0.295082 0.063073 8001 1062 227
94 0.118922 0.063907 8166 428 230
95 0.437899 0.064740 10587 1576 233
96 0.385941 0.066685 9360 1389 240
97 0.102806 0.067241 7847 370 242
98 0.368158 0.068630 10813 1325 247
99 0.287858 0.069186 7575 1036 249
100 0.036677 0.070853 7696 132 255
101 0.522367 0.071409 8937 1880 257
102 0.295638 0.071964 7929 1064 259
103 0.435121 0.071964 10078 1566 259
104 0.118922 0.072520 8405 428 261
105 0.377883 0.072520 10977 1360 261
106 0.097805 0.072520 8005 352 261
107 0.102528 0.077522 7598 369 279
108 0.443457 0.077522 10111 1596 279
109 0.365379 0.078077 10702 1315 281
110 0.122256 0.078911 8120 440 284
111 0.380383 0.079744 10715 1369 287
112 0.332592 0.080022 7847 1197 288
113 0.034454 0.081412 7575 124 293
114 0.122256 0.081412 7887 440 293
115 0.169492 0.081967 7726 610 295
116 0.315643 0.081412 8933 1136 293
117 0.124757 0.082245 8106 449 296
118 0.145874 0.082801 9379 525 298
119 0.348430 0.083079 9580 1254 299
120 0.519033 0.083079 7355 1868 299
121 0.164768 0.084468 8054 593 304
122 0.299528 0.084746 8277 1078 305
123 0.134482 0.085301 8710 484 307
124 0.160322 0.085857 8015 577 309
125 0.145596 0.085857 9356 524 309
126 0.449847 0.086135 9416 1619 310
127 0.311198 0.086413 8428 1120 311
128 0.268408 0.086691 7539 966 312
129 0.152542 0.086969 9360 549 313
130 0.150042 0.087524 9360 540 315
131 0.539872 0.088358 3572 1943 318
132 0.378716 0.088914 10744 1363 320
133 0.403445 0.088914 7801 1452 320
134 0.133648 0.089191 8615 481 321
135 0.331481 0.089191 8776 1193 321
136 0.343984 0.089191 9829 1238 321
137 0.142262 0.090303 8923 512 325
138 0.305918 0.091692 8861 1101 330
139 0.027508 0.092804 6187 99 334
140 0.539872 0.093081 5003 1943 335
141 0.377327 0.096416 9881 1358 347
142 0.131425 0.097527 8720 473 351
143 0.150875 0.098361 8667 543 354
144 0.325090 0.098361 7851 1170 354
145 0.188386 0.099194 8310 678 357
146 0.310364 0.099472 9120 1117 358
147 0.010558 0.099750 7260 38 359
148 0.183384 0.100028 8136 660 360
149 0.298416 0.100028 9163 1074 360
150 0.380383 0.100306 10170 1369 361
151 0.242567 0.100861 8215 873 363
152 0.081967 0.101139 6745 295 364
153 0.156710 0.102806 8077 564 370
154 0.539872 0.103084 5738 1943 371
155 0.018894 0.103640 7742 68 373
156 0.298416 0.104751 8992 1074 377
157 0.161712 0.105029 8369 582 378
158 0.539872 0.105029 5905 1943 378
159 0.150875 0.106141 7319 543 382
160 0.382884 0.105863 10334 1378 381
161 0.539872 0.106696 5961 1943 384
162 0.083356 0.106974 6738 300 385
163 0.372048 0.108086 9714 1339 389
164 0.014726 0.108919 7601 53 392
165 0.539872 0.109753 5633 1943 395
166 0.344540 0.112531 7053 1240 405
167 0.368158 0.111142 9347 1325 400
168 0.378716 0.111420 9786 1363 401
169 0.511253 0.111698 5016 1840 402
170 0.539872 0.111420 5656 1943 401
171 0.255627 0.111698 9143 920 402
172 0.012503 0.114198 7654 45 411
173 0.239233 0.115032 7001 861 414
174 0.280078 0.117255 7119 1008 422
175 0.148652 0.116143 7883 535 418
176 0.159211 0.116421 6948 573 419
177 0.297027 0.116699 8428 1069 420
178 0.007224 0.117533 7395 26 423
179 0.252848 0.118088 9248 910 425
180 0.373993 0.119478 9350 1346 430
181 0.395110 0.119478 9051 1422 430
182 0.000000 0.121145 7165 0 436
183 0.301750 0.122534 8129 1086 441
184 0.302306 0.123090 8129 1088 443
185 0.254515 0.123368 9163 916 444
186 0.021951 0.123923 7408 79 446
187 0.019728 0.124201 7447 71 447
188 0.363156 0.124479 9271 1307 448
189 0.400667 0.124479 9258 1442 448
190 0.402056 0.124757 9258 1447 449
191 0.260906 0.125035 9094 939 450
192 0.407613 0.125868 9534 1467 453
193 0.125313 0.126146 6181 451 454
194 0.083356 0.127258 5580 300 458
195 0.421228 0.127535 8290 1516 459
196 0.422062 0.127813 8290 1519 460
197 0.148375 0.128647 6466 534 463
198 0.026118 0.128925 6847 94 464
199 0.256182 0.131425 9196 922 473
200 0.108086 0.131981 5278 389 475
201 0.245068 0.132259 9064 882 476
202 0.412337 0.133093 8395 1484 479
203 0.358433 0.134482 9281 1290 484
204 0.150597 0.135593 6551 542 488
205 0.263962 0.137816 8385 950 496
206 0.202001 0.138372 8136 727 498
207 0.298138 0.139205 6584 1073 501
208 0.356210 0.138650 9730 1282 499
209 0.249792 0.139483 9343 899 502
210 0.213393 0.139761 9124 768 503
211 0.262851 0.139761 8392 946 503
212 0.245068 0.140317 9744 882 505
213 0.368991 0.143095 8832 1328 515
214 0.122812 0.143095 5872 442 515
215 0.135593 0.144485 7575 488 520
216 0.241456 0.146707 9767 869 528
217 0.150875 0.148652 7562 543 535
218 0.519311 0.149208 2408 1869 537
219 0.372604 0.149486 8710 1341 538
220 0.128647 0.151709 5449 463 546
221 0.479856 0.151431 3933 1727 545
222 0.179494 0.152820 7867 646 550
223 0.214504 0.153376 8651 772 552
224 0.214504 0.154210 8651 772 555
225 0.530147 0.154487 2765 1908 556
226 0.278411 0.155599 8795 1002 560
227 0.237566 0.156432 9445 855 563
228 0.352042 0.156988 7775 1267 565
229 0.165046 0.156988 7890 594 565
230 0.216727 0.158377 8549 780 570
231 0.373715 0.158377 8615 1345 570
232 0.179494 0.159211 8195 646 573
233 0.183106 0.161712 7854 659 582
234 0.222006 0.164768 8743 799 593
235 0.059183 0.166991 2946 213 601
236 0.340094 0.167269 5370 1224 602
237 0.455960 0.166991 6345 1641 601
238 0.232287 0.167269 9730 836 602
239 0.372604 0.167269 8028 1341 602
240 0.243401 0.167547 9340 876 603
241 0.171437 0.168658 8756 617 607
242 0.265351 0.169492 9812 955 610
243 0.097805 0.170047 7480 352 612
244 0.252014 0.171159 8966 907 616
245 0.258405 0.171714 9327 930 618
246 0.098916 0.171992 7480 356 619
247 0.159489 0.172270 7637 574 620
248 0.108363 0.173937 6929 390 626
249 0.295916 0.176438 8887 1065 635
250 0.130870 0.178105 7463 471 641
251 0.311475 0.179494 9124 1121 646
252 0.180050 0.179772 8687 648 647
253 0.355654 0.180050 6404 1280 648
254 0.242567 0.180884 9025 873 651
255 0.243401 0.181161 9025 876 652
256 0.138927 0.185329 7483 500 667
257 0.442345 0.185885 7086 1592 669
258 0.465963 0.186163 8372 1677 670
259 0.248958 0.186719 8497 896 672
260 0.511253 0.186719 7299 1840 672
261 0.293971 0.188108 10259 1058 677
262 0.229230 0.188664 8234 825 679
263 0.302862 0.188664 8874 1090 679
264 0.147541 0.190331 7801 531 685
265 0.500139 0.191720 7424 1800 690
266 0.186163 0.191998 8736 670 691
267 0.471520 0.193109 8631 1697 695
268 0.256738 0.193387 8851 924 696
269 0.113365 0.194221 6128 408 699
270 0.036121 0.195332 5367 130 703
271 0.477633 0.196166 8858 1719 706
272 0.058072 0.196721 5826 209 708
273 0.058627 0.196999 5826 211 709
274 0.267852 0.197277 8690 964 710
275 0.291748 0.197277 9212 1050 710
276 0.052237 0.197555 5853 188 711
277 0.284801 0.197833 8904 1025 712
278 0.239233 0.198666 8592 861 715
279 0.317033 0.198944 8956 1141 716
280 0.237010 0.200056 8438 853 720
281 0.147541 0.200333 7349 531 721
282 0.296471 0.200333 9078 1067 721
283 0.477633 0.200333 9025 1719 721
284 0.532092 0.201445 8152 1915 725
285 0.176160 0.201723 7608 634 726
286 0.064184 0.202001 5836 231 727
287 0.318700 0.203390 8628 1147 732
288 0.321756 0.203390 8628 1158 732
289 0.310642 0.204501 8336 1118 736
290 0.300361 0.205057 8717 1081 738
291 0.000000 0.205335 2414 0 739
292 0.198944 0.206724 9471 716 744
293 0.000000 0.207002 2352 0 745
294 0.203668 0.207002 9842 733 745
295 0.205057 0.207002 9842 738 745
296 0.482078 0.207280 8920 1735 746
297 0.528202 0.208113 8274 1901 749
298 0.000000 0.208669 2516 0 751
299 0.484857 0.210058 9061 1745 756
300 0.239233 0.211170 9566 861 760
301 0.489580 0.214226 8927 1762 771
302 0.508197 0.214226 8740 1829 771
303 0.440400 0.214504 8385 1585 772
304 0.482634 0.214504 8802 1737 772
305 0.498194 0.214782 9583 1793 773
306 0.517922 0.214782 8674 1864 773
307 0.496805 0.215338 9583 1788 775
308 0.440678 0.217838 8372 1586 784
309 0.000000 0.219228 3612 0 789
310 0.031675 0.219505 5131 114 790
311 0.137260 0.220061 6505 494 792
312 0.225896 0.220617 11827 813 794
313 0.063629 0.221728 5675 229 798
314 0.000000 0.222006 3398 0 799
315 0.477077 0.222284 8533 1717 800
316 0.452070 0.224785 8280 1627 809
317 0.000000 0.225063 3261 0 810
318 0.000000 0.225618 3261 0 812
319 0.083079 0.225896 6551 299 813
320 0.505696 0.227008 8320 1820 817
321 0.000000 0.228119 3221 0 821
322 0.315365 0.228397 6420 1135 822
323 0.373715 0.228675 8894 1345 823
324 0.000000 0.230064 3195 0 828
325 0.246457 0.230064 11017 887 828
326 0.229230 0.230342 11512 825 829
327 0.442067 0.230620 9002 1591 830
328 0.466241 0.232287 8126 1678 836
329 0.479856 0.232009 8526 1727 835
330 0.244512 0.232287 11328 880 836
331 0.092804 0.232842 6427 334 838
332 0.318978 0.233398 6446 1148 840
333 0.378716 0.233398 9389 1363 840
334 0.233120 0.233954 12529 839 842
335 0.000278 0.234510 2644 1 844
336 0.077799 0.235899 6194 280 849
337 0.085024 0.237010 6532 306 853
338 0.438733 0.237010 8346 1579 853
339 0.116143 0.237288 7201 418 854
340 0.447624 0.237566 8694 1611 855
341 0.393720 0.238400 9317 1417 858
342 0.455682 0.238400 8927 1640 858
343 0.452626 0.239233 8933 1629 861
344 0.271464 0.239511 10741 977 862
345 0.378994 0.239789 8753 1364 863
346 0.129480 0.240067 7785 466 864
347 0.463740 0.240900 8477 1669 867
348 0.271464 0.241734 10761 977 870
349 0.084468 0.242012 6400 304 871
350 0.232565 0.242290 11932 837 872
351 0.212281 0.242567 10964 764 873
352 0.388997 0.244235 9885 1400 879
353 0.106974 0.244790 6066 385 881
354 0.291748 0.244512 8959 1050 880
355 0.392609 0.247569 9104 1413 891
356 0.230620 0.248402 10928 830 894
357 0.050014 0.248680 4809 180 895
358 0.283412 0.248680 10439 1020 895
359 0.050570 0.248958 4809 182 896
360 0.435121 0.248958 8753 1566 896
361 0.000000 0.251459 5114 0 905
362 0.142262 0.252292 7696 512 908
363 0.269241 0.252292 12946 969 908
364 0.396777 0.252292 9419 1428 908
365 0.222006 0.252570 11669 799 909
366 0.062240 0.253682 4967 224 913
367 0.277299 0.254237 11909 998 915
368 0.288969 0.254237 11210 1040 915
369 0.288136 0.255627 11476 1037 920
370 0.379828 0.256738 7995 1367 924
371 0.409836 0.257572 9543 1475 927
372 0.431509 0.258405 9527 1553 930
373 0.231453 0.258683 10921 833 931
374 0.080578 0.258961 4819 290 932
375 0.000000 0.260350 4491 0 937
376 0.539872 0.261184 6102 1943 940
377 0.375382 0.262017 8169 1351 943
378 0.280634 0.262295 12913 1010 944
379 0.539872 0.262295 6079 1943 944
380 0.428174 0.263129 9773 1541 947
381 0.000000 0.263684 4301 0 949
382 0.395110 0.263962 8290 1422 950
383 0.257294 0.264240 12408 926 951
384 0.435954 0.264796 8356 1569 953
385 0.539872 0.265629 6210 1943 956
386 0.425952 0.266741 9783 1533 960
387 0.422895 0.268130 9783 1522 965
388 0.417060 0.268686 9816 1501 967
389 0.539872 0.268686 6443 1943 967
390 0.539872 0.272020 6466 1943 979
391 0.307308 0.273687 10275 1106 985
392 0.418727 0.273965 9570 1507 986
393 0.190886 0.274799 5725 687 989
394 0.243401 0.275632 12716 876 992
395 0.472631 0.276466 7857 1701 995
396 0.420117 0.277855 9520 1512 1000
397 0.225063 0.278133 10354 810 1001
398 0.257572 0.278966 13959 927 1004
399 0.539872 0.278689 7283 1943 1003
400 0.276188 0.278966 14140 994 1004
401 0.304251 0.278966 11551 1095 1004
402 0.296749 0.279800 11827 1068 1007
403 0.039455 0.280911 5354 142 1011
404 0.141706 0.281745 6220 510 1014
405 0.000000 0.282578 4389 0 1017
406 0.213948 0.282578 9071 770 1017
407 0.308975 0.283968 11266 1112 1022
408 0.460406 0.284523 8261 1657 1024
409 0.318700 0.285079 11036 1147 1026
410 0.426785 0.285079 9347 1536 1026
411 0.311198 0.285357 11187 1120 1027
412 0.203668 0.288136 6948 733 1037
413 0.539872 0.288413 8638 1943 1038
414 0.431231 0.288413 9793 1552 1038
415 0.439567 0.289525 9192 1582 1042
416 0.407335 0.289803 8687 1466 1043
417 0.325090 0.290081 11112 1170 1044
418 0.282023 0.290636 13241 1015 1046
419 0.456516 0.290358 8323 1643 1045
420 0.294248 0.290914 11847 1059 1047
421 0.000000 0.292026 4763 0 1051
422 0.539872 0.292303 9222 1943 1052
423 0.338983 0.292859 11138 1220 1054
424 0.295360 0.293971 11076 1063 1058
425 0.000000 0.294526 4507 0 1060
426 0.433732 0.295360 10393 1561 1063
427 0.539872 0.296471 9832 1943 1067
428 0.441789 0.296749 9606 1590 1068
429 0.498194 0.297027 8776 1793 1069
430 0.000000 0.297583 4668 0 1071
431 0.492637 0.297861 8628 1773 1072
432 0.539872 0.297861 9760 1943 1072
433 0.331759 0.298694 12641 1194 1075
434 0.332870 0.298694 12641 1198 1075
435 0.056405 0.300083 5672 203 1080
436 0.539872 0.300639 9888 1943 1082
437 0.100583 0.303695 3641 362 1093
438 0.000000 0.301750 4432 0 1086
439 0.340372 0.302028 12746 1225 1087
440 0.467074 0.302028 8169 1681 1087
441 0.453737 0.302862 8828 1633 1090
442 0.539872 0.303695 9573 1943 1093
443 0.221728 0.305085 6804 798 1098
444 0.460128 0.305085 9215 1656 1098
445 0.345652 0.305363 12486 1244 1099
446 0.062240 0.305918 5656 224 1101
447 0.284801 0.306474 11587 1025 1103
448 0.483190 0.306474 8097 1739 1103
449 0.349542 0.306474 12998 1258 1103
450 0.467074 0.306474 8123 1681 1103
451 0.000000 0.307308 4206 0 1106
452 0.295082 0.307308 11200 1062 1106
453 0.539872 0.307585 10321 1943 1107
454 0.539872 0.309808 10521 1943 1115
455 0.253126 0.310364 8215 911 1117
456 0.362601 0.310642 11312 1305 1118
457 0.460406 0.311198 9087 1657 1120
458 0.429564 0.312309 8822 1546 1124
459 0.539872 0.312587 10501 1943 1125
460 0.063351 0.312865 5646 228 1126
461 0.336482 0.312865 11158 1211 1126
462 0.465407 0.313698 8838 1675 1129
463 0.363712 0.313976 11128 1309 1130
464 0.197555 0.314532 5423 711 1132
465 0.468463 0.314810 8907 1686 1133
466 0.539872 0.314810 10472 1943 1133
467 0.506530 0.315088 9022 1823 1134
468 0.072798 0.316199 5515 262 1138
469 0.434843 0.316477 8907 1565 1139
470 0.065018 0.317310 5649 234 1142
471 0.064740 0.318700 5649 233 1147
472 0.482078 0.318422 8874 1735 1146
473 0.539872 0.319255 10134 1943 1149
474 0.504862 0.320367 8694 1817 1153
475 0.295360 0.320645 11371 1063 1154
476 0.470131 0.320922 8996 1692 1155
477 0.337594 0.321478 10931 1215 1157
478 0.367602 0.321756 11496 1323 1158
479 0.421228 0.321756 8270 1516 1158
480 0.375938 0.322590 11656 1353 1161
481 0.297027 0.322590 11394 1069 1161
482 0.372881 0.322867 11768 1342 1162
483 0.191720 0.323701 6040 690 1165
484 0.539872 0.323423 11154 1943 1164
485 0.002501 0.324257 7811 9 1167
486 0.514865 0.324535 9530 1853 1168
487 0.305363 0.325368 10797 1099 1171
488 0.418727 0.326480 8313 1507 1175
489 0.467630 0.326480 8720 1683 1175
490 0.009169 0.326757 8106 33 1176
491 0.298694 0.326757 11558 1075 1176
492 0.309530 0.326757 9721 1114 1176
493 0.517088 0.326757 9514 1861 1176
494 0.011948 0.328702 8041 43 1183
495 0.366769 0.328702 11210 1320 1183
496 0.525979 0.328980 9812 1893 1184
497 0.424840 0.329814 7956 1529 1187
498 0.056405 0.330647 6315 203 1190
499 0.296471 0.332592 10613 1067 1197
500 0.016116 0.332870 8103 58 1198
501 0.365935 0.333426 11430 1317 1200
502 0.431509 0.333426 7962 1553 1200
503 0.302584 0.333982 10944 1089 1202
504 0.460128 0.334537 8697 1656 1204
505 0.411781 0.336204 8185 1482 1210
506 0.472353 0.337594 9229 1700 1215
507 0.306752 0.338149 10797 1104 1217
508 0.391498 0.339261 10564 1409 1221
509 0.020006 0.340372 7808 72 1225
510 0.462906 0.342317 8969 1666 1232
511 0.529869 0.342595 10370 1907 1233
512 0.189219 0.343151 5036 681 1235
513 0.371214 0.342873 11430 1336 1234
514 0.389275 0.345096 10682 1401 1242
515 0.021673 0.345652 8008 78 1244
516 0.374548 0.346207 11604 1348 1246
517 0.539872 0.347319 9169 1943 1250
518 0.304529 0.347597 9114 1096 1251
519 0.375382 0.348708 11689 1351 1255
520 0.046124 0.349264 5908 166 1257
521 0.460961 0.349542 9212 1659 1258
522 0.406780 0.349819 10705 1464 1259
523 0.025007 0.350653 7883 90 1262
524 0.404835 0.351209 10731 1457 1264
525 0.457905 0.352320 9022 1648 1268
526 0.378161 0.353432 12099 1361 1272
527 0.026674 0.354265 7677 96 1275
528 0.021951 0.355654 7549 79 1280
529 0.465685 0.355654 9071 1676 1280
530 0.337038 0.356210 10501 1213 1282
531 0.384273 0.357044 11627 1383 1285
532 0.373437 0.357599 11683 1344 1287
533 0.389830 0.358433 11633 1403 1290
534 0.387608 0.358711 11397 1395 1291
535 0.033620 0.359544 7713 121 1294
536 0.460128 0.359544 8346 1656 1294
537 0.241178 0.360656 6988 868 1298
538 0.371492 0.360378 11797 1337 1297
539 0.040567 0.360656 7263 146 1298
540 0.002501 0.361489 4691 9 1301
541 0.539872 0.361767 7578 1943 1302
542 0.068352 0.362045 5387 246 1303
543 0.024173 0.362601 7037 87 1305
544 0.039455 0.363156 7552 142 1307
545 0.539872 0.363156 7660 1943 1307
546 0.045568 0.364268 7004 164 1311
547 0.477355 0.364268 8986 1718 1311
548 0.393998 0.364824 11197 1418 1313
549 0.193109 0.365379 2726 695 1315
550 0.363156 0.366213 12201 1307 1318
551 0.451514 0.366213 8766 1625 1318
552 0.362045 0.367046 12198 1303 1321
553 0.539872 0.367046 7837 1943 1321
554 0.030564 0.368436 7089 110 1326
555 0.350375 0.370103 12444 1261 1332
556 0.335093 0.370381 11597 1206 1333
557 0.539872 0.371492 8277 1943 1337
558 0.390664 0.372048 11601 1406 1339
559 0.459294 0.372048 9012 1653 1339
560 0.476243 0.372326 8579 1714 1340
561 0.211725 0.373159 3779 762 1343
562 0.041400 0.374548 7631 149 1348
563 0.539872 0.375938 8579 1943 1353
564 0.460406 0.376493 8884 1657 1355
565 0.462073 0.376771 8861 1663 1356
566 0.485690 0.377605 8651 1748 1359
567 0.254793 0.379550 7775 917 1366
568 0.389830 0.379550 11532 1403 1366
569 0.458183 0.379828 8638 1649 1367
570 0.045290 0.382884 7650 163 1378
571 0.538483 0.383996 9763 1938 1382
572 0.256182 0.384829 7811 922 1385
573 0.336760 0.384829 10613 1212 1385
574 0.539872 0.385385 9691 1943 1387
575 0.047235 0.386218 7778 170 1390
576 0.480133 0.386774 8277 1728 1392
577 0.415949 0.387330 9711 1497 1394
578 0.052792 0.388441 8156 190 1398
579 0.390386 0.388441 12099 1405 1398
580 0.539872 0.389830 10059 1943 1403
581 0.539872 0.390664 10059 1943 1406
582 0.061406 0.391775 7122 221 1410
583 0.462629 0.392053 7808 1665 1411
584 0.262017 0.392331 7913 943 1412
585 0.393720 0.392609 11125 1417 1413
586 0.539872 0.392887 9685 1943 1414
587 0.388719 0.393443 11555 1399 1416
588 0.421784 0.395665 9304 1518 1424
589 0.402612 0.395943 11079 1449 1425
590 0.404557 0.396777 11328 1456 1428
591 0.415949 0.396499 9596 1497 1427
592 0.143929 0.397333 8080 518 1430
593 0.264518 0.397333 8070 952 1430
594 0.025841 0.397610 5485 93 1431
595 0.055571 0.397610 7874 200 1431
596 0.000000 0.397888 6384 0 1432
597 0.000000 0.399833 6272 0 1439
598 0.056127 0.400667 7844 202 1442
599 0.041956 0.401500 6269 151 1445
600 0.144485 0.401778 8408 520 1446
601 0.409836 0.403168 9934 1475 1451
602 0.372326 0.403445 10895 1340 1452
603 0.182829 0.403723 7716 658 1453
604 0.011670 0.404001 5662 42 1454
605 0.193109 0.404279 7086 695 1455
606 0.539872 0.404835 10436 1943 1457
607 0.147541 0.405390 8464 531 1459
608 0.466518 0.405390 7778 1679 1459
609 0.059461 0.407058 7473 214 1465
610 0.136149 0.407058 5928 490 1465
611 0.175049 0.407058 7703 630 1465
612 0.032231 0.407891 5636 116 1468
613 0.222284 0.408447 6394 800 1470
614 0.418172 0.409003 9488 1505 1472
615 0.267852 0.409836 9064 964 1475
616 0.207836 0.410114 8435 748 1476
617 0.359544 0.410392 10915 1294 1477
618 0.261739 0.410670 8543 942 1478
619 0.270909 0.411503 9015 975 1481
620 0.374271 0.412337 10928 1347 1484
621 0.064740 0.412615 7450 233 1485
622 0.061962 0.413448 7595 223 1488
623 0.419283 0.414282 8966 1509 1491
624 0.067519 0.415393 7601 243 1495
625 0.274243 0.415671 8848 987 1496
626 0.171992 0.416227 7906 619 1498
627 0.212837 0.415949 8720 766 1497
628 0.379828 0.415949 11220 1367 1497
629 0.417894 0.415949 8510 1504 1497
630 0.164768 0.416505 7631 593 1499
631 0.015560 0.417060 6358 56 1501
632 0.213393 0.417338 8772 768 1502
633 0.222284 0.417894 7391 800 1504
634 0.539872 0.418172 9238 1943 1505
635 0.066963 0.418727 7644 241 1507
636 0.028063 0.419283 7066 101 1509
637 0.156432 0.419839 7398 563 1511
638 0.539872 0.420395 9583 1943 1513
639 0.382051 0.420672 10705 1375 1514
640 0.384829 0.420672 10918 1385 1514
641 0.389553 0.421228 11227 1402 1516
642 0.276188 0.421784 9130 994 1518
643 0.230064 0.422062 7864 828 1519
644 0.211725 0.422340 8772 762 1520
645 0.142817 0.422617 7555 514 1521
646 0.525424 0.422895 8654 1891 1522
647 0.539872 0.422895 9980 1943 1522
648 0.375660 0.423729 10757 1352 1525
649 0.372326 0.426230 10803 1340 1534
650 0.466796 0.426785 6738 1680 1536
651 0.277577 0.427063 9110 999 1537
652 0.279800 0.427897 9330 1007 1540
653 0.534871 0.428174 9944 1925 1541
654 0.264796 0.428730 8083 953 1543
655 0.372881 0.429564 11145 1342 1546
656 0.398722 0.430119 10360 1435 1548
657 0.000000 0.430675 5154 0 1550
658 0.208113 0.431231 8674 749 1552
659 0.287024 0.431231 9163 1033 1552
660 0.176438 0.432898 7732 635 1558
661 0.222284 0.433454 6866 800 1560
662 0.393165 0.434843 10164 1415 1565
663 0.430397 0.434843 7969 1549 1565
664 0.000000 0.435121 5623 0 1566
665 0.289803 0.435954 8471 1043 1569
666 0.062240 0.436510 6601 224 1571
667 0.370103 0.436788 10613 1332 1572
668 0.118922 0.437066 4409 428 1573
669 0.529036 0.437344 9947 1904 1574
670 0.418450 0.438455 8487 1506 1578
671 0.290914 0.438733 8881 1047 1579
672 0.178383 0.439567 7673 642 1582
673 0.261739 0.439567 8126 942 1582
674 0.357877 0.440400 9986 1288 1585
675 0.400111 0.440400 9921 1440 1585
676 0.173381 0.441234 7253 624 1588
677 0.310920 0.441789 4803 1119 1590
678 0.405113 0.442901 9622 1458 1594
679 0.065296 0.443179 6466 235 1595
680 0.168936 0.443457 7365 608 1596
681 0.002779 0.443734 6866 10 1597
682 0.527369 0.443734 9809 1898 1597
683 0.000000 0.444290 6797 0 1599
684 0.247291 0.444290 7591 890 1599
685 0.294804 0.444290 7946 1061 1599
686 0.410114 0.444290 9616 1476 1599
687 0.263129 0.444568 8277 947 1600
688 0.000000 0.445957 6597 0 1605
689 0.068074 0.446235 6469 245 1606
690 0.003890 0.447346 6840 14 1610
691 0.261184 0.447346 8526 940 1610
692 0.388997 0.448180 9130 1400 1613
693 0.139761 0.449014 6062 503 1616
694 0.009447 0.451514 7181 34 1625
695 0.509864 0.451514 8087 1835 1625
696 0.152265 0.452070 6784 548 1627
697 0.430953 0.453737 7496 1551 1633
698 0.392053 0.456516 8753 1411 1643
699 0.022228 0.459572 6476 80 1654
700 0.000556 0.460961 4133 2 1659
701 0.330092 0.462351 6555 1188 1664
702 0.397888 0.463184 8897 1432 1667
703 0.390108 0.464018 8887 1404 1670
704 0.160322 0.464296 6459 577 1671
705 0.342873 0.465407 7191 1234 1675
706 0.402612 0.465685 8815 1449 1676
707 0.502917 0.465963 7752 1810 1677
708 0.067797 0.467630 4238 244 1683
709 0.197277 0.468741 4790 710 1687
710 0.171714 0.470131 6282 618 1692
711 0.436510 0.470408 4917 1571 1693
712 0.385107 0.470964 8720 1386 1695
713 0.344818 0.471242 7454 1241 1696
714 0.260906 0.471798 9192 939 1698
715 0.496805 0.475132 7647 1788 1710
716 0.175326 0.475966 6118 631 1713
717 0.346763 0.476243 7260 1248 1714
718 0.288969 0.477633 8756 1040 1719
719 0.447624 0.479300 6922 1611 1725
720 0.266185 0.479578 8822 958 1726
721 0.284801 0.481523 8572 1025 1733
722 0.188941 0.482356 4829 680 1736
723 0.282023 0.482356 8536 1015 1736
724 0.261184 0.484301 8736 940 1743
725 0.277021 0.485968 8441 997 1749
726 0.000278 0.487913 3129 1 1756
727 0.301195 0.489025 8192 1084 1760
728 0.539872 0.491525 3067 1943 1769
729 0.302862 0.491803 8484 1090 1770
730 0.121423 0.492637 4560 437 1773
731 0.289525 0.492359 7972 1042 1772
732 0.086691 0.494026 3743 312 1778
733 0.365101 0.495415 5003 1314 1783
734 0.277021 0.497083 8677 997 1789
735 0.322590 0.497638 5305 1161 1791
736 0.335371 0.497638 3674 1207 1791
737 0.000000 0.499861 2204 0 1799
738 0.099194 0.501806 3136 357 1806
739 0.279800 0.503751 8661 1007 1813
740 0.001667 0.506807 1502 6 1824
741 0.320367 0.506252 6459 1153 1822
742 0.467074 0.508475 2880 1681 1830
743 0.285079 0.510142 8848 1026 1836
744 0.396221 0.516810 2152 1426 1860
745 0.321200 0.517366 8451 1156 1862
746 0.539872 0.517644 6456 1943 1863
747 0.287580 0.518755 8221 1035 1867
748 0.216449 0.519033 7122 779 1868
749 0.539872 0.522367 6538 1943 1880
750 0.320089 0.523479 8362 1152 1884
751 0.073076 0.525146 2427 263 1890
752 0.286191 0.525424 8146 1030 1891
753 0.271186 0.525702 8179 976 1892
754 0.426230 0.525979 3477 1534 1893
755 0.318700 0.526257 8333 1147 1894
756 0.375938 0.526813 6033 1353 1896
757 0.539872 0.527647 7145 1943 1899
758 0.241734 0.527924 6830 870 1900
759 0.220339 0.530703 7641 793 1910
760 0.111142 0.535704 2099 400 1928
761 0.056405 0.531814 3330 203 1914
762 0.322590 0.532926 8412 1161 1918
763 0.282856 0.533204 9534 1018 1919
764 0.539872 0.533482 6496 1943 1920
765 0.450403 0.534037 4612 1621 1922
766 0.328702 0.534315 8021 1183 1923
767 0.213670 0.534593 7808 769 1924
768 0.220339 0.534593 8169 793 1924
769 0.322867 0.535149 8540 1162 1926
770 0.083912 0.538205 2050 302 1937
771 0.224507 0.535982 8011 808 1929
772 0.539872 0.535982 6653 1943 1929
773 0.000000 0.536260 4291 0 1930
774 0.335649 0.536538 7887 1208 1931
775 0.332870 0.536816 7972 1198 1932
776 0.539872 0.537094 6640 1943 1933
777 0.343984 0.537649 7408 1238 1935
778 0.022506 0.538761 1578 81 1939
779 0.464018 0.538761 5282 1670 1939
780 0.261462 0.539316 3412 941 1941
781 0.286746 0.538761 9481 1032 1939
782 0.156432 0.539594 3310 563 1942
783 0.517088 0.539594 4960 1861 1942
784 0.042234 0.539316 3159 152 1941
785 0.078355 0.539594 2060 282 1942
786 0.180606 0.539594 3976 650 1942
787 0.282856 0.539316 8848 1018 1941
788 0.365379 0.539594 2867 1315 1942
789 0.468463 0.539594 5524 1686 1942
790 0.027230 0.539872 2066 98 1943
791 0.175326 0.539872 3789 631 1943
792 0.317033 0.539594 8136 1141 1942
793 0.117533 0.539872 2204 423 1943
794 0.130314 0.539872 2883 469 1943
795 0.138094 0.539872 3549 497 1943
796 0.142262 0.539872 3458 512 1943
797 0.148097 0.539872 2992 533 1943
798 0.153654 0.539872 3336 553 1943
799 0.160044 0.539872 3418 576 1943
800 0.164490 0.539872 3667 592 1943
801 0.176716 0.539872 3779 636 1943
802 0.185329 0.539872 2857 667 1943
803 0.190053 0.539872 2772 684 1943
804 0.221173 0.539872 6893 796 1943
805 0.237010 0.539872 8120 853 1943
806 0.238955 0.539872 8018 860 1943
807 0.241178 0.539872 7611 868 1943
808 0.300639 0.539872 6368 1082 1943
809 0.311753 0.539872 8146 1122 1943
810 0.314532 0.539872 8015 1132 1943
811 0.478466 0.539872 4514 1722 1943
812 0.481245 0.539872 4635 1732 1943
813 0.487635 0.539872 3884 1755 1943
814 0.490414 0.539872 3864 1765 1943
815 0.505696 0.539872 5390 1820 1943
816 0.506807 0.539872 5465 1824 1943
817 0.513754 0.539872 4999 1849 1943
BasinSaddles 0
Runoffs 251
1 0.000000 0.000000 2267 0 0
2 0.009447 0.000000 4803 34 0
3 0.018616 0.000000 5475 67 0
4 0.033898 0.000000 4668 122 0
5 0.058350 0.000000 7381 210 0
6 0.062517 0.000000 7073 225 0
7 0.065018 0.000000 6922 234 0
8 0.074743 0.000000 5652 269 0
9 0.078355 0.000000 5980 282 0
10 0.082245 0.000000 5738 296 0
11 0.096138 0.000000 4238 346 0
12 0.099194 0.000000 3956 357 0
13 0.100583 0.000000 3966 362 0
14 0.105585 0.000000 3753 380 0
15 0.107530 0.000000 3769 387 0
16 0.110864 0.000000 3428 399 0
17 0.126980 0.000000 2847 457 0
18 0.143373 0.000000 2309 516 0
19 0.146430 0.000000 2309 527 0
20 0.153932 0.000000 2411 554 0
21 0.160322 0.000000 2732 577 0
22 0.163934 0.000000 2785 590 0
23 0.165046 0.000000 2808 594 0
24 0.170881 0.000000 3120 615 0
25 0.175326 0.000000 3464 631 0
26 0.179494 0.000000 3572 646 0
27 0.182551 0.000000 3651 657 0
28 0.229508 0.000000 7916 826 0
29 0.233398 0.000000 7618 840 0
30 0.238122 0.000000 7388 857 0
31 0.243957 0.000000 7401 878 0
32 0.247013 0.000000 7319 889 0
33 0.259794 0.000000 9219 935 0
34 0.276466 0.000000 6151 995 0
35 0.287024 0.000000 4366 1033 0
36 0.310642 0.000000 7755 1118 0
37 0.315088 0.000000 8113 1134 0
38 0.326480 0.000000 7296 1175 0
39 0.329536 0.000000 7306 1186 0
40 0.357044 0.000000 9586 1285 0
41 0.363434 0.000000 9297 1308 0
42 0.367880 0.000000 8897 1324 0
43 0.373437 0.000000 8782 1344 0
44 0.380106 0.000000 7470 1368 0
45 0.390386 0.000000 7726 1405 0
46 0.399000 0.000000 9038 1436 0
47 0.402334 0.000000 9248 1448 0
48 0.421506 0.000000 11637 1517 0
49 0.426507 0.000000 10308 1535 0
50 0.428730 0.000000 9881 1543 0
51 0.446791 0.000000 5967 1608 0
52 0.456238 0.000000 7477 1642 0
53 0.457627 0.000000 7545 1647 0
54 0.465129 0.000000 7860 1674 0
55 0.482634 0.000000 9904 1737 0
56 0.498472 0.000000 7293 1794 0
57 0.530147 0.000000 9852 1908 0
58 0.539594 0.000000 8858 1942 0
59 0.539872 0.000000 8854 1943 0
60 0.539872 0.004724 8917 1943 17
61 0.539872 0.006669 8720 1943 24
62 0.539872 0.010003 9094 1943 36
63 0.539872 0.023340 11515 1943 84
64 0.539872 0.033898 11935 1943 122
65 0.539872 0.051125 8418 1943 184
66 0.539872 0.092804 5026 1943 334
67 0.539872 0.097805 6453 1943 352
68 0.539872 0.104473 5938 1943 376
69 0.539872 0.106141 5984 1943 382
70 0.539872 0.106974 5964 1943 385
71 0.539872 0.110586 5672 1943 398
72 0.539872 0.116421 5816 1943 419
73 0.539872 0.150320 2132 1943 541
74 0.539872 0.155043 2385 1943 558
75 0.539872 0.196999 7109 1943 709
76 0.539872 0.202001 7299 1943 727
77 0.539872 0.205891 7329 1943 741
78 0.539872 0.218950 6292 1943 788
79 0.539872 0.221173 6345 1943 796
80 0.539872 0.222562 6322 1943 801
81 0.539872 0.225896 6167 1943 813
82 0.539872 0.226730 6158 1943 816
83 0.539872 0.229230 6194 1943 825
84 0.539872 0.260072 6131 1943 936
85 0.539872 0.261462 6105 1943 941
86 0.539872 0.264796 6328 1943 953
87 0.539872 0.267852 6502 1943 964
88 0.539872 0.270909 6633 1943 975
89 0.539872 0.277855 7322 1943 1000
90 0.539872 0.287858 8645 1943 1036
91 0.539872 0.292026 9242 1943 1051
92 0.539872 0.296193 9862 1943 1066
93 0.539872 0.297027 9865 1943 1069
94 0.539872 0.299528 10036 1943 1078
95 0.539872 0.300917 9934 1943 1083
96 0.539872 0.307308 10328 1943 1106
97 0.539872 0.308975 10583 1943 1112
98 0.539872 0.311753 10639 1943 1122
99 0.539872 0.313698 10567 1943 1129
100 0.539872 0.316199 10580 1943 1138
101 0.539872 0.323145 11171 1943 1163
102 0.539872 0.329258 12208 1943 1185
103 0.539872 0.331481 11961 1943 1193
104 0.539872 0.333982 11863 1943 1202
105 0.539872 0.348986 9209 1943 1256
106 0.539872 0.357044 8159 1943 1285
107 0.539872 0.362879 7670 1943 1306
108 0.539872 0.366213 7919 1943 1318
109 0.539872 0.370936 8300 1943 1335
110 0.539872 0.374826 8605 1943 1349
111 0.539872 0.384551 9773 1943 1384
112 0.539872 0.388997 10190 1943 1400
113 0.539872 0.390386 10072 1943 1405
114 0.539872 0.390942 10062 1943 1407
115 0.539872 0.400111 10948 1943 1440
116 0.539872 0.406502 10505 1943 1463
117 0.539872 0.419839 9622 1943 1511
118 0.539872 0.422062 10003 1943 1519
119 0.539872 0.425396 10469 1943 1531
120 0.539872 0.434565 9274 1943 1564
121 0.539872 0.439011 9068 1943 1580
122 0.539872 0.444290 8923 1943 1599
123 0.539872 0.447069 9025 1943 1609
124 0.539872 0.452348 8645 1943 1628
125 0.539872 0.453181 8648 1943 1631
126 0.539872 0.457627 8402 1943 1647
127 0.539872 0.459850 8461 1943 1655
128 0.539872 0.468186 7401 1943 1685
129 0.539872 0.517088 6509 1943 1861
130 0.539872 0.520422 6696 1943 1873
131 0.539872 0.525979 7230 1943 1893
132 0.539872 0.528480 7158 1943 1902
133 0.539872 0.535426 6663 1943 1927
134 0.539872 0.536538 6656 1943 1931
135 0.539872 0.538761 6699 1943 1939
136 0.539872 0.539872 6669 1943 1943
137 0.000000 0.011948 3710 0 43
138 0.000000 0.017783 4688 0 64
139 0.000000 0.032787 4750 0 118
140 0.000000 0.036955 4714 0 133
141 0.000000 0.037510 4711 0 135
142 0.000000 0.041956 4429 0 151
143 0.000000 0.045013 4471 0 162
144 0.000000 0.046957 4580 0 169
145 0.000000 0.047791 4553 0 172
146 0.000000 0.048902 4563 0 176
147 0.000000 0.049736 4563 0 179
148 0.000000 0.057516 3156 0 207
149 0.000000 0.075299 5288 0 271
150 0.000000 0.078911 5501 0 284
151 0.000000 0.081134 5475 0 292
152 0.000000 0.086691 5964 0 312
153 0.000000 0.092248 5344 0 332
154 0.000000 0.097527 6138 0 351
155 0.000000 0.104473 4862 0 376
156 0.000000 0.120311 7244 0 433
157 0.000000 0.121423 7178 0 437
158 0.000000 0.138094 3664 0 497
159 0.000000 0.146707 2427 0 528
160 0.000000 0.173659 5223 0 625
161 0.000000 0.181161 4265 0 652
162 0.000000 0.204779 2421 0 737
163 0.000000 0.206168 2437 0 742
164 0.000000 0.208113 2529 0 749
165 0.000000 0.218116 3661 0 785
166 0.000000 0.219505 3615 0 790
167 0.000000 0.222562 3405 0 801
168 0.000000 0.225340 3264 0 811
169 0.000000 0.226452 3270 0 815
170 0.000000 0.228675 3228 0 823
171 0.000000 0.230342 3202 0 829
172 0.000000 0.240622 3825 0 866
173 0.000000 0.251181 5118 0 904
174 0.000000 0.253404 5157 0 912
175 0.000000 0.261462 4534 0 941
176 0.000000 0.274799 5974 0 989
177 0.000000 0.287858 5341 0 1036
178 0.000000 0.292581 4767 0 1053
179 0.000000 0.297305 4671 0 1070
180 0.000000 0.298138 4671 0 1073
181 0.000000 0.303695 4543 0 1093
182 0.000000 0.323979 8011 0 1166
183 0.000000 0.330925 6942 0 1191
184 0.000000 0.346485 4960 0 1247
185 0.000000 0.349542 5134 0 1258
186 0.000000 0.363434 4908 0 1308
187 0.000000 0.396221 6640 0 1426
188 0.000000 0.398444 6397 0 1434
189 0.000000 0.400667 6309 0 1442
190 0.000000 0.421784 6243 0 1518
191 0.000000 0.426785 5744 0 1536
192 0.000000 0.434287 5652 0 1563
193 0.000000 0.441789 7365 0 1590
194 0.000000 0.444568 6804 0 1600
195 0.000000 0.446235 6607 0 1606
196 0.000000 0.457349 4251 0 1646
197 0.000000 0.472631 4780 0 1701
198 0.000000 0.490970 3277 0 1767
199 0.000000 0.500139 2214 0 1800
200 0.000000 0.507363 1502 0 1826
201 0.000000 0.535704 4314 0 1928
202 0.000000 0.539039 4665 0 1940
203 0.000000 0.539872 4612 0 1943
204 0.026674 0.539872 2086 96 1943
205 0.041678 0.539872 3238 150 1943
206 0.050847 0.539872 4025 183 1943
207 0.056127 0.539872 3720 202 1943
208 0.077244 0.539872 2066 278 1943
209 0.080856 0.539872 2063 291 1943
210 0.108363 0.539872 2109 390 1943
211 0.117255 0.539872 2208 422 1943
212 0.128647 0.539872 3054 463 1943
213 0.137538 0.539872 3559 495 1943
214 0.139205 0.539872 3559 501 1943
215 0.144485 0.539872 3487 520 1943
216 0.151153 0.539872 3451 544 1943
217 0.154765 0.539872 3356 557 1943
218 0.159489 0.539872 3435 574 1943
219 0.164212 0.539872 3671 591 1943
220 0.172270 0.539872 3930 620 1943
221 0.175882 0.539872 3802 633 1943
222 0.180606 0.539872 3982 650 1943
223 0.186441 0.539872 2867 671 1943
224 0.218950 0.539872 6988 788 1943
225 0.223395 0.539872 6968 804 1943
226 0.235065 0.539872 8546 846 1943
227 0.237566 0.539872 8195 855 1943
228 0.239233 0.539872 8021 861 1943
229 0.243123 0.539872 7775 875 1943
230 0.282023 0.539872 8897 1015 1943
231 0.287858 0.539872 9534 1036 1943
232 0.310086 0.539872 8274 1116 1943
233 0.312587 0.539872 8195 1125 1943
234 0.316477 0.539872 8231 1139 1943
235 0.319533 0.539872 8083 1150 1943
236 0.321200 0.539872 8313 1156 1943
237 0.334260 0.539872 8339 1203 1943
238 0.345652 0.539872 7493 1244 1943
239 0.366213 0.539872 2933 1318 1943
240 0.387052 0.539872 5321 1393 1943
241 0.413726 0.539872 1555 1489 1943
242 0.429286 0.539872 1532 1545 1943
243 0.466518 0.539872 5646 1679 1943
244 0.469853 0.539872 5718 1691 1943
245 0.480689 0.539872 4645 1730 1943
246 0.482912 0.539872 4780 1738 1943
247 0.489025 0.539872 4058 1760 1943
248 0.499861 0.539872 6230 1799 1943
249 0.506252 0.539872 5521 1822 1943
250 0.507085 0.539872 5479 1825 1943
251 0.514310 0.539872 5003 1851 1943
Edges 817
1 115 1
2 3 2
3 4 3
4 5 4
5 6 5
6 7 6
7 8 7
8 9 8
9 10 9
10 33 31
11 12 11
12 13 12
13 14 13
14 15 14
15 16 15
16 17 16
17 37 17
18 46 18
19 18 19
20 19 20
21 31 22
22 21 23
23 22 24
24 23 25
25 40 34
26 25 27
27 26 28
28 27 29
29 36 33
30 20 21
31 30 30
32 46 35
33 11 10
34 28 32
35 34 36
36 53 40
37 50 42
38 31 39
39 33 37
40 24 26
41 35 38
42 38 41
43 53 46
44 42 44
45 39 43
46 48 48
47 52 54
48 52 52
49 47 51
50 49 50
51 45 49
52 82 69
53 67 60
54 62 55
55 41 45
56 42 53
57 40 47
58 56 56
59 53 58
60 58 59
61 71 66
62 66 65
63 70 62
64 60 61
65 55 57
66 68 67
67 68 68
68 100 84
69 64 63
70 57 64
71 73 71
72 65 70
73 76 75
74 85 74
75 69 72
76 80 78
77 99 85
78 72 73
79 75 76
80 84 79
81 82 82
82 95 88
83 70 77
84 101 87
85 97 81
86 79 83
87 68 80
88 93 90
89 116 92
90 102 93
91 78 86
92 86 89
93 97 94
94 108 96
95 128 119
96 92 95
97 107 104
98 110 99
99 95 98
100 97 97
101 87 91
102 110 102
103 101 100
104 96 103
105 100 106
106 91 101
107 114 110
108 99 105
109 127 112
110 135 122
111 100 107
112 95 109
113 96 108
114 139 117
115 122 118
116 127 116
117 130 123
118 123 115
119 114 114
120 103 113
121 108 111
122 133 125
123 126 121
124 151 128
125 106 120
126 129 124
127 135 127
128 137 136
129 131 129
130 139 134
131 133 130
132 113 126
133 130 137
134 108 133
135 144 138
136 121 132
137 127 135
138 91 131
139 152 142
140 145 145
141 157 147
142 138 140
143 120 139
144 151 149
145 160 148
146 136 141
147 133 143
148 149 144
149 144 146
150 174 151
151 161 156
152 176 175
153 146 150
154 105 152
155 147 153
156 142 154
157 143 155
158 156 158
159 158 161
160 155 157
161 178 177
162 152 159
163 153 160
164 153 163
165 159 165
166 174 171
167 164 167
168 154 162
169 157 164
170 192 166
171 125 169
172 198 173
173 163 168
174 180 179
175 165 170
176 203 197
177 160 176
178 183 174
179 182 178
180 194 185
181 179 182
182 169 172
183 194 191
184 178 183
185 163 181
186 173 180
187 182 187
188 187 186
189 185 189
190 189 190
191 190 192
192 186 188
193 195 196
194 206 199
195 191 195
196 184 184
197 215 200
198 209 201
199 188 198
200 152 193
201 213 206
202 168 194
203 221 204
204 191 202
205 213 210
206 209 209
207 192 203
208 206 205
209 212 212
210 207 208
211 225 215
212 219 216
213 226 223
214 178 207
215 211 214
216 192 213
217 206 211
218 272 218
219 234 227
220 272 221
221 240 229
222 230 222
223 225 220
224 262 225
225 221 217
226 229 224
227 216 219
228 239 226
229 236 230
230 240 232
231 227 231
232 233 236
233 210 228
234 245 238
235 230 233
236 234 234
237 256 237
238 270 235
239 244 242
240 250 241
241 245 240
242 246 243
243 231 239
244 248 245
245 307 262
246 251 246
247 263 249
248 241 244
249 254 250
250 261 252
251 249 248
252 260 251
253 301 257
254 269 256
255 245 254
256 268 258
257 250 247
258 255 255
259 293 270
260 266 263
261 285 266
262 265 260
263 266 261
264 233 253
265 303 265
266 282 275
267 258 259
268 272 267
269 257 264
270 274 272
271 267 268
272 279 271
273 286 279
274 280 273
275 249 269
276 271 274
277 281 278
278 282 282
279 289 283
280 312 286
281 307 280
282 276 277
283 291 284
284 285 285
285 295 292
286 298 289
287 288 288
288 286 287
289 299 296
290 292 291
291 304 297
292 296 293
293 270 276
294 307 295
295 294 294
296 311 298
297 269 281
298 278 290
299 302 299
300 307 300
301 308 303
302 310 304
303 306 305
304 305 306
305 303 302
306 309 307
307 317 312
308 322 308
309 302 301
310 321 315
311 313 309
312 327 319
313 314 314
314 319 317
315 259 310
316 312 313
317 330 326
318 322 316
319 320 318
320 324 321
321 342 328
322 334 327
323 335 323
324 326 324
325 331 325
326 365 335
327 338 331
328 298 322
329 309 320
330 336 334
331 330 330
332 321 329
333 335 333
334 354 338
335 356 345
336 353 350
337 328 332
338 339 339
339 297 311
340 351 341
341 348 344
342 344 342
343 327 337
344 346 343
345 327 336
346 334 340
347 358 351
348 366 348
349 367 354
350 342 347
351 356 352
352 343 349
353 368 356
354 372 360
355 361 357
356 363 355
357 338 353
358 368 365
359 370 358
360 339 346
361 362 359
362 345 366
363 364 364
364 375 371
365 369 361
366 390 363
367 371 368
368 394 373
369 378 375
370 390 367
371 374 369
372 377 372
373 356 370
374 390 378
375 391 388
376 379 376
377 386 380
378 395 381
379 385 379
380 390 383
381 352 374
382 360 362
383 373 377
384 377 384
385 388 385
386 387 386
387 391 387
388 392 389
389 364 382
390 409 400
391 396 392
392 400 390
393 406 391
394 402 394
395 415 405
396 404 396
397 405 395
398 358 393
399 435 403
400 416 399
401 394 397
402 390 398
403 411 407
404 412 410
405 413 408
406 403 401
407 401 406
408 382 404
409 406 402
410 417 409
411 410 411
412 423 414
413 430 419
414 423 415
415 422 421
416 421 413
417 436 417
418 407 412
419 425 420
420 438 423
421 428 422
422 431 425
423 429 426
424 396 416
425 409 418
426 425 424
427 440 429
428 432 427
429 430 428
430 447 441
431 433 430
432 437 432
433 445 438
434 438 434
435 439 435
436 434 433
437 441 436
438 444 439
439 454 446
440 474 467
441 452 442
442 427 431
443 446 440
444 449 445
445 488 451
446 447 444
447 457 457
448 457 450
449 450 449
450 456 456
451 425 452
452 455 453
453 402 443
454 461 460
455 459 454
456 472 463
457 463 462
458 402 455
459 460 459
460 465 466
461 467 468
462 429 458
463 466 465
464 425 447
465 481 473
466 442 448
467 408 437
468 453 464
469 461 470
470 462 469
471 438 461
472 485 478
473 474 474
474 489 486
475 464 475
476 466 472
477 471 477
478 479 480
479 485 482
480 466 476
481 493 484
482 469 471
483 488 485
484 462 479
485 496 495
486 475 481
487 492 487
488 491 490
489 494 493
490 487 492
491 495 494
492 486 491
493 513 511
494 493 496
495 505 500
496 507 501
497 500 497
498 468 483
499 492 499
500 484 488
501 502 504
502 480 489
503 482 498
504 492 503
505 512 509
506 497 502
507 514 513
508 511 508
509 502 506
510 504 507
511 528 514
512 516 515
513 539 541
514 517 516
515 498 512
516 525 523
517 524 519
518 502 510
519 510 518
520 493 517
521 500 505
522 521 522
523 518 521
524 528 526
525 530 527
526 523 525
527 559 530
528 534 531
529 523 529
530 543 535
531 525 528
532 556 537
533 503 520
534 535 534
535 536 533
536 522 524
537 528 532
538 526 536
539 547 545
540 530 543
541 503 542
542 516 540
543 533 539
544 529 547
545 543 546
546 537 538
547 555 553
548 546 550
549 548 552
550 515 549
551 543 554
552 559 556
553 543 544
554 536 548
555 561 557
556 569 567
557 526 551
558 557 559
559 549 555
560 586 561
561 570 563
562 554 558
563 557 564
564 563 565
565 566 566
566 529 560
567 553 562
568 557 569
569 583 572
570 571 571
571 578 574
572 567 570
573 559 573
574 562 568
575 593 577
576 572 575
577 566 576
578 580 580
579 574 579
580 581 581
581 600 586
582 584 582
583 587 584
584 576 578
585 603 594
586 637 613
587 614 593
588 579 585
589 595 588
590 633 604
591 599 592
592 568 583
593 596 590
594 579 587
595 593 591
596 588 589
597 590 596
598 584 595
599 605 600
600 611 606
601 597 597
602 598 598
603 584 599
604 606 603
605 612 607
606 615 605
607 605 610
608 593 601
609 594 602
610 592 608
611 638 634
612 640 630
613 602 609
614 621 619
615 625 616
616 618 618
617 608 614
618 614 615
619 609 617
620 604 611
621 630 625
622 609 620
623 613 622
624 613 621
625 628 627
626 617 623
627 626 629
628 637 633
629 624 624
630 649 642
631 622 628
632 633 631
633 634 636
634 603 612
635 628 632
636 629 635
637 663 643
638 644 638
639 642 640
640 620 626
641 612 637
642 631 639
643 639 641
644 650 647
645 650 646
646 641 645
647 631 648
648 635 644
649 651 651
650 658 653
651 652 652
652 656 659
653 647 649
654 643 656
655 649 654
656 697 677
657 663 661
658 676 669
659 592 650
660 653 655
661 632 657
662 648 658
663 700 684
664 669 663
665 660 667
666 646 668
667 640 660
668 656 665
669 682 670
670 636 666
671 643 662
672 668 671
673 671 675
674 665 674
675 667 672
676 689 682
677 661 664
678 667 676
679 673 678
680 655 673
681 693 693
682 679 686
683 677 683
684 672 685
685 677 681
686 670 679
687 683 688
688 680 687
689 746 728
690 678 680
691 686 689
692 685 690
693 690 696
694 671 692
695 692 694
696 689 695
697 708 701
698 682 697
699 695 699
700 688 691
701 694 698
702 701 702
703 701 703
704 702 706
705 690 704
706 667 709
707 719 718
708 674 705
709 696 707
710 695 700
711 690 710
712 703 712
713 691 708
714 708 713
715 700 714
716 709 715
717 714 717
718 711 716
719 721 721
720 728 719
721 723 723
722 718 722
723 725 725
724 725 724
725 715 720
726 695 726
727 719 727
728 698 711
729 733 732
730 727 729
731 719 731
732 738 735
733 734 738
734 705 730
735 732 736
736 726 737
737 725 734
738 745 741
739 736 740
740 737 739
741 728 742
742 740 743
743 712 733
744 712 744
745 748 745
746 749 746
747 756 748
748 752 750
749 755 749
750 742 747
751 759 754
752 760 755
753 763 753
754 803 758
755 757 757
756 766 759
757 771 764
758 743 756
759 761 765
760 767 762
761 810 779
762 734 751
763 750 752
764 767 766
765 766 767
766 770 768
767 776 769
768 763 763
769 798 786
770 778 771
771 774 772
772 779 773
773 808 774
774 777 776
775 762 761
776 807 792
777 818 783
778 801 805
779 783 778
780 734 770
781 768 781
782 773 777
783 784 790
784 775 784
785 780 785
786 734 760
787 788 793
788 789 794
789 790 795
790 791 796
791 792 797
792 793 798
793 794 782
794 795 799
795 796 800
796 797 791
797 769 801
798 799 802
799 765 803
800 778 804
801 802 806
802 803 807
803 763 780
804 768 787
805 768 808
806 805 809
807 806 810
808 764 775
809 782 788
810 811 789
811 812 811
812 813 812
813 814 813
814 815 814
815 816 815
817 816 816
818 817 817
RunoffEdges 251
61 0
61 1
59 2
59 3
29 4
36 5
36 6
43 7
43 8
43 9
62 10
62 11
62 12
62 13
62 14
62 15
115 16
1 17
115 18
2 19
3 20
4 21
5 22
6 23
7 24
8 25
9 26
10 27
11 28
12 29
13 30
14 31
15 32
16 33
17 34
37 35
37 36
50 37
50 38
32 39
32 40
46 41
46 42
46 43
18 44
19 45
20 46
30 47
31 48
31 49
21 50
22 51
23 52
24 53
25 54
26 55
27 56
28 57
28 58
34 59
35 60
41 61
55 62
65 63
78 64
138 65
142 66
156 67
158 68
159 69
165 70
175 71
224 72
224 73
283 74
291 75
291 76
304 77
304 78
304 79
304 80
304 81
304 82
376 83
379 84
385 85
388 86
392 87
400 88
416 89
421 90
428 91
432 92
437 93
441 94
452 95
455 96
459 97
460 98
465 99
481 100
493 101
493 102
493 103
520 104
513 105
539 106
547 107
555 108
561 109
571 110
578 111
580 112
581 113
600 114
611 115
638 116
644 117
650 118
658 119
658 120
676 121
676 122
689 123
689 124
689 125
689 126
689 127
746 128
749 129
755 130
757 131
771 132
774 133
777 134
777 135
61 136
61 137
71 138
71 139
71 140
71 141
71 142
71 143
71 144
71 145
71 146
71 147
141 148
141 149
141 150
141 151
141 152
141 153
141 154
179 155
181 156
182 157
182 158
259 159
259 160
290 161
292 162
296 163
311 164
313 165
314 166
319 167
320 168
324 169
326 170
365 171
365 172
369 173
378 174
395 175
415 176
422 177
431 178
433 179
445 180
483 181
488 182
505 183
505 184
542 185
590 186
597 187
601 188
632 189
632 190
661 191
677 192
683 193
687 194
692 195
710 196
726 197
736 198
739 199
772 200
779 201
779 202
783 203
784 204
775 205
775 206
785 207
780 208
786 209
787 210
788 211
789 212
790 213
791 214
792 215
793 216
794 217
795 218
796 219
797 220
798 221
799 222
800 223
778 224
778 225
801 226
802 227
803 228
804 229
781 230
805 231
806 232
807 233
776 234
776 235
808 236
782 237
809 238
758 239
751 240
759 241
810 242
811 243
812 244
813 245
814 246
815 247
816 248
817 249
818 250
