Peaks 945
1 0.028341 0.000000 6318 102 0
2 0.041956 0.000000 5403 151 0
3 0.124757 0.000000 4163 449 0
4 0.190609 0.000000 4924 686 0
5 0.197833 0.000000 5216 712 0
6 0.199222 0.000000 5213 717 0
7 0.200333 0.000000 5187 721 0
8 0.213393 0.000000 5078 768 0
9 0.246179 0.000000 7657 886 0
10 0.247847 0.000000 7739 892 0
11 0.249514 0.000000 7716 898 0
12 0.250903 0.000000 7814 903 0
13 0.253959 0.000000 7506 914 0
14 0.255071 0.000000 7532 918 0
15 0.258961 0.000000 7240 932 0
16 0.261184 0.000000 7536 940 0
17 0.265074 0.000000 7860 954 0
18 0.270075 0.000000 7270 972 0
19 0.339539 0.000000 8202 1222 0
20 0.354821 0.000000 6640 1277 0
21 0.357321 0.000000 6676 1286 0
22 0.367880 0.000000 8756 1324 0
23 0.371214 0.000000 8589 1336 0
24 0.373993 0.000000 8379 1346 0
25 0.460961 0.000000 4937 1659 0
26 0.502362 0.000000 7467 1808 0
27 0.504862 0.000000 7545 1817 0
28 0.513198 0.000000 7099 1847 0
29 0.518755 0.000000 7660 1867 0
30 0.525424 0.000000 7473 1891 0
31 0.243401 0.000278 7719 876 1
32 0.328147 0.000278 7782 1181 1
33 0.361767 0.000556 7818 1302 2
34 0.433454 0.000556 3123 1560 2
35 0.206168 0.000834 5544 742 3
36 0.275910 0.001389 7687 993 5
37 0.431509 0.001667 3126 1553 6
38 0.231175 0.002501 7339 832 9
39 0.374271 0.002779 8641 1347 10
40 0.238955 0.003890 7693 860 14
41 0.183106 0.005001 4776 659 18
42 0.235621 0.005001 7703 848 18
43 0.482078 0.005001 8070 1735 18
44 0.095026 0.005279 6259 342 19
45 0.335093 0.005279 9019 1206 19
46 0.366213 0.006391 8579 1318 23
47 0.124757 0.006669 4297 449 24
48 0.494304 0.006669 7775 1779 24
49 0.265351 0.008336 8149 955 30
50 0.070019 0.009447 5987 252 34
51 0.170603 0.010003 5351 614 36
52 0.142540 0.010281 4484 513 37
53 0.267019 0.010836 8001 961 39
54 0.340372 0.012226 9514 1225 44
55 0.361767 0.012503 8779 1302 45
56 0.325646 0.013615 8851 1172 49
57 0.451236 0.013615 3690 1624 49
58 0.381217 0.015282 9238 1372 55
59 0.315643 0.015838 8605 1136 57
60 0.539872 0.017227 4629 1943 62
61 0.085301 0.018338 6043 307 66
62 0.365657 0.019172 8776 1316 69
63 0.384551 0.020839 9189 1384 75
64 0.539872 0.021673 4999 1943 78
65 0.070297 0.021951 6719 253 79
66 0.013615 0.022506 8815 49 81
67 0.277577 0.022784 8618 999 82
68 0.280356 0.023896 8648 1009 86
69 0.539872 0.027785 5118 1943 100
70 0.000000 0.028063 8379 0 101
71 0.091136 0.029175 7057 328 105
72 0.539872 0.029453 5088 1943 106
73 0.025563 0.030008 7516 92 108
74 0.290081 0.030286 8891 1044 109
75 0.000000 0.030564 8202 0 110
76 0.031398 0.032231 7641 113 116
77 0.343984 0.033898 9780 1238 122
78 0.028341 0.034454 7263 102 124
79 0.000000 0.035288 8133 0 127
80 0.011392 0.035288 7345 41 127
81 0.235343 0.036399 8221 847 131
82 0.244790 0.038344 7693 881 138
83 0.009169 0.038622 6886 33 139
84 0.023340 0.040567 6624 84 146
85 0.331203 0.042512 9091 1192 153
86 0.000000 0.042790 7181 0 154
87 0.298138 0.042790 9117 1073 154
88 0.235343 0.043345 7299 847 156
89 0.263962 0.044457 9087 950 160
90 0.539872 0.044457 5636 1943 160
91 0.320089 0.045290 9570 1152 163
92 0.422895 0.045846 8664 1522 165
93 0.000000 0.046402 7391 0 167
94 0.326757 0.047791 9386 1176 172
95 0.088914 0.048625 6515 320 175
96 0.418450 0.048902 8749 1506 176
97 0.407613 0.051681 8891 1467 186
98 0.427063 0.053070 7447 1537 191
99 0.306474 0.053626 9084 1103 193
100 0.359544 0.053904 8605 1294 194
101 0.539872 0.054182 4927 1943 195
102 0.072798 0.054737 6692 262 197
103 0.539872 0.055571 4931 1943 200
104 0.323701 0.056127 9488 1165 202
105 0.365657 0.057238 8996 1316 206
106 0.376493 0.057238 8205 1355 206
107 0.000000 0.058072 5908 0 209
108 0.315921 0.058627 9524 1137 211
109 0.083912 0.058905 6778 302 212
110 0.061406 0.059461 6778 221 214
111 0.000000 0.059739 5905 0 215
112 0.373993 0.060572 7841 1346 218
113 0.529036 0.061128 3772 1904 220
114 0.392887 0.062240 9084 1414 224
115 0.052237 0.063073 7949 188 227
116 0.405946 0.063073 7844 1461 227
117 0.000000 0.063351 5813 0 228
118 0.539872 0.064184 3671 1943 231
119 0.410392 0.065296 7608 1477 235
120 0.368436 0.065852 8956 1326 237
121 0.389275 0.065852 9051 1401 237
122 0.050292 0.067241 7716 181 242
123 0.000000 0.069742 5574 0 251
124 0.048069 0.071131 7742 173 256
125 0.000000 0.072798 5462 0 262
126 0.170047 0.072798 4790 612 262
127 0.317866 0.073076 7680 1144 263
128 0.000000 0.074465 5449 0 268
129 0.437622 0.075854 8769 1575 273
130 0.374548 0.078355 9452 1348 282
131 0.043623 0.079189 7598 157 285
132 0.383162 0.079744 9967 1379 287
133 0.010281 0.081967 5249 37 295
134 0.347041 0.083356 8782 1249 300
135 0.000834 0.084746 5639 3 305
136 0.370659 0.086135 9055 1334 310
137 0.208391 0.088636 7431 750 319
138 0.417894 0.090859 9268 1504 327
139 0.051681 0.091414 6210 186 329
140 0.390664 0.091692 10147 1406 330
141 0.015560 0.092526 4429 56 333
142 0.344818 0.094471 9839 1241 340
143 0.448180 0.095582 7896 1613 344
144 0.529036 0.095860 8021 1904 345
145 0.118922 0.096138 4153 428 346
146 0.404557 0.096694 10308 1456 348
147 0.309253 0.097805 7516 1113 352
148 0.223395 0.099194 7801 804 357
149 0.415115 0.100861 9816 1494 363
150 0.198388 0.101417 8530 714 365
151 0.215615 0.101417 8038 776 365
152 0.347874 0.101695 10114 1252 366
153 0.174493 0.102806 7709 628 370
154 0.163101 0.103640 7975 587 373
155 0.390386 0.103918 9350 1405 374
156 0.529036 0.104473 8549 1904 376
157 0.004446 0.105585 4232 16 380
158 0.437622 0.106141 7529 1575 382
159 0.110864 0.106974 3966 399 385
160 0.312587 0.108086 8057 1125 389
161 0.120589 0.108641 4255 434 391
162 0.343707 0.108641 9934 1237 391
163 0.036399 0.109475 8366 131 394
164 0.468741 0.109753 4274 1687 395
165 0.411225 0.111420 8720 1480 401
166 0.194498 0.111698 8946 700 402
167 0.530703 0.111698 8549 1910 402
168 0.034454 0.112809 8382 124 406
169 0.432342 0.114198 9340 1556 411
170 0.110308 0.114754 4094 397 413
171 0.530425 0.114754 8546 1909 413
172 0.154765 0.115310 7388 557 415
173 0.387052 0.116699 8979 1393 420
174 0.285635 0.116977 8667 1028 421
175 0.031953 0.117811 8372 115 424
176 0.524590 0.118088 8467 1888 425
177 0.528480 0.118366 8631 1902 426
178 0.344540 0.118644 10170 1240 427
179 0.539872 0.118644 7700 1943 427
180 0.431231 0.121700 9189 1552 438
181 0.539872 0.121700 7824 1943 438
182 0.521812 0.123368 7808 1878 444
183 0.141984 0.123645 7742 511 445
184 0.396221 0.123923 8159 1426 446
185 0.539594 0.123923 7752 1942 446
186 0.028619 0.124201 8198 103 447
187 0.539872 0.125035 7742 1943 450
188 0.027230 0.126146 8090 98 454
189 0.486246 0.126146 4911 1750 454
190 0.288691 0.126702 9245 1039 456
191 0.218672 0.127813 9091 787 460
192 0.539872 0.128091 7998 1943 461
193 0.317588 0.128925 10026 1143 464
194 0.324257 0.129758 9999 1167 467
195 0.094749 0.130870 4114 341 471
196 0.487635 0.130870 5380 1755 471
197 0.194776 0.131148 10328 701 472
198 0.295638 0.131425 9635 1064 473
199 0.539872 0.131425 7778 1943 473
200 0.025841 0.133648 7739 93 481
201 0.262295 0.134204 9419 944 483
202 0.203390 0.135038 10052 732 486
203 0.254237 0.135871 8188 915 489
204 0.539594 0.135871 8146 1942 489
205 0.025285 0.136149 7513 91 490
206 0.197277 0.136149 10118 710 490
207 0.030564 0.136427 6824 110 491
208 0.206168 0.138094 10006 742 497
209 0.043901 0.140317 5055 158 505
210 0.538761 0.140872 8182 1939 507
211 0.461795 0.141150 4849 1662 508
212 0.267296 0.141428 9383 962 509
213 0.305918 0.141428 10082 1101 509
214 0.486802 0.141984 5767 1752 511
215 0.308697 0.142817 10095 1111 514
216 0.271464 0.143095 9094 977 515
217 0.001667 0.147541 6807 6 531
218 0.024451 0.147541 7670 88 531
219 0.291192 0.147541 8707 1048 531
220 0.179216 0.147819 9603 645 532
221 0.166435 0.148375 8625 599 534
222 0.539872 0.148375 7237 1943 534
223 0.168102 0.148652 8533 605 535
224 0.115032 0.148930 8392 414 536
225 0.182551 0.148930 9658 657 536
226 0.539872 0.150042 7237 1943 540
227 0.227285 0.152820 9281 818 550
228 0.338149 0.153098 10082 1217 551
229 0.325368 0.153376 9767 1171 552
230 0.315088 0.153654 10351 1134 553
231 0.317866 0.153654 10187 1144 553
232 0.328147 0.153654 9740 1181 553
233 0.346207 0.153932 10429 1246 554
234 0.453737 0.154210 5603 1633 555
235 0.025563 0.155321 7755 92 559
236 0.013615 0.155599 5967 49 560
237 0.114754 0.155599 9061 413 560
238 0.448458 0.155599 5767 1614 560
239 0.228119 0.155877 9163 821 561
240 0.518200 0.155877 8428 1865 561
241 0.010558 0.156710 5977 38 564
242 0.539872 0.156988 7522 1943 565
243 0.184774 0.157822 8713 665 568
244 0.354265 0.157822 10567 1275 568
245 0.364268 0.157822 10485 1311 568
246 0.312587 0.158377 9438 1125 570
247 0.123368 0.158655 8641 444 571
248 0.126980 0.160044 8969 457 576
249 0.533204 0.160322 8549 1919 577
250 0.378438 0.160878 10059 1362 579
251 0.539872 0.162267 8005 1943 584
252 0.443457 0.162823 6305 1596 586
253 0.390664 0.163101 10016 1406 587
254 0.145874 0.163657 8467 525 589
255 0.385385 0.163657 10078 1387 589
256 0.535426 0.163657 8526 1927 589
257 0.225618 0.163934 9954 812 590
258 0.178105 0.164212 9212 641 591
259 0.215615 0.164212 8763 776 591
260 0.129480 0.164490 8687 466 592
261 0.220895 0.165324 9389 795 595
262 0.435121 0.165602 6558 1566 596
263 0.133370 0.166713 8753 480 600
264 0.539872 0.166713 8398 1943 600
265 0.229230 0.167824 9967 825 604
266 0.153932 0.168102 8694 554 605
267 0.276188 0.168102 8884 994 605
268 0.241456 0.168380 9192 869 606
269 0.310642 0.168658 9740 1118 607
270 0.161434 0.169769 8710 581 611
271 0.239233 0.170325 9232 861 613
272 0.000000 0.170881 2874 0 615
273 0.500973 0.170881 8625 1803 615
274 0.265629 0.171159 8841 956 616
275 0.305918 0.172270 9635 1101 620
276 0.539872 0.172548 8211 1943 621
277 0.236732 0.173937 9514 852 626
278 0.230620 0.174771 10029 830 629
279 0.527369 0.175049 8339 1898 630
280 0.240067 0.175326 8963 864 631
281 0.234232 0.176160 9730 843 634
282 0.185607 0.176438 8359 668 635
283 0.000000 0.176716 2732 0 636
284 0.506252 0.176994 8464 1822 637
285 0.271464 0.177827 9547 977 640
286 0.513754 0.178383 8526 1849 642
287 0.538483 0.178383 8257 1938 642
288 0.535149 0.178661 8461 1926 643
289 0.000000 0.178939 2798 0 644
290 0.140595 0.178939 7398 506 644
291 0.224507 0.178939 8664 808 644
292 0.183662 0.179772 7828 661 647
293 0.000000 0.180050 2785 0 648
294 0.020006 0.180606 5213 72 650
295 0.539594 0.180884 8330 1942 651
296 0.234510 0.181995 9206 844 655
297 0.277299 0.181995 10980 998 655
298 0.515977 0.181995 8379 1857 655
299 0.000000 0.183106 2936 0 659
300 0.060017 0.183940 3769 216 662
301 0.478744 0.183940 8277 1723 662
302 0.330925 0.184218 9999 1191 663
303 0.277577 0.184774 11217 999 665
304 0.283690 0.184774 11131 1021 665
305 0.237844 0.185051 9376 856 666
306 0.282578 0.185051 11079 1017 666
307 0.000000 0.185329 2772 0 667
308 0.023896 0.185885 4488 86 669
309 0.184218 0.185885 8543 663 669
310 0.304807 0.186163 10134 1097 670
311 0.001389 0.186996 2916 5 673
312 0.289803 0.187274 10488 1043 674
313 0.526813 0.187830 8713 1896 676
314 0.257849 0.188386 8963 928 678
315 0.000000 0.189775 2988 0 683
316 0.304529 0.189775 10295 1096 683
317 0.531537 0.190886 8802 1913 687
318 0.295638 0.192276 10593 1064 692
319 0.497360 0.192276 9022 1790 692
320 0.516810 0.192276 9153 1860 692
321 0.071964 0.192831 5049 259 694
322 0.435399 0.193109 6689 1567 695
323 0.342039 0.193387 10288 1231 696
324 0.000000 0.194221 2788 0 699
325 0.300083 0.194221 10866 1080 699
326 0.243123 0.194498 9724 875 700
327 0.172826 0.194776 8635 622 701
328 0.248958 0.194776 9409 896 701
329 0.274243 0.194776 8428 987 701
330 0.537927 0.194776 8818 1936 701
331 0.345929 0.195332 10590 1245 703
332 0.185607 0.195610 7972 668 704
333 0.515977 0.196166 8999 1857 706
334 0.381773 0.197277 8976 1374 710
335 0.000000 0.197555 2769 0 711
336 0.300917 0.197555 10429 1083 711
337 0.435954 0.197833 6712 1569 712
338 0.000000 0.198944 2811 0 716
339 0.260072 0.198944 8500 936 716
340 0.499583 0.199500 8950 1798 718
341 0.301750 0.199778 10643 1086 719
342 0.249236 0.200056 8740 897 720
343 0.411503 0.200056 6830 1481 720
344 0.539872 0.200056 8756 1943 720
345 0.252848 0.200611 8989 910 722
346 0.000000 0.201723 2821 0 726
347 0.256182 0.201723 8828 922 726
348 0.219505 0.202001 7759 790 727
349 0.301195 0.203946 10495 1084 734
350 0.494582 0.204501 8959 1780 736
351 0.539872 0.205057 8435 1943 738
352 0.456516 0.205335 3592 1643 739
353 0.223395 0.205891 7562 804 741
354 0.354265 0.205891 10800 1275 741
355 0.508197 0.207836 9045 1829 748
356 0.000000 0.210058 2522 0 756
357 0.536260 0.210058 8474 1930 756
358 0.100306 0.211725 9068 361 762
359 0.260906 0.211725 7874 939 762
360 0.303973 0.212003 10544 1094 763
361 0.051959 0.213670 6315 187 769
362 0.308419 0.214782 10892 1110 773
363 0.324257 0.217560 9435 1167 783
364 0.506807 0.218116 9481 1824 785
365 0.305640 0.218950 11345 1100 788
366 0.109197 0.220617 8546 393 794
367 0.470408 0.220617 4169 1693 794
368 0.066129 0.221728 6935 238 798
369 0.297861 0.223395 11272 1072 804
370 0.112531 0.223673 8667 405 805
371 0.506807 0.223673 9058 1824 805
372 0.118366 0.225896 8661 426 813
373 0.485135 0.226174 6640 1746 814
374 0.513476 0.228119 8671 1848 821
375 0.539872 0.228675 6922 1943 823
376 0.025841 0.229230 4878 93 825
377 0.539872 0.230897 7060 1943 831
378 0.500695 0.232009 8270 1802 835
379 0.126702 0.232287 8638 456 836
380 0.188108 0.232287 7962 677 836
381 0.512920 0.232565 9015 1846 837
382 0.539872 0.233676 7198 1943 841
383 0.284246 0.233954 9753 1023 842
384 0.081967 0.235899 7831 295 849
385 0.293693 0.236177 11420 1057 850
386 0.182273 0.236455 8034 656 851
387 0.500695 0.236455 8320 1802 851
388 0.103362 0.236732 8047 372 852
389 0.033898 0.237844 5183 122 856
390 0.131425 0.238122 9238 473 857
391 0.138650 0.238955 8907 499 860
392 0.213948 0.239511 10013 770 862
393 0.021117 0.239789 5321 76 863
394 0.498750 0.240900 7857 1795 867
395 0.477633 0.242845 4812 1719 874
396 0.126424 0.243679 8133 455 877
397 0.539872 0.243679 8244 1943 877
398 0.297861 0.245068 11958 1072 882
399 0.304251 0.245068 11328 1095 882
400 0.357044 0.247013 9730 1285 889
401 0.235065 0.247569 10177 846 891
402 0.124201 0.247847 7933 447 892
403 0.439567 0.248124 9202 1582 893
404 0.180606 0.248680 9858 650 895
405 0.193943 0.249514 10065 698 898
406 0.217560 0.249514 11102 783 898
407 0.239511 0.250625 10800 862 902
408 0.312031 0.250625 11459 1123 902
409 0.174215 0.250903 9337 627 903
410 0.065296 0.251181 6899 235 904
411 0.209780 0.251181 10728 755 904
412 0.349819 0.251737 10019 1259 906
413 0.024729 0.252292 6594 89 908
414 0.322867 0.252292 10961 1162 908
415 0.044735 0.252570 5885 161 909
416 0.148652 0.252848 9593 535 910
417 0.287024 0.252848 10797 1033 910
418 0.367602 0.253126 9642 1323 911
419 0.172826 0.253959 9379 622 914
420 0.198944 0.253959 11610 716 914
421 0.161712 0.254237 9963 582 915
422 0.440956 0.254237 9028 1587 915
423 0.059461 0.254515 7372 214 916
424 0.000278 0.254793 4990 1 917
425 0.199500 0.254793 11607 718 917
426 0.337316 0.255349 11302 1214 919
427 0.014171 0.256182 6145 51 922
428 0.439289 0.256738 9150 1581 924
429 0.151153 0.257294 9842 544 926
430 0.285079 0.257572 10935 1026 927
431 0.332592 0.257849 11108 1197 928
432 0.152542 0.258127 9812 549 929
433 0.347319 0.258127 10472 1250 929
434 0.340094 0.258683 11184 1224 931
435 0.025285 0.259239 6617 91 933
436 0.243123 0.259517 11715 875 934
437 0.038066 0.260072 7191 137 936
438 0.154487 0.260072 10065 556 936
439 0.374548 0.260350 8966 1348 937
440 0.311475 0.260906 11601 1121 939
441 0.260072 0.265629 10797 936 956
442 0.253682 0.266185 10748 913 958
443 0.262851 0.267852 10679 946 964
444 0.275632 0.268964 11161 992 968
445 0.270075 0.269519 10652 972 970
446 0.434287 0.269519 9570 1563 970
447 0.018061 0.269797 6371 65 971
448 0.004168 0.271742 4622 15 978
449 0.202278 0.272576 10980 728 981
450 0.243957 0.272854 11069 878 982
451 0.192831 0.273131 10754 694 983
452 0.245068 0.275354 11125 882 991
453 0.187552 0.278689 10282 675 1003
454 0.282023 0.278966 10029 1015 1004
455 0.333982 0.279244 11062 1202 1005
456 0.457349 0.280078 8061 1646 1008
457 0.312587 0.280356 12887 1125 1009
458 0.250347 0.280634 11601 901 1010
459 0.107808 0.282023 8963 388 1015
460 0.314810 0.283412 12782 1133 1020
461 0.321478 0.283412 12549 1157 1020
462 0.280911 0.283968 10285 1011 1022
463 0.101973 0.285079 8375 367 1026
464 0.233676 0.285079 11607 841 1026
465 0.185607 0.286191 10721 668 1030
466 0.437899 0.286191 9452 1576 1030
467 0.452348 0.286746 7890 1628 1032
468 0.327869 0.287024 11955 1180 1033
469 0.428452 0.288136 9629 1542 1037
470 0.143651 0.288413 8825 517 1038
471 0.539872 0.288413 6916 1943 1038
472 0.232842 0.288691 11079 838 1039
473 0.332037 0.288691 12769 1195 1039
474 0.117811 0.289803 7775 424 1043
475 0.350375 0.290081 12250 1261 1044
476 0.422062 0.290081 8907 1519 1044
477 0.130592 0.290636 9931 470 1046
478 0.183384 0.290914 11082 660 1047
479 0.337594 0.291470 11912 1215 1049
480 0.230897 0.291748 11013 831 1050
481 0.310364 0.292303 11033 1117 1052
482 0.172826 0.292581 9842 622 1053
483 0.258405 0.292859 11624 930 1054
484 0.340928 0.292859 12880 1227 1054
485 0.134760 0.293137 9783 485 1055
486 0.170603 0.293415 9786 614 1056
487 0.185885 0.293415 10524 669 1056
488 0.344262 0.294248 12841 1239 1059
489 0.395388 0.294248 8608 1423 1059
490 0.435954 0.294526 8631 1569 1060
491 0.517644 0.295082 4543 1863 1062
492 0.228119 0.295360 11269 821 1063
493 0.431787 0.295916 8789 1554 1065
494 0.187552 0.296471 10613 675 1067
495 0.505974 0.297305 4219 1821 1070
496 0.441789 0.297583 8067 1590 1071
497 0.164768 0.297861 10252 593 1072
498 0.422062 0.298138 8106 1519 1073
499 0.464296 0.298416 8185 1671 1074
500 0.045846 0.299250 7129 165 1077
501 0.060295 0.300639 8415 217 1082
502 0.458739 0.300639 8326 1651 1082
503 0.260906 0.300917 11512 939 1083
504 0.472076 0.300917 8382 1699 1083
505 0.435121 0.302862 8694 1566 1090
506 0.539872 0.303140 5429 1943 1091
507 0.227563 0.303973 10561 819 1094
508 0.060850 0.304251 8290 219 1095
509 0.141428 0.304251 10731 509 1095
510 0.188941 0.304251 9632 680 1095
511 0.321756 0.304529 10905 1158 1096
512 0.340928 0.304529 10062 1227 1096
513 0.313420 0.305363 12293 1128 1099
514 0.163379 0.305640 10633 588 1100
515 0.450125 0.306474 8143 1620 1103
516 0.139483 0.307585 10538 502 1107
517 0.227285 0.307585 10318 818 1107
518 0.192276 0.308141 9281 692 1109
519 0.429564 0.309253 8461 1546 1113
520 0.539872 0.309253 4609 1943 1113
521 0.164768 0.309530 10439 593 1114
522 0.229508 0.310364 10190 826 1117
523 0.386774 0.311475 10741 1392 1121
524 0.139761 0.311753 10629 503 1122
525 0.165602 0.311753 10439 596 1122
526 0.256738 0.311753 11145 924 1122
527 0.312587 0.312031 11975 1125 1123
528 0.068074 0.312587 8507 245 1125
529 0.539872 0.313420 4484 1943 1128
530 0.138927 0.314254 10633 500 1131
531 0.192553 0.314532 9238 693 1132
532 0.226174 0.315088 9891 814 1134
533 0.297305 0.315088 11036 1070 1134
534 0.386774 0.315921 11295 1392 1137
535 0.300917 0.317588 11522 1083 1143
536 0.315088 0.317866 13389 1134 1144
537 0.425118 0.318422 8579 1530 1146
538 0.000000 0.319255 6374 0 1149
539 0.383440 0.319255 11220 1380 1149
540 0.310642 0.320089 13113 1118 1152
541 0.111142 0.320367 9002 400 1153
542 0.386496 0.321478 11210 1391 1157
543 0.167547 0.321756 10820 603 1158
544 0.292859 0.321756 10403 1054 1158
545 0.011114 0.322034 7358 40 1159
546 0.422895 0.322312 8156 1522 1160
547 0.171437 0.322590 10715 617 1161
548 0.076966 0.323423 8645 277 1164
549 0.321478 0.323979 12194 1157 1166
550 0.376771 0.323979 11377 1356 1166
551 0.324257 0.324257 12024 1167 1167
552 0.286746 0.325368 9776 1032 1171
553 0.088914 0.325646 8290 320 1172
554 0.125868 0.326202 9274 453 1174
555 0.135593 0.326480 11302 488 1175
556 0.331481 0.328147 11919 1193 1181
557 0.281189 0.329536 8940 1012 1186
558 0.372048 0.329536 11141 1339 1186
559 0.407613 0.329814 9222 1467 1187
560 0.402334 0.331203 9222 1448 1192
561 0.001111 0.331481 8510 4 1193
562 0.114476 0.332315 10301 412 1196
563 0.336204 0.333148 11289 1210 1199
564 0.519589 0.333148 8556 1870 1199
565 0.420950 0.333704 8809 1515 1201
566 0.367324 0.333982 10984 1322 1202
567 0.412059 0.333982 8900 1483 1202
568 0.090303 0.334815 9442 325 1205
569 0.426230 0.336204 8467 1534 1210
570 0.142817 0.336760 9872 514 1212
571 0.368158 0.337038 11003 1325 1213
572 0.313698 0.337316 12122 1129 1214
573 0.516532 0.337872 8645 1859 1216
574 0.166435 0.338149 8858 599 1217
575 0.316755 0.338149 11975 1140 1217
576 0.429842 0.338149 8362 1547 1217
577 0.008614 0.339261 8854 31 1221
578 0.320089 0.339817 11971 1152 1223
579 0.303695 0.340094 11824 1093 1224
580 0.405113 0.341484 8517 1458 1229
581 0.116977 0.342317 9845 421 1232
582 0.294526 0.342595 11033 1060 1233
583 0.300361 0.342873 11502 1081 1234
584 0.089747 0.343429 9238 323 1236
585 0.325924 0.344262 11686 1173 1239
586 0.000000 0.344540 6630 0 1240
587 0.509308 0.344818 8500 1833 1241
588 0.009447 0.345096 9051 34 1242
589 0.351764 0.345929 10974 1266 1245
590 0.365101 0.345929 11925 1314 1245
591 0.212003 0.346485 10137 763 1247
592 0.369825 0.346763 11637 1331 1248
593 0.290358 0.347319 10928 1045 1250
594 0.329258 0.347597 11827 1185 1251
595 0.346763 0.347597 10977 1248 1251
596 0.091970 0.349542 8474 331 1258
597 0.377327 0.350097 10951 1358 1260
598 0.338427 0.350375 11489 1218 1261
599 0.246735 0.350653 11131 888 1262
600 0.288969 0.350653 11174 1040 1262
601 0.332315 0.350653 11696 1196 1262
602 0.010003 0.351487 8713 36 1265
603 0.335927 0.351764 11781 1209 1266
604 0.212559 0.352320 10285 765 1268
605 0.010281 0.353154 8818 37 1271
606 0.246735 0.353154 11158 888 1271
607 0.502362 0.356766 8090 1808 1284
608 0.497083 0.358155 8225 1789 1289
609 0.290358 0.358433 12050 1045 1290
610 0.007224 0.359822 8484 26 1295
611 0.218116 0.359822 11712 785 1295
612 0.334815 0.359822 10652 1205 1295
613 0.386496 0.361489 9084 1391 1301
614 0.156432 0.362045 7598 563 1303
615 0.228952 0.362323 10666 824 1304
616 0.231453 0.362601 10833 833 1305
617 0.121700 0.362879 9232 438 1306
618 0.293415 0.363156 12263 1056 1307
619 0.236455 0.363434 10987 851 1308
620 0.334815 0.363434 10521 1205 1308
621 0.243957 0.363712 11633 878 1309
622 0.226174 0.363990 10741 814 1310
623 0.058072 0.365101 8264 209 1314
624 0.392887 0.365101 8458 1414 1314
625 0.075021 0.365657 9140 270 1316
626 0.297861 0.366213 12066 1072 1318
627 0.011670 0.367046 8845 42 1321
628 0.257294 0.367046 10797 926 1321
629 0.082801 0.367324 9750 298 1322
630 0.539872 0.367602 4990 1943 1323
631 0.332870 0.368714 10472 1198 1327
632 0.252014 0.369825 11535 907 1331
633 0.288691 0.370103 10892 1039 1332
634 0.083079 0.370659 9940 299 1334
635 0.011670 0.370936 9051 42 1335
636 0.539872 0.370936 5193 1943 1335
637 0.539872 0.373715 5308 1943 1345
638 0.082523 0.374826 9855 297 1349
639 0.253404 0.374826 10718 912 1349
640 0.492915 0.375104 8651 1774 1350
641 0.466241 0.375382 9370 1678 1351
642 0.283412 0.375938 10921 1020 1353
643 0.539872 0.375938 5429 1943 1353
644 0.255904 0.376493 10728 921 1355
645 0.484023 0.376771 8989 1742 1356
646 0.013337 0.377327 9137 48 1358
647 0.087524 0.378716 9491 315 1363
648 0.539872 0.378994 5711 1943 1364
649 0.016393 0.379272 9035 59 1365
650 0.503195 0.379550 8956 1811 1366
651 0.189775 0.379828 9504 683 1367
652 0.258127 0.379828 11184 929 1367
653 0.539872 0.380383 5643 1943 1369
654 0.285079 0.381217 10846 1026 1372
655 0.512642 0.381773 8198 1845 1374
656 0.260906 0.382884 11197 939 1378
657 0.539872 0.383996 6026 1943 1382
658 0.071409 0.384551 9330 257 1384
659 0.176716 0.385385 9356 636 1387
660 0.173104 0.387052 9176 623 1393
661 0.366213 0.387886 9730 1318 1396
662 0.090303 0.388163 8946 325 1397
663 0.000000 0.388719 7165 0 1399
664 0.489580 0.388997 8405 1762 1400
665 0.472353 0.389275 8523 1700 1401
666 0.376493 0.389553 8769 1355 1402
667 0.502084 0.389830 8658 1807 1403
668 0.171437 0.390386 8973 617 1405
669 0.240345 0.390664 11952 865 1406
670 0.071409 0.391220 9370 257 1408
671 0.447069 0.391775 9520 1609 1410
672 0.234787 0.392331 11699 845 1412
673 0.359266 0.392331 9990 1293 1412
674 0.247013 0.392609 11843 889 1413
675 0.356766 0.392609 9832 1284 1413
676 0.539872 0.392609 6689 1943 1413
677 0.355099 0.392887 10062 1278 1414
678 0.450681 0.392887 8923 1622 1414
679 0.243679 0.393165 11702 877 1415
680 0.345929 0.393165 9396 1245 1415
681 0.294526 0.393443 12654 1060 1416
682 0.303973 0.394276 11587 1094 1419
683 0.289803 0.394554 12467 1043 1420
684 0.307030 0.395110 11463 1105 1422
685 0.347874 0.395110 9281 1252 1422
686 0.472076 0.395110 8421 1699 1422
687 0.309808 0.395388 11525 1115 1423
688 0.261184 0.396221 12401 940 1426
689 0.025841 0.398166 7221 93 1433
690 0.318422 0.398444 9734 1146 1434
691 0.444012 0.399000 9173 1598 1436
692 0.179494 0.399278 8654 646 1437
693 0.286468 0.399278 12700 1031 1437
694 0.282856 0.399833 12867 1018 1439
695 0.278689 0.400389 12952 1003 1441
696 0.443734 0.402612 9304 1597 1449
697 0.127813 0.402890 7604 460 1450
698 0.317866 0.403445 8848 1144 1452
699 0.353154 0.403445 9957 1271 1452
700 0.428452 0.403445 9245 1542 1452
701 0.135038 0.404557 6893 486 1456
702 0.058627 0.406224 7801 211 1462
703 0.344540 0.406780 10157 1240 1464
704 0.436510 0.407335 9133 1571 1466
705 0.442901 0.407613 9297 1594 1467
706 0.351487 0.407891 10272 1265 1468
707 0.057516 0.408169 7900 207 1469
708 0.422062 0.409003 9199 1519 1472
709 0.358711 0.411225 10239 1291 1480
710 0.419005 0.411781 9019 1508 1482
711 0.294248 0.412059 11256 1059 1483
712 0.298694 0.412059 10915 1075 1483
713 0.415115 0.413170 9114 1494 1487
714 0.337872 0.414560 9045 1216 1492
715 0.538205 0.415115 8654 1937 1494
716 0.184218 0.416227 8126 663 1498
717 0.257572 0.417060 9219 927 1501
718 0.402890 0.417338 8884 1450 1502
719 0.411225 0.419561 8871 1480 1510
720 0.060572 0.423173 6456 218 1523
721 0.490970 0.424285 6935 1767 1527
722 0.387886 0.425952 7798 1396 1533
723 0.427063 0.426230 9074 1537 1534
724 0.348152 0.427341 6975 1253 1538
725 0.018338 0.427619 9133 66 1539
726 0.425396 0.430953 9501 1531 1551
727 0.399278 0.431787 8477 1437 1554
728 0.130314 0.433176 3825 469 1559
729 0.017505 0.434565 9288 63 1564
730 0.000000 0.435121 8786 0 1566
731 0.006391 0.435121 9356 23 1566
732 0.424285 0.435121 9330 1527 1566
733 0.481523 0.436232 8638 1733 1570
734 0.388997 0.437066 9268 1400 1573
735 0.474298 0.437066 9028 1707 1573
736 0.003056 0.437899 9117 11 1576
737 0.383162 0.438177 9340 1379 1577
738 0.414282 0.439567 10013 1491 1582
739 0.065852 0.441789 6348 237 1590
740 0.517366 0.441789 8297 1862 1590
741 0.422062 0.442067 9547 1519 1591
742 0.045846 0.442345 4212 165 1592
743 0.330925 0.442901 8950 1191 1594
744 0.494304 0.443179 8763 1779 1595
745 0.378716 0.443457 9888 1363 1596
746 0.468741 0.447346 9668 1687 1610
747 0.413726 0.447902 9429 1489 1612
748 0.376771 0.449291 10042 1356 1617
749 0.222284 0.449569 8110 800 1618
750 0.455404 0.450125 8536 1639 1620
751 0.417338 0.450959 9232 1502 1623
752 0.489025 0.451514 8851 1760 1625
753 0.108086 0.452070 6135 389 1627
754 0.405113 0.452070 9999 1458 1627
755 0.412615 0.453459 8835 1485 1632
756 0.466518 0.453459 9517 1679 1632
757 0.015282 0.453737 6922 55 1633
758 0.176716 0.455126 6489 636 1638
759 0.360100 0.455960 9258 1296 1641
760 0.230064 0.456516 7775 828 1643
761 0.486802 0.456516 8769 1752 1643
762 0.205891 0.456794 7739 741 1644
763 0.341206 0.456794 9235 1228 1644
764 0.411781 0.456794 9337 1482 1644
765 0.380383 0.457071 9730 1369 1645
766 0.371214 0.458739 10488 1336 1651
767 0.354265 0.459016 9022 1275 1652
768 0.485690 0.459572 8832 1748 1654
769 0.332315 0.459850 9648 1196 1655
770 0.367602 0.459850 10531 1323 1655
771 0.048625 0.460128 5620 175 1656
772 0.347597 0.460961 8779 1251 1659
773 0.000000 0.461517 6033 0 1661
774 0.406780 0.461795 10114 1464 1662
775 0.121423 0.462073 7116 437 1663
776 0.464851 0.464018 9753 1673 1670
777 0.414004 0.464296 9517 1490 1671
778 0.318978 0.465963 10144 1148 1677
779 0.480133 0.467630 9124 1728 1683
780 0.141428 0.468186 7086 509 1685
781 0.523201 0.468186 8786 1883 1685
782 0.155599 0.469019 7762 560 1688
783 0.474021 0.469297 9324 1706 1689
784 0.230342 0.470408 8566 829 1693
785 0.460961 0.470964 9688 1659 1695
786 0.515977 0.470964 9186 1857 1695
787 0.367880 0.471798 8881 1324 1698
788 0.194221 0.472076 6364 699 1699
789 0.057238 0.472353 4737 206 1700
790 0.409003 0.472909 9097 1472 1702
791 0.412337 0.472909 8612 1484 1702
792 0.444568 0.472909 9461 1600 1702
793 0.323979 0.474021 9858 1166 1706
794 0.391775 0.474021 9048 1410 1706
795 0.129758 0.474854 5869 467 1709
796 0.403168 0.474854 9593 1451 1709
797 0.051681 0.475132 5259 186 1710
798 0.395110 0.475132 9242 1422 1710
799 0.458739 0.475132 9570 1651 1710
800 0.455960 0.476243 9803 1641 1714
801 0.013893 0.477911 7473 50 1720
802 0.353432 0.478466 8287 1272 1722
803 0.325924 0.479022 9977 1173 1724
804 0.304529 0.479578 9048 1096 1726
805 0.122534 0.480689 6128 441 1730
806 0.453181 0.480967 9645 1631 1731
807 0.515143 0.482078 9632 1854 1735
808 0.110031 0.483190 6030 396 1739
809 0.035565 0.485968 8129 128 1749
810 0.031398 0.486246 8362 113 1750
811 0.391498 0.486246 9022 1409 1750
812 0.356210 0.486524 8671 1282 1751
813 0.394554 0.486524 8861 1420 1751
814 0.453181 0.486802 9612 1631 1752
815 0.322867 0.488191 9691 1162 1757
816 0.218672 0.489580 8133 787 1762
817 0.038622 0.490136 7949 139 1764
818 0.506807 0.490414 10331 1824 1765
819 0.400667 0.490692 9281 1442 1766
820 0.483745 0.492081 8572 1741 1771
821 0.467908 0.492637 8900 1684 1773
822 0.385941 0.493193 9625 1389 1775
823 0.042234 0.493748 8064 152 1777
824 0.435677 0.494582 9435 1568 1780
825 0.200333 0.495415 7608 721 1783
826 0.409558 0.495415 9130 1474 1783
827 0.102528 0.495693 6925 369 1784
828 0.480411 0.496805 9327 1729 1788
829 0.504862 0.497360 10544 1817 1790
830 0.477633 0.497638 9340 1719 1791
831 0.449291 0.497916 9632 1617 1792
832 0.291470 0.499305 11197 1049 1797
833 0.000000 0.500695 2880 0 1802
834 0.429008 0.500973 9202 1544 1803
835 0.458183 0.501250 9858 1649 1804
836 0.324812 0.501528 10085 1169 1805
837 0.315643 0.502084 10567 1136 1807
838 0.380661 0.502640 9606 1370 1809
839 0.214504 0.503195 8477 772 1811
840 0.268686 0.504585 9206 967 1816
841 0.383718 0.504862 9133 1381 1817
842 0.421784 0.505140 9445 1518 1818
843 0.311198 0.505418 10134 1120 1819
844 0.506807 0.505418 10111 1824 1819
845 0.219783 0.506252 8195 791 1822
846 0.351764 0.506530 7739 1266 1823
847 0.282856 0.507641 10918 1018 1827
848 0.508752 0.507919 10036 1831 1828
849 0.211170 0.508197 8464 760 1829
850 0.286191 0.509030 10938 1030 1832
851 0.460128 0.510142 10396 1656 1836
852 0.260906 0.510697 9580 939 1838
853 0.306752 0.510697 10134 1104 1838
854 0.414282 0.510697 9278 1491 1838
855 0.291748 0.511531 10816 1050 1841
856 0.381217 0.511809 9012 1372 1842
857 0.161989 0.512087 8881 583 1843
858 0.000000 0.514587 6351 0 1852
859 0.458461 0.514587 10442 1650 1852
860 0.378438 0.515699 9041 1362 1856
861 0.465963 0.515977 9376 1677 1857
862 0.474576 0.516255 9238 1708 1858
863 0.234787 0.516532 9858 845 1859
864 0.496805 0.517644 8589 1788 1863
865 0.242567 0.518200 9425 873 1865
866 0.527091 0.518200 9963 1897 1865
867 0.154210 0.518477 10501 555 1866
868 0.468463 0.518477 9826 1686 1866
869 0.000000 0.519033 7326 0 1868
870 0.297305 0.519033 11450 1070 1868
871 0.451236 0.520700 10055 1624 1874
872 0.150875 0.521256 10862 543 1876
873 0.405946 0.521534 8805 1461 1877
874 0.524034 0.521812 9940 1886 1878
875 0.031120 0.522645 6922 112 1881
876 0.298694 0.523201 11423 1075 1883
877 0.000278 0.523757 7148 1 1885
878 0.135871 0.524868 9202 489 1889
879 0.011114 0.526813 7988 40 1896
880 0.219505 0.526813 7726 790 1896
881 0.451514 0.527924 9799 1625 1900
882 0.302028 0.528480 10944 1087 1902
883 0.374548 0.528480 8326 1348 1902
884 0.159767 0.528758 10921 575 1903
885 0.312587 0.528758 10547 1125 1903
886 0.013337 0.530147 8202 48 1908
887 0.247569 0.530147 9498 891 1908
888 0.030564 0.530981 7785 110 1911
889 0.328425 0.531259 9340 1182 1912
890 0.401223 0.531259 8546 1444 1912
891 0.463462 0.531259 9009 1668 1912
892 0.539872 0.531259 9094 1943 1912
893 0.000556 0.533204 7293 2 1919
894 0.014171 0.533482 8070 51 1920
895 0.156432 0.533759 11328 563 1921
896 0.489858 0.534037 8953 1763 1922
897 0.196166 0.534315 7906 706 1923
898 0.322312 0.534315 9596 1160 1923
899 0.487635 0.535426 8884 1755 1927
900 0.539872 0.535704 9114 1943 1928
901 0.472631 0.536538 9465 1701 1931
902 0.017505 0.537649 8182 63 1935
903 0.220061 0.538205 7703 792 1937
904 0.315088 0.538205 9908 1134 1937
905 0.022228 0.539039 8185 80 1940
906 0.028897 0.539316 8467 104 1941
907 0.130592 0.539316 6738 470 1941
908 0.223395 0.539316 7729 804 1941
909 0.244235 0.539316 9498 879 1941
910 0.430953 0.539594 8874 1551 1942
911 0.445401 0.539594 9960 1603 1942
912 0.025563 0.539872 8051 92 1943
913 0.048347 0.539872 8192 174 1943
914 0.055293 0.539872 7499 199 1943
915 0.057238 0.539872 7785 206 1943
916 0.066129 0.539872 7099 238 1943
917 0.070297 0.539872 6450 253 1943
918 0.082523 0.539872 4278 297 1943
919 0.186996 0.539872 7582 673 1943
920 0.187830 0.539872 7611 676 1943
921 0.190331 0.539872 7775 685 1943
922 0.191720 0.539872 7870 690 1943
923 0.193943 0.539872 7851 698 1943
924 0.194498 0.539872 7851 700 1943
925 0.197555 0.539872 7946 711 1943
926 0.208669 0.539872 7119 751 1943
927 0.214782 0.539872 7595 773 1943
928 0.225340 0.539872 7621 811 1943
929 0.226730 0.539872 7631 816 1943
930 0.230064 0.539872 7611 828 1943
931 0.237566 0.539872 8848 855 1943
932 0.272854 0.539872 7427 982 1943
933 0.277855 0.539872 7732 1000 1943
934 0.398444 0.539872 8221 1434 1943
935 0.433176 0.539872 9019 1559 1943
936 0.451514 0.539872 8953 1625 1943
937 0.457071 0.539872 8011 1645 1943
938 0.476799 0.539872 9409 1716 1943
939 0.484857 0.539872 9196 1745 1943
940 0.490692 0.539872 8349 1766 1943
941 0.497360 0.539872 7683 1790 1943
942 0.525146 0.539872 8136 1890 1943
943 0.526535 0.539872 8087 1895 1943
944 0.535149 0.539872 8937 1926 1943
945 0.539872 0.539872 8900 1943 1943
PromSaddles 944
1 0.036399 0.000000 5098 131 0
2 0.124479 0.000556 4153 448 2
3 0.191998 0.000000 4908 691 0
4 0.198944 0.000000 5209 716 0
5 0.200056 0.000000 5183 720 0
6 0.200611 0.000000 5183 722 0
7 0.212837 0.000000 5075 766 0
8 0.214782 0.000000 5049 773 0
9 0.246735 0.000000 7647 888 0
10 0.248680 0.000000 7641 895 0
11 0.250069 0.000000 7703 900 0
12 0.253682 0.000000 7486 913 0
13 0.254515 0.000000 7473 916 0
14 0.258127 0.000000 7211 929 0
15 0.259794 0.000000 7221 935 0
16 0.261739 0.000000 7522 942 0
17 0.269241 0.000000 7247 969 0
18 0.270353 0.000000 7267 973 0
19 0.355099 0.000000 6624 1278 0
20 0.357599 0.000000 6673 1287 0
21 0.363156 0.000000 7683 1307 0
22 0.370103 0.000000 8553 1332 0
23 0.373715 0.000000 8375 1345 0
24 0.502917 0.000000 7460 1810 0
25 0.511809 0.000000 7027 1842 0
26 0.513476 0.000000 7089 1848 0
27 0.524034 0.000000 7342 1886 0
28 0.244790 0.000278 7565 881 1
29 0.469853 0.000278 4238 1691 1
30 0.501806 0.000278 7434 1806 1
31 0.328425 0.000556 7778 1182 2
32 0.372326 0.000556 8513 1340 2
33 0.339261 0.000834 8034 1221 3
34 0.183940 0.001111 4675 662 4
35 0.432620 0.001111 3110 1557 4
36 0.025563 0.001389 5872 92 5
37 0.266185 0.002779 7709 958 10
38 0.232842 0.003056 7158 838 11
39 0.240622 0.003056 7513 866 11
40 0.430953 0.003890 3110 1551 14
41 0.237566 0.004724 7585 855 17
42 0.366491 0.005001 8461 1319 18
43 0.159489 0.006113 4163 574 22
44 0.178383 0.005279 4662 642 19
45 0.376216 0.006669 8530 1354 24
46 0.488747 0.006946 7657 1759 25
47 0.335649 0.007502 8776 1208 27
48 0.453737 0.007780 3503 1633 28
49 0.127258 0.008336 4179 458 30
50 0.364824 0.008614 8257 1313 31
51 0.266185 0.009447 7860 958 34
52 0.117533 0.012781 4084 423 46
53 0.334815 0.010558 8503 1205 38
54 0.269241 0.013059 7601 969 47
55 0.317033 0.013615 8392 1141 49
56 0.358155 0.014171 8156 1289 51
57 0.071409 0.014448 5475 257 52
58 0.362601 0.015004 8526 1305 54
59 0.539872 0.016949 4619 1943 61
60 0.094193 0.017783 5547 339 64
61 0.383718 0.017783 8933 1381 64
62 0.539872 0.018061 4603 1943 65
63 0.087802 0.019450 5695 316 70
64 0.344540 0.020561 8848 1240 74
65 0.278966 0.023340 8517 1004 84
66 0.539872 0.023618 4691 1943 85
67 0.006946 0.025285 8238 25 91
68 0.017783 0.025285 6909 64 91
69 0.078355 0.025285 5479 282 91
70 0.283968 0.025563 8490 1022 92
71 0.271464 0.028063 7867 977 101
72 0.539872 0.028619 5078 1943 103
73 0.000000 0.030286 8198 0 109
74 0.028619 0.031398 7326 103 113
75 0.000000 0.032787 7657 0 118
76 0.010281 0.033065 7168 37 119
77 0.028063 0.033620 7158 101 121
78 0.294248 0.033898 8225 1059 122
79 0.539872 0.035565 4268 1943 128
80 0.009725 0.036677 6699 35 132
81 0.023896 0.037233 6387 86 134
82 0.046680 0.037233 6197 168 134
83 0.241456 0.038622 7565 869 139
84 0.248124 0.038622 7526 893 139
85 0.000000 0.039455 6646 0 142
86 0.333982 0.040567 8805 1202 146
87 0.234787 0.041956 7168 845 151
88 0.093081 0.042790 6249 335 154
89 0.000000 0.043901 7155 0 158
90 0.329258 0.044735 8789 1185 161
91 0.351487 0.045013 8461 1265 162
92 0.303140 0.046124 8572 1091 166
93 0.421506 0.047235 8546 1517 170
94 0.325090 0.047513 9281 1170 171
95 0.412337 0.048902 8405 1484 176
96 0.088358 0.050570 6414 318 182
97 0.325090 0.050847 8897 1170 183
98 0.539872 0.050847 4606 1943 183
99 0.426230 0.051959 7342 1534 187
100 0.399833 0.053904 8615 1439 194
101 0.361489 0.054737 8435 1301 197
102 0.539872 0.055015 4914 1943 198
103 0.308419 0.055571 8956 1110 200
104 0.067241 0.055849 5895 242 201
105 0.000278 0.057238 5902 1 206
106 0.075854 0.058072 6338 273 209
107 0.320367 0.058072 9212 1153 209
108 0.000000 0.058905 5882 0 212
109 0.060295 0.059461 6673 217 214
110 0.530425 0.060295 3615 1909 217
111 0.374548 0.060850 7834 1348 219
112 0.373437 0.061128 7834 1344 220
113 0.367324 0.061406 8746 1322 221
114 0.404001 0.061962 7578 1454 223
115 0.000000 0.062240 5754 0 224
116 0.539872 0.063629 3648 1943 229
117 0.408725 0.064184 7486 1471 231
118 0.390664 0.064740 8861 1406 233
119 0.539872 0.065296 3277 1943 235
120 0.050292 0.066407 7604 181 239
121 0.368714 0.067241 8776 1327 242
122 0.316755 0.068352 7506 1140 246
123 0.049736 0.068630 7588 179 247
124 0.000000 0.069464 5570 0 250
125 0.387608 0.069464 8766 1395 250
126 0.000000 0.072520 5449 0 261
127 0.000000 0.073632 5439 0 265
128 0.045013 0.075577 7263 162 272
129 0.169769 0.076410 4642 611 275
130 0.435954 0.079467 8572 1569 286
131 0.378438 0.079744 9140 1362 287
132 0.000000 0.081134 5275 0 292
133 0.007780 0.081689 5052 28 294
134 0.367602 0.083079 8930 1323 299
135 0.347597 0.083912 8618 1251 302
136 0.369269 0.083912 8943 1329 302
137 0.386496 0.086691 9140 1391 312
138 0.048902 0.088080 5472 176 317
139 0.208113 0.091414 7181 749 329
140 0.016949 0.092248 4311 61 332
141 0.395110 0.093359 9770 1422 336
142 0.414282 0.095026 9022 1491 342
143 0.444846 0.094471 7490 1601 340
144 0.122812 0.097805 3956 442 352
145 0.346485 0.097805 9540 1247 352
146 0.528202 0.097805 7801 1901 352
147 0.411781 0.099194 9520 1482 357
148 0.053626 0.099472 5606 193 358
149 0.210614 0.099750 7552 758 359
150 0.390386 0.100028 9133 1405 360
151 0.172270 0.100861 7326 620 363
152 0.222006 0.100861 7575 799 363
153 0.305363 0.102251 7158 1099 368
154 0.003890 0.103084 4078 14 371
155 0.178661 0.104473 7434 643 376
156 0.195610 0.104751 8146 704 377
157 0.346485 0.105863 9517 1247 381
158 0.428730 0.106418 8238 1543 383
159 0.437066 0.106696 7388 1573 384
160 0.123645 0.107530 4101 445 387
161 0.112531 0.107808 3858 405 388
162 0.159489 0.108086 7086 574 389
163 0.528480 0.108086 8353 1902 389
164 0.387608 0.110308 8815 1395 397
165 0.035843 0.110864 8195 129 399
166 0.410392 0.110586 8605 1477 398
167 0.467074 0.111420 4094 1681 401
168 0.113087 0.112531 3940 407 405
169 0.530147 0.113643 8405 1908 409
170 0.033898 0.114754 8231 122 413
171 0.305085 0.115310 7831 1098 415
172 0.195332 0.115588 8684 703 416
173 0.345096 0.116143 9783 1242 418
174 0.431787 0.116421 8969 1554 419
175 0.529592 0.116699 8300 1906 420
176 0.527091 0.118088 8362 1897 425
177 0.285913 0.118644 8513 1029 427
178 0.396221 0.119200 7926 1426 429
179 0.149208 0.119478 7017 537 430
180 0.539872 0.120033 7598 1943 432
181 0.535426 0.120311 7319 1927 433
182 0.029175 0.122256 7896 105 440
183 0.522923 0.122256 7696 1882 440
184 0.539872 0.123368 7739 1943 444
185 0.334260 0.123923 9452 1203 446
186 0.539872 0.124757 7729 1943 449
187 0.027785 0.125313 7972 100 451
188 0.539872 0.126146 7693 1943 454
189 0.292026 0.127813 9097 1051 460
190 0.485968 0.128091 4753 1749 461
191 0.026396 0.129758 7221 95 467
192 0.319811 0.129758 9819 1151 467
193 0.539872 0.130592 7749 1943 470
194 0.489303 0.131148 5246 1761 472
195 0.215060 0.132259 8392 774 476
196 0.539872 0.132537 7759 1943 477
197 0.096971 0.132815 3959 349 478
198 0.310920 0.132815 9104 1119 478
199 0.298416 0.133370 9173 1074 480
200 0.195332 0.133926 9993 703 482
201 0.200333 0.135315 9852 721 487
202 0.025563 0.135593 7408 92 488
203 0.254793 0.135593 8087 917 488
204 0.028897 0.136149 6568 104 490
205 0.205057 0.136427 9891 738 491
206 0.283690 0.136705 8021 1021 492
207 0.024729 0.138094 7286 89 497
208 0.264240 0.138650 9120 951 499
209 0.539872 0.138650 7821 1943 499
210 0.489580 0.140039 5597 1762 504
211 0.041956 0.140595 4901 151 506
212 0.461517 0.141706 4730 1661 510
213 0.307308 0.141984 9911 1106 511
214 0.270353 0.142817 8933 973 514
215 0.192831 0.144207 8608 694 519
216 0.293971 0.145874 8113 1058 525
217 0.312309 0.146707 9681 1124 528
218 0.539872 0.148097 7230 1943 533
219 0.167824 0.148652 8523 604 535
220 0.168658 0.148652 8523 607 535
221 0.180606 0.148652 9412 650 535
222 0.539872 0.148930 7221 1943 536
223 0.115032 0.150320 8257 414 541
224 0.025563 0.151431 7417 92 545
225 0.539872 0.151987 7194 1943 547
226 0.327035 0.153098 9609 1177 551
227 0.009447 0.153376 5518 34 552
228 0.330092 0.153376 9609 1188 552
229 0.316755 0.153654 10075 1140 553
230 0.323423 0.153654 9619 1164 553
231 0.339539 0.153654 9796 1222 553
232 0.185607 0.154487 8477 668 556
233 0.348430 0.154487 10265 1254 556
234 0.227563 0.154765 8969 819 557
235 0.209503 0.155043 8120 754 558
236 0.450959 0.155043 5413 1623 558
237 0.011948 0.155321 5787 43 559
238 0.015004 0.155599 5862 54 560
239 0.313698 0.156988 9235 1129 565
240 0.539039 0.156988 7467 1940 565
241 0.226730 0.157544 9035 816 567
242 0.359822 0.157544 9954 1295 567
243 0.121700 0.158377 8428 438 570
244 0.181995 0.158933 8602 655 572
245 0.446513 0.159211 5528 1607 573
246 0.528480 0.159211 8106 1902 573
247 0.125035 0.159489 8484 450 574
248 0.376493 0.159767 9947 1355 575
249 0.380106 0.161434 9898 1368 581
250 0.440678 0.161989 6007 1586 583
251 0.534315 0.162545 8389 1923 585
252 0.128091 0.162823 8530 461 586
253 0.387608 0.163101 9901 1395 587
254 0.539872 0.163379 7929 1943 588
255 0.311475 0.163657 8956 1121 589
256 0.217005 0.164212 8651 781 591
257 0.130870 0.165046 8562 471 594
258 0.227563 0.165046 9576 819 594
259 0.221728 0.165324 9258 798 595
260 0.150042 0.165602 8133 540 596
261 0.169769 0.165602 8228 611 596
262 0.538205 0.165602 8277 1937 596
263 0.141706 0.166991 8100 510 601
264 0.155599 0.167547 8346 560 603
265 0.430397 0.168658 6230 1549 607
266 0.229508 0.169214 9799 826 609
267 0.240345 0.169214 9032 865 609
268 0.276744 0.169214 8733 996 609
269 0.315921 0.169769 9012 1137 611
270 0.539872 0.169769 7949 1943 611
271 0.000278 0.170047 2641 1 612
272 0.237566 0.170603 8923 855 614
273 0.306752 0.171992 9524 1104 619
274 0.183106 0.172270 7906 659 620
275 0.266463 0.173104 8500 959 623
276 0.539872 0.173659 8097 1943 625
277 0.235899 0.174493 9389 849 628
278 0.305363 0.174493 9468 1099 628
279 0.504585 0.174493 8270 1816 628
280 0.002501 0.175049 2559 9 630
281 0.238955 0.175049 8851 860 630
282 0.233120 0.175604 9593 839 632
283 0.529869 0.175604 8123 1907 632
284 0.003890 0.200611 2509 14 722
285 0.140317 0.177271 7290 505 638
286 0.000000 0.177271 2706 0 638
287 0.021395 0.178105 5052 77 641
288 0.225063 0.178383 8556 810 642
289 0.272298 0.178383 9438 980 642
290 0.510697 0.179216 8064 1838 645
291 0.538205 0.179216 8211 1937 645
292 0.000000 0.179494 2762 0 646
293 0.183940 0.179494 7821 662 646
294 0.537372 0.180050 8231 1934 648
295 0.183662 0.180328 7821 661 649
296 0.000000 0.180884 2680 0 651
297 0.515421 0.180884 8251 1855 651
298 0.234510 0.181439 8963 844 653
299 0.483190 0.181995 7828 1739 655
300 0.064740 0.182829 3635 233 658
301 0.234787 0.183106 9032 845 659
302 0.277577 0.183384 10869 999 660
303 0.516532 0.183662 8188 1859 661
304 0.533759 0.183940 8244 1921 662
305 0.260906 0.184218 8530 939 663
306 0.000000 0.184774 2732 0 665
307 0.282023 0.185051 11010 1015 666
308 0.283134 0.185051 11010 1019 666
309 0.023062 0.185329 4376 83 667
310 0.000000 0.185607 2755 0 668
311 0.180606 0.186163 7972 650 670
312 0.287580 0.186719 10282 1035 672
313 0.304529 0.187552 10022 1096 675
314 0.333426 0.188108 9737 1200 677
315 0.000000 0.188386 2874 0 678
316 0.524034 0.188386 8451 1886 678
317 0.527091 0.189219 8490 1897 681
318 0.255349 0.190053 8717 919 684
319 0.293693 0.191442 10095 1057 689
320 0.238122 0.191720 9058 857 690
321 0.535704 0.191720 8313 1928 690
322 0.302584 0.191998 9963 1089 691
323 0.297027 0.192553 10265 1069 693
324 0.000000 0.193109 2716 0 695
325 0.275076 0.193665 8254 990 697
326 0.342873 0.193943 10164 1234 698
327 0.374271 0.193943 8510 1347 698
328 0.516255 0.194221 8894 1858 699
329 0.185607 0.194498 7841 668 700
330 0.246735 0.195054 9156 888 702
331 0.538483 0.195610 8638 1938 704
332 0.000000 0.195888 2706 0 705
333 0.434287 0.195888 6548 1563 705
334 0.499028 0.195888 8713 1796 705
335 0.075299 0.196999 4826 271 709
336 0.300639 0.197277 10426 1082 710
337 0.349542 0.197555 10009 1258 711
338 0.000000 0.197833 2762 0 712
339 0.300917 0.197833 10426 1083 712
340 0.252014 0.198388 8507 907 714
341 0.250069 0.199500 8490 900 718
342 0.259239 0.199500 8277 933 718
343 0.223951 0.200056 7595 806 720
344 0.408169 0.199778 6578 1469 719
345 0.000000 0.200333 2788 0 721
346 0.255627 0.200333 8707 920 721
347 0.513754 0.200611 8631 1849 722
348 0.302306 0.202556 10137 1088 729
349 0.424840 0.202556 5797 1529 729
350 0.498194 0.202834 8664 1793 730
351 0.507085 0.202834 8697 1825 730
352 0.539872 0.203390 8353 1943 732
353 0.221728 0.204501 7411 798 736
354 0.457071 0.206724 3484 1645 744
355 0.538205 0.207836 8264 1937 748
356 0.303418 0.208391 10137 1092 750
357 0.258405 0.209225 7726 930 753
358 0.506807 0.209503 8809 1824 754
359 0.306752 0.212281 10311 1104 764
360 0.056682 0.213393 5705 204 768
361 0.307308 0.215338 10682 1106 775
362 0.106418 0.216727 8015 383 780
363 0.323145 0.217283 9271 1163 782
364 0.300639 0.221173 10764 1082 796
365 0.111420 0.221728 8392 401 798
366 0.471520 0.222006 4032 1697 799
367 0.487913 0.222284 6377 1756 800
368 0.506530 0.222562 8920 1823 801
369 0.115310 0.224229 8270 415 807
370 0.539872 0.225618 6804 1943 812
371 0.512087 0.226452 8579 1843 815
372 0.121978 0.228397 7985 439 822
373 0.513476 0.229230 8579 1848 825
374 0.539872 0.229508 6866 1943 826
375 0.500695 0.229786 8169 1802 827
376 0.296471 0.230064 10065 1067 828
377 0.072520 0.231453 6240 261 833
378 0.539872 0.231731 7027 1943 834
379 0.082523 0.232287 7559 297 836
380 0.186163 0.233676 7742 670 841
381 0.501250 0.233676 8159 1804 841
382 0.129480 0.233954 8530 466 842
383 0.285913 0.234232 9524 1029 843
384 0.104196 0.234510 7867 375 844
385 0.539872 0.234510 7125 1943 844
386 0.027785 0.235343 4442 100 847
387 0.179772 0.237566 7906 647 855
388 0.294804 0.238122 10961 1061 857
389 0.499583 0.238677 7729 1798 859
390 0.136149 0.239511 8763 490 862
391 0.034176 0.240067 5082 123 864
392 0.479300 0.241178 4468 1725 868
393 0.215060 0.241734 9665 774 870
394 0.141706 0.242567 8185 510 873
395 0.128369 0.242845 7867 462 874
396 0.021951 0.243679 5203 79 877
397 0.302862 0.245068 11049 1090 882
398 0.125590 0.246457 7749 452 887
399 0.229786 0.247569 9849 827 891
400 0.235899 0.247847 10029 849 892
401 0.308419 0.248124 10951 1110 893
402 0.352042 0.248402 9160 1267 894
403 0.069742 0.249514 6397 251 898
404 0.287580 0.249514 10341 1035 898
405 0.213948 0.249792 10324 770 899
406 0.361767 0.249792 8953 1302 899
407 0.175049 0.250069 9183 630 900
408 0.187830 0.250069 8704 676 900
409 0.194498 0.250069 9914 700 900
410 0.438733 0.251181 8641 1579 904
411 0.208947 0.251459 10574 752 905
412 0.320367 0.251459 10692 1153 905
413 0.348430 0.252014 9829 1254 907
414 0.063907 0.252292 6486 230 908
415 0.173104 0.252848 9219 623 910
416 0.240067 0.253404 10544 864 912
417 0.044735 0.254237 5777 161 915
418 0.170325 0.254515 8992 613 916
419 0.199222 0.254515 11502 717 916
420 0.016671 0.255349 5987 60 919
421 0.328425 0.255071 10551 1182 918
422 0.150042 0.255349 9343 540 919
423 0.285635 0.255349 10583 1028 919
424 0.026118 0.255904 6299 94 921
425 0.310364 0.255627 10751 1117 920
426 0.439844 0.255627 8884 1583 920
427 0.003056 0.256182 4852 11 922
428 0.334815 0.256460 10839 1205 923
429 0.159767 0.256738 9796 575 924
430 0.338983 0.256738 10964 1220 924
431 0.151987 0.257572 9704 547 927
432 0.371214 0.257572 8805 1336 927
433 0.346485 0.258127 10282 1247 929
434 0.030842 0.259239 6000 111 933
435 0.153376 0.258961 9678 552 932
436 0.045290 0.260072 6384 163 936
437 0.435399 0.259794 8730 1567 935
438 0.279800 0.260906 10236 1007 939
439 0.200333 0.262573 9770 721 945
440 0.019728 0.265907 6266 71 957
441 0.310364 0.265907 10918 1117 957
442 0.251737 0.266185 10570 906 958
443 0.256460 0.266741 10337 923 960
444 0.262295 0.267296 10567 944 962
445 0.272298 0.268964 10108 980 968
446 0.263962 0.269519 10324 950 970
447 0.243679 0.270909 10846 877 975
448 0.005835 0.272020 4520 21 979
449 0.195888 0.273409 10472 705 984
450 0.244512 0.274243 10954 880 987
451 0.539316 0.274521 4599 1941 988
452 0.188664 0.277855 10085 679 1000
453 0.282023 0.277855 9917 1015 1000
454 0.432620 0.277855 8503 1557 1000
455 0.246457 0.278966 10849 887 1004
456 0.281467 0.280078 9852 1013 1008
457 0.187274 0.280634 10059 674 1010
458 0.239233 0.281467 10623 861 1013
459 0.333982 0.281745 10872 1202 1014
460 0.314254 0.282856 12621 1131 1018
461 0.254515 0.283412 10587 916 1020
462 0.319533 0.283412 12342 1150 1020
463 0.103918 0.284523 8162 374 1024
464 0.434009 0.285079 9032 1562 1026
465 0.453181 0.285079 7631 1631 1026
466 0.324535 0.285357 11381 1168 1027
467 0.450959 0.285635 7513 1623 1028
468 0.328702 0.287302 11499 1183 1034
469 0.232842 0.287858 10961 838 1036
470 0.116421 0.288136 7506 419 1037
471 0.184774 0.288136 10324 665 1037
472 0.423451 0.289247 8707 1524 1041
473 0.121145 0.289525 7408 436 1042
474 0.232565 0.289803 10912 837 1043
475 0.313698 0.290081 10475 1129 1044
476 0.142540 0.290358 8661 513 1045
477 0.131425 0.290914 9645 473 1047
478 0.335927 0.290636 11719 1209 1046
479 0.338149 0.291470 11804 1217 1049
480 0.348430 0.291748 12037 1254 1050
481 0.174215 0.292581 9537 627 1053
482 0.185607 0.292581 10403 668 1053
483 0.171992 0.292859 9685 619 1054
484 0.343151 0.292859 12664 1235 1054
485 0.230064 0.293693 10872 828 1057
486 0.186441 0.294804 10291 671 1061
487 0.312031 0.294804 10816 1123 1061
488 0.434287 0.294804 8461 1563 1061
489 0.168936 0.295082 9609 608 1062
490 0.393443 0.295082 8418 1416 1062
491 0.430675 0.295360 8674 1550 1063
492 0.136149 0.295638 9376 490 1064
493 0.517366 0.296471 4370 1862 1067
494 0.422617 0.296471 7798 1521 1067
495 0.259794 0.297305 11072 935 1070
496 0.440400 0.298138 7939 1585 1073
497 0.507363 0.299250 4101 1826 1077
498 0.462073 0.299250 7956 1663 1077
499 0.434565 0.299528 8202 1564 1078
500 0.468186 0.299805 7867 1685 1079
501 0.049180 0.300639 6929 177 1082
502 0.164212 0.302028 9937 591 1087
503 0.454849 0.302862 7775 1637 1090
504 0.539872 0.302306 5403 1943 1088
505 0.228675 0.302584 10246 823 1089
506 0.060850 0.302862 8126 219 1090
507 0.188664 0.302862 9527 679 1090
508 0.154210 0.303973 9527 555 1094
509 0.341206 0.303973 9924 1228 1094
510 0.320645 0.304529 10800 1154 1096
511 0.447346 0.305085 7798 1610 1098
512 0.140595 0.305918 10423 506 1101
513 0.227285 0.305918 10209 818 1101
514 0.191164 0.306196 9130 688 1102
515 0.258127 0.306196 10423 929 1102
516 0.062240 0.307308 8126 224 1106
517 0.164212 0.308141 10318 591 1109
518 0.539872 0.308141 4560 1943 1109
519 0.430397 0.308419 8333 1549 1110
520 0.139483 0.309530 10144 502 1114
521 0.228397 0.309253 9993 822 1113
522 0.313420 0.309808 11502 1128 1115
523 0.191720 0.310642 9032 690 1118
524 0.164490 0.310920 10219 592 1119
525 0.426507 0.312309 8070 1535 1124
526 0.539872 0.312587 4481 1943 1125
527 0.311753 0.312865 11489 1122 1126
528 0.139205 0.313143 10475 501 1127
529 0.387052 0.313143 10541 1393 1127
530 0.165879 0.313420 10095 597 1128
531 0.226452 0.313420 9760 815 1128
532 0.297861 0.315643 10925 1072 1136
533 0.538761 0.315921 4461 1939 1137
534 0.136983 0.316755 10367 493 1140
535 0.385385 0.317866 10997 1387 1144
536 0.303973 0.318144 11414 1094 1145
537 0.073354 0.318422 8100 264 1146
538 0.312031 0.319255 13005 1123 1149
539 0.000000 0.319533 6338 0 1150
540 0.384551 0.320922 11085 1384 1155
541 0.380383 0.321756 11026 1369 1158
542 0.294248 0.321478 10157 1059 1157
543 0.112531 0.321756 8753 405 1158
544 0.169769 0.322034 10561 611 1159
545 0.423173 0.322034 8152 1523 1159
546 0.422895 0.322590 8152 1522 1161
547 0.320645 0.323701 12007 1154 1165
548 0.288691 0.323979 9606 1039 1166
549 0.322867 0.324257 11673 1162 1167
550 0.008336 0.324535 7093 30 1168
551 0.126424 0.326480 9140 455 1175
552 0.083634 0.327313 7979 301 1178
553 0.089747 0.327591 8116 323 1179
554 0.328980 0.328147 11181 1184 1181
555 0.122534 0.328425 8559 441 1182
556 0.282023 0.328702 8822 1015 1183
557 0.375104 0.328980 10954 1350 1184
558 0.313420 0.329814 11072 1128 1187
559 0.405390 0.330092 8897 1459 1188
560 0.417616 0.330370 7969 1503 1189
561 0.334260 0.332037 11167 1203 1195
562 0.103918 0.332315 8448 374 1196
563 0.368991 0.332315 10695 1328 1196
564 0.399278 0.333148 8769 1437 1199
565 0.410947 0.333426 8730 1479 1200
566 0.003056 0.333982 8274 11 1202
567 0.368158 0.335649 10787 1325 1208
568 0.518477 0.335649 8316 1866 1208
569 0.142540 0.335927 9753 513 1209
570 0.424285 0.335927 8343 1527 1209
571 0.166991 0.336760 8707 601 1212
572 0.315921 0.337038 11870 1137 1213
573 0.405113 0.337594 8139 1458 1215
574 0.428452 0.337594 8215 1542 1215
575 0.089191 0.338149 8976 321 1217
576 0.115866 0.338427 9402 417 1218
577 0.367602 0.338427 10859 1323 1218
578 0.317588 0.338983 11781 1143 1220
579 0.308975 0.339539 11187 1112 1222
580 0.008336 0.340928 8661 30 1227
581 0.297027 0.342317 10711 1069 1232
582 0.301195 0.342317 11371 1084 1232
583 0.511253 0.342595 8353 1840 1233
584 0.324257 0.343707 11076 1167 1237
585 0.000556 0.344540 6614 2 1240
586 0.292026 0.345096 10790 1051 1242
587 0.327313 0.345929 11564 1178 1245
588 0.354543 0.346485 10482 1276 1247
589 0.368158 0.346763 11519 1325 1248
590 0.349542 0.347041 10698 1258 1249
591 0.091414 0.348708 8346 329 1255
592 0.289247 0.348708 10757 1041 1255
593 0.344540 0.348986 10718 1240 1256
594 0.374548 0.348986 10698 1348 1256
595 0.331203 0.349819 11587 1192 1259
596 0.211170 0.350375 9750 760 1261
597 0.086969 0.350931 8139 313 1263
598 0.333982 0.350931 11427 1202 1263
599 0.337594 0.350931 11368 1215 1263
600 0.009725 0.351209 8707 35 1264
601 0.246735 0.351764 10954 888 1266
602 0.010003 0.352042 8707 36 1267
603 0.289247 0.352042 11072 1041 1267
604 0.213670 0.352876 10121 769 1270
605 0.118644 0.353709 8280 427 1273
606 0.504029 0.353987 7808 1814 1274
607 0.499861 0.357044 7949 1799 1285
608 0.245624 0.357599 10787 884 1287
609 0.008614 0.358433 8159 31 1290
610 0.154210 0.358433 7142 555 1290
611 0.493470 0.358433 7903 1776 1290
612 0.334815 0.358711 10547 1205 1291
613 0.386218 0.359544 8832 1390 1294
614 0.292581 0.360378 11427 1053 1297
615 0.230342 0.362045 10426 829 1303
616 0.223118 0.362323 10495 803 1304
617 0.334815 0.362323 10341 1205 1304
618 0.227285 0.363434 10314 818 1308
619 0.009725 0.363712 8375 35 1309
620 0.233954 0.363712 10656 842 1309
621 0.238122 0.363712 10646 857 1309
622 0.063907 0.363990 7962 230 1310
623 0.392331 0.364268 8346 1412 1311
624 0.296471 0.365101 11663 1067 1314
625 0.077799 0.366213 8979 280 1318
626 0.333426 0.366769 10052 1200 1320
627 0.256182 0.367602 10656 922 1323
628 0.247847 0.367880 11095 892 1324
629 0.082523 0.368436 9563 297 1326
630 0.288691 0.368714 10666 1039 1327
631 0.011114 0.369269 8710 40 1329
632 0.539872 0.369269 4934 1943 1329
633 0.012226 0.371770 8818 44 1338
634 0.352320 0.373437 7709 1268 1344
635 0.539872 0.371770 5134 1943 1338
636 0.082801 0.372048 9708 298 1339
637 0.285913 0.372326 10364 1029 1340
638 0.253404 0.373715 10570 912 1345
639 0.539872 0.373993 5301 1943 1346
640 0.254515 0.375104 10577 916 1350
641 0.489303 0.376493 8343 1761 1355
642 0.539872 0.376493 5357 1943 1355
643 0.476799 0.377605 8126 1716 1359
644 0.257016 0.377883 10469 925 1360
645 0.086135 0.378438 9370 310 1362
646 0.498194 0.378438 8303 1793 1362
647 0.284523 0.378716 10508 1024 1363
648 0.014448 0.378994 8868 52 1364
649 0.075577 0.379550 9012 272 1366
650 0.510142 0.379828 8057 1836 1367
651 0.539872 0.379828 5633 1943 1367
652 0.539872 0.380661 5633 1943 1370
653 0.259794 0.381495 10951 935 1373
654 0.181995 0.382328 9137 655 1376
655 0.456794 0.382328 7969 1644 1376
656 0.502362 0.382328 8428 1808 1376
657 0.193665 0.385385 9219 697 1387
658 0.285079 0.384551 10524 1026 1384
659 0.539872 0.384551 5984 1943 1384
660 0.261184 0.385385 10600 940 1387
661 0.471242 0.385663 8336 1696 1388
662 0.489025 0.386218 8248 1760 1390
663 0.173659 0.386496 9055 625 1391
664 0.090859 0.386774 8795 327 1392
665 0.071131 0.387886 9153 256 1396
666 0.000278 0.388719 7162 1 1399
667 0.171714 0.388997 8835 618 1400
668 0.365101 0.389275 9609 1314 1401
669 0.374548 0.389553 8635 1348 1402
670 0.024451 0.390664 6135 88 1406
671 0.238122 0.392053 11525 857 1411
672 0.450125 0.392053 8694 1620 1411
673 0.242567 0.392609 11601 873 1413
674 0.356210 0.392609 9829 1282 1413
675 0.357044 0.392609 9829 1285 1413
676 0.245346 0.393165 11548 883 1415
677 0.472353 0.393443 8290 1700 1416
678 0.301750 0.393998 11154 1086 1418
679 0.251181 0.394276 11548 904 1419
680 0.182829 0.394554 8366 658 1420
681 0.292026 0.394554 12040 1051 1420
682 0.305918 0.394832 11269 1101 1421
683 0.347597 0.394832 9278 1251 1421
684 0.348430 0.395388 9278 1254 1423
685 0.308141 0.395665 11210 1109 1424
686 0.288413 0.396221 12165 1038 1426
687 0.317588 0.397888 9547 1143 1432
688 0.443457 0.398166 9071 1596 1433
689 0.539594 0.398166 5626 1942 1433
690 0.272298 0.399555 10971 980 1438
691 0.285635 0.399833 12552 1028 1439
692 0.279800 0.400667 12726 1007 1442
693 0.352876 0.400667 9534 1270 1442
694 0.443734 0.401223 9022 1597 1444
695 0.024729 0.402334 6991 89 1448
696 0.036955 0.405113 4494 133 1458
697 0.133370 0.402334 6761 480 1448
698 0.317310 0.402334 8713 1142 1448
699 0.438455 0.403723 8772 1578 1453
700 0.432620 0.404279 8704 1557 1455
701 0.443457 0.404557 9176 1596 1456
702 0.352876 0.404835 9714 1270 1457
703 0.058905 0.405946 7798 212 1461
704 0.148930 0.412337 5429 536 1484
705 0.058350 0.406502 7798 210 1463
706 0.425674 0.406780 8802 1532 1464
707 0.348986 0.407613 10009 1256 1467
708 0.292581 0.410670 10997 1053 1478
709 0.355654 0.410670 9996 1280 1478
710 0.419839 0.410947 8917 1511 1479
711 0.336760 0.411225 8674 1212 1480
712 0.297861 0.412059 10780 1072 1483
713 0.417338 0.412337 8887 1502 1484
714 0.185885 0.413726 7995 669 1489
715 0.256460 0.415949 9091 923 1497
716 0.413170 0.417338 8707 1487 1502
717 0.406502 0.417894 8297 1463 1504
718 0.060572 0.421228 6332 218 1516
719 0.411781 0.423729 8661 1482 1525
720 0.491525 0.424840 6791 1769 1529
721 0.347874 0.425396 6801 1252 1531
722 0.387330 0.427063 7588 1394 1537
723 0.426507 0.427341 8907 1535 1538
724 0.017505 0.429008 8973 63 1544
725 0.347319 0.430675 6755 1250 1550
726 0.074187 0.431787 5524 267 1554
727 0.131148 0.432064 3605 472 1555
728 0.011114 0.433732 8592 40 1561
729 0.424562 0.434009 9222 1528 1562
730 0.001389 0.434843 8743 5 1565
731 0.398722 0.434843 7985 1435 1565
732 0.003890 0.436510 8963 14 1571
733 0.423729 0.436510 9104 1525 1571
734 0.478188 0.436788 8507 1721 1572
735 0.387330 0.437066 8979 1394 1573
736 0.382606 0.439011 9219 1377 1580
737 0.417894 0.439289 9409 1504 1581
738 0.526813 0.440122 5836 1896 1584
739 0.472353 0.440678 8861 1700 1586
740 0.044735 0.443734 4087 161 1597
741 0.414560 0.445401 9084 1492 1603
742 0.377883 0.446513 9586 1360 1607
743 0.492081 0.447624 8179 1771 1611
744 0.010558 0.449291 6794 38 1617
745 0.325090 0.449291 8631 1170 1617
746 0.410114 0.449569 9084 1476 1618
747 0.415949 0.449847 8992 1497 1619
748 0.507641 0.450403 7217 1827 1621
749 0.390108 0.450403 8549 1404 1621
750 0.466241 0.450681 9311 1678 1622
751 0.457071 0.451514 8382 1645 1625
752 0.374826 0.451792 9504 1349 1626
753 0.412059 0.454293 8730 1483 1635
754 0.487635 0.455126 8720 1755 1638
755 0.018338 0.455682 6794 66 1640
756 0.228952 0.455960 7769 824 1641
757 0.179772 0.456238 6384 647 1642
758 0.113087 0.456794 5590 407 1644
759 0.230897 0.456516 7769 831 1643
760 0.375660 0.456516 9537 1352 1643
761 0.361489 0.456794 9107 1301 1644
762 0.409558 0.456794 8940 1474 1644
763 0.486246 0.457071 8720 1750 1645
764 0.339817 0.457627 9114 1223 1647
765 0.355932 0.457905 8900 1281 1648
766 0.467074 0.457905 9324 1681 1648
767 0.404835 0.458183 9632 1457 1649
768 0.369547 0.458461 10262 1330 1650
769 0.349542 0.459850 8654 1258 1655
770 0.045568 0.460128 5144 164 1656
771 0.345652 0.460128 8520 1244 1656
772 0.000278 0.461239 6030 1 1660
773 0.331203 0.461239 9458 1192 1660
774 0.483190 0.463740 8681 1739 1669
775 0.412615 0.464018 9350 1485 1670
776 0.133370 0.465407 5935 480 1675
777 0.477633 0.467630 8661 1719 1683
778 0.205891 0.468186 7352 741 1685
779 0.145596 0.468741 6801 524 1687
780 0.472076 0.468741 9176 1699 1687
781 0.520700 0.469297 8661 1874 1689
782 0.462906 0.469853 9468 1666 1691
783 0.321478 0.470686 9435 1157 1694
784 0.366769 0.470686 8697 1320 1694
785 0.404001 0.471520 9222 1454 1697
786 0.352042 0.471798 7896 1267 1698
787 0.407891 0.472076 8743 1468 1699
788 0.129203 0.472909 5748 465 1702
789 0.198388 0.472909 6233 714 1702
790 0.055293 0.473187 4596 199 1703
791 0.410947 0.473187 8454 1479 1703
792 0.446235 0.473187 9271 1606 1703
793 0.459294 0.474021 9543 1653 1706
794 0.393165 0.474298 8769 1415 1707
795 0.049458 0.475132 5137 178 1710
796 0.324257 0.475410 9737 1167 1711
797 0.458183 0.475410 9543 1649 1711
798 0.397888 0.475688 8454 1432 1712
799 0.518200 0.477077 8694 1865 1717
800 0.015282 0.477911 7290 55 1720
801 0.454015 0.479578 9520 1634 1726
802 0.354821 0.480411 8126 1277 1729
803 0.393998 0.481245 8185 1418 1732
804 0.122812 0.481523 6000 442 1733
805 0.303695 0.481800 8861 1093 1734
806 0.165324 0.483745 6551 595 1741
807 0.109753 0.485135 5908 395 1746
808 0.323423 0.484857 9468 1164 1745
809 0.034732 0.485135 7998 125 1746
810 0.397888 0.485135 8284 1432 1746
811 0.453737 0.485413 9435 1633 1747
812 0.513754 0.486524 9061 1849 1751
813 0.225618 0.486802 7470 812 1752
814 0.037233 0.487358 7834 134 1754
815 0.392887 0.487358 8690 1414 1754
816 0.390664 0.487635 8835 1406 1755
817 0.039455 0.490414 7785 142 1765
818 0.403723 0.490692 8727 1453 1766
819 0.320645 0.491803 9399 1154 1770
820 0.450403 0.492081 9245 1621 1771
821 0.218116 0.493748 7769 785 1777
822 0.482912 0.493748 8316 1738 1777
823 0.466241 0.494582 8618 1678 1780
824 0.507919 0.494582 10111 1828 1780
825 0.442345 0.495415 9140 1592 1783
826 0.412337 0.496805 8838 1484 1788
827 0.206446 0.497360 7431 743 1790
828 0.479300 0.497083 9160 1725 1789
829 0.383440 0.498750 9238 1380 1795
830 0.430675 0.499305 9055 1550 1797
831 0.454015 0.500139 9379 1634 1800
832 0.000000 0.500973 2867 0 1803
833 0.474576 0.500973 8759 1708 1803
834 0.322034 0.502084 9947 1159 1807
835 0.425674 0.502084 9094 1532 1807
836 0.284523 0.502362 10600 1024 1808
837 0.458183 0.503195 9606 1649 1811
838 0.505974 0.503195 9744 1821 1811
839 0.219228 0.503751 8070 789 1813
840 0.312587 0.504029 10003 1125 1814
841 0.382884 0.504585 9028 1378 1816
842 0.270353 0.504862 9104 973 1817
843 0.213948 0.505418 8359 770 1819
844 0.266185 0.505418 9058 958 1819
845 0.507919 0.506252 9796 1828 1822
846 0.349542 0.506530 7516 1258 1823
847 0.111420 0.506807 6496 401 1824
848 0.223951 0.507919 8054 806 1828
849 0.308697 0.507641 9999 1111 1827
850 0.419005 0.507641 8982 1508 1827
851 0.285079 0.507919 10656 1026 1828
852 0.380383 0.510142 8704 1369 1836
853 0.290081 0.510697 10465 1044 1838
854 0.304529 0.511253 9954 1096 1840
855 0.500139 0.512087 8267 1800 1843
856 0.516532 0.511809 8339 1859 1842
857 0.160878 0.512087 8779 579 1843
858 0.380106 0.512642 8776 1368 1845
859 0.458739 0.512920 10088 1651 1846
860 0.294526 0.514032 10127 1060 1850
861 0.000000 0.514865 6325 0 1853
862 0.465685 0.515699 9373 1676 1856
863 0.490970 0.516532 8001 1767 1859
864 0.251737 0.515977 8704 906 1857
865 0.466796 0.516255 9373 1680 1858
866 0.239511 0.516810 9114 862 1860
867 0.454015 0.516810 9675 1634 1860
868 0.471242 0.517922 9124 1696 1864
869 0.153376 0.519033 10390 552 1868
870 0.409003 0.520422 8645 1472 1873
871 0.297305 0.520700 10695 1070 1874
872 0.525146 0.520700 9803 1890 1874
873 0.000000 0.521534 6824 0 1877
874 0.139483 0.523757 8937 502 1885
875 0.150320 0.524034 10666 541 1886
876 0.003056 0.524312 6902 11 1887
877 0.093081 0.530425 2522 335 1909
878 0.219783 0.524590 7562 791 1888
879 0.033343 0.524868 6660 120 1889
880 0.300639 0.525702 10351 1082 1892
881 0.373715 0.525424 8041 1345 1891
882 0.451514 0.525702 9606 1625 1892
883 0.402056 0.526257 8359 1447 1894
884 0.537927 0.526257 8323 1936 1894
885 0.245068 0.526813 9094 882 1896
886 0.011392 0.527924 7847 41 1900
887 0.470686 0.528202 9114 1694 1901
888 0.463740 0.529036 8854 1669 1904
889 0.003612 0.529036 6561 13 1904
890 0.158933 0.529314 10797 572 1905
891 0.305918 0.529592 10022 1101 1906
892 0.450681 0.530981 9438 1622 1911
893 0.013893 0.531814 7890 50 1914
894 0.326480 0.532370 9196 1175 1916
895 0.030286 0.532648 7490 109 1917
896 0.539872 0.533482 8976 1943 1920
897 0.016116 0.534315 7755 58 1923
898 0.321478 0.534593 9448 1157 1924
899 0.489025 0.534593 8713 1760 1924
900 0.313976 0.535704 9461 1130 1928
901 0.486524 0.536260 8779 1751 1930
902 0.196443 0.537094 7772 707 1933
903 0.246457 0.537372 9242 887 1934
904 0.221728 0.538483 7611 798 1938
905 0.399000 0.538761 8182 1436 1939
906 0.474854 0.538205 9284 1709 1937
907 0.020839 0.538483 8011 75 1938
908 0.539872 0.538761 8858 1943 1939
909 0.131148 0.539039 6732 472 1940
910 0.217005 0.539039 7516 781 1940
911 0.450959 0.539316 8950 1623 1941
912 0.024173 0.539594 7985 87 1942
913 0.055571 0.539872 7493 200 1943
914 0.210058 0.539594 6958 756 1942
915 0.239233 0.539872 8671 861 1943
916 0.278133 0.539594 7726 1001 1942
917 0.431509 0.539594 8864 1553 1942
918 0.435677 0.539872 8845 1568 1943
919 0.026118 0.539872 8008 94 1943
920 0.039733 0.539872 5912 143 1943
921 0.053348 0.539872 7293 192 1943
922 0.063907 0.539872 6919 230 1943
923 0.069742 0.539872 6404 251 1943
924 0.080022 0.539872 4173 288 1943
925 0.186441 0.539872 7568 671 1943
926 0.187274 0.539872 7578 674 1943
927 0.188108 0.539872 7608 677 1943
928 0.190609 0.539872 7765 686 1943
929 0.193387 0.539872 7831 696 1943
930 0.194221 0.539872 7847 699 1943
931 0.194776 0.539872 7844 701 1943
932 0.205057 0.539872 6384 738 1943
933 0.225063 0.539872 7618 810 1943
934 0.226174 0.539872 7588 814 1943
935 0.228119 0.539872 7473 821 1943
936 0.230342 0.539872 7608 829 1943
937 0.273687 0.539872 7404 985 1943
938 0.456516 0.539872 7992 1643 1943
939 0.481523 0.539872 8943 1733 1943
940 0.489858 0.539872 8297 1763 1943
941 0.495971 0.539872 7440 1785 1943
942 0.525979 0.539872 8070 1893 1943
943 0.527647 0.539872 8044 1899 1943
944 0.537649 0.539872 8694 1935 1943
BasinSaddles 0
Runoffs 311
1 0.000000 0.000000 4793 0 0
2 0.013059 0.000000 6676 47 0
3 0.021951 0.000000 5744 79 0
4 0.028341 0.000000 6318 102 0
5 0.041956 0.000000 5403 151 0
6 0.060017 0.000000 4209 216 0
7 0.067797 0.000000 4901 244 0
8 0.074465 0.000000 4048 268 0
9 0.095860 0.000000 6099 345 0
10 0.121978 0.000000 4183 439 0
11 0.125035 0.000000 4163 450 0
12 0.126980 0.000000 4087 457 0
13 0.132259 0.000000 4163 476 0
14 0.141984 0.000000 3940 511 0
15 0.148930 0.000000 3838 536 0
16 0.155321 0.000000 3959 559 0
17 0.158377 0.000000 4061 570 0
18 0.172826 0.000000 4379 622 0
19 0.190886 0.000000 4924 687 0
20 0.198388 0.000000 5216 714 0
21 0.199222 0.000000 5213 717 0
22 0.200333 0.000000 5187 721 0
23 0.206168 0.000000 5538 742 0
24 0.213670 0.000000 5078 769 0
25 0.225896 0.000000 6049 813 0
26 0.230897 0.000000 6597 831 0
27 0.233676 0.000000 6397 841 0
28 0.235065 0.000000 6309 846 0
29 0.236177 0.000000 6309 850 0
30 0.240067 0.000000 7093 864 0
31 0.243401 0.000000 7713 876 0
32 0.246457 0.000000 7657 887 0
33 0.247847 0.000000 7739 892 0
34 0.249514 0.000000 7716 898 0
35 0.250903 0.000000 7814 903 0
36 0.253959 0.000000 7506 914 0
37 0.255071 0.000000 7532 918 0
38 0.258961 0.000000 7240 932 0
39 0.261184 0.000000 7536 940 0
40 0.265074 0.000000 7860 954 0
41 0.270075 0.000000 7270 972 0
42 0.275076 0.000000 7608 990 0
43 0.280911 0.000000 7103 1011 0
44 0.283134 0.000000 6945 1019 0
45 0.305085 0.000000 5045 1098 0
46 0.312865 0.000000 5872 1126 0
47 0.314532 0.000000 6062 1132 0
48 0.318978 0.000000 6453 1148 0
49 0.328147 0.000000 7778 1181 0
50 0.331481 0.000000 7542 1193 0
51 0.334815 0.000000 7335 1205 0
52 0.339539 0.000000 8202 1222 0
53 0.354821 0.000000 6640 1277 0
54 0.357321 0.000000 6676 1286 0
55 0.362045 0.000000 7736 1303 0
56 0.367880 0.000000 8756 1324 0
57 0.371214 0.000000 8589 1336 0
58 0.373993 0.000000 8379 1346 0
59 0.376216 0.000000 8090 1354 0
60 0.392331 0.000000 5816 1412 0
61 0.394832 0.000000 5649 1421 0
62 0.398722 0.000000 5262 1435 0
63 0.404001 0.000000 4829 1454 0
64 0.406780 0.000000 4806 1464 0
65 0.424007 0.000000 3477 1526 0
66 0.425118 0.000000 3487 1530 0
67 0.433176 0.000000 3116 1559 0
68 0.460961 0.000000 4937 1659 0
69 0.474298 0.000000 5633 1707 0
70 0.477633 0.000000 6194 1719 0
71 0.481523 0.000000 7237 1733 0
72 0.482356 0.000000 7155 1736 0
73 0.489303 0.000000 7142 1761 0
74 0.493193 0.000000 7148 1775 0
75 0.496249 0.000000 7178 1786 0
76 0.500973 0.000000 7398 1803 0
77 0.502640 0.000000 7467 1809 0
78 0.504862 0.000000 7545 1817 0
79 0.513198 0.000000 7099 1847 0
80 0.518755 0.000000 7660 1867 0
81 0.525424 0.000000 7473 1891 0
82 0.539872 0.000000 6246 1943 0
83 0.539872 0.005001 5948 1943 18
84 0.539872 0.006946 5892 1943 25
85 0.539872 0.017227 4629 1943 62
86 0.539872 0.021673 4999 1943 78
87 0.539872 0.027785 5118 1943 100
88 0.539872 0.029730 5088 1943 107
89 0.539872 0.044457 5636 1943 160
90 0.539872 0.054182 4927 1943 195
91 0.539872 0.055571 4931 1943 200
92 0.539872 0.064184 3671 1943 231
93 0.539872 0.085579 6354 1943 308
94 0.539872 0.090025 5741 1943 324
95 0.539872 0.091414 5695 1943 329
96 0.539872 0.093081 5606 1943 335
97 0.539872 0.096694 5659 1943 348
98 0.539872 0.118644 7700 1943 427
99 0.539872 0.121700 7824 1943 438
100 0.539872 0.123923 7746 1943 446
101 0.539872 0.125035 7742 1943 450
102 0.539872 0.128091 7998 1943 461
103 0.539872 0.131425 7778 1943 473
104 0.539872 0.136149 8133 1943 490
105 0.539872 0.140872 8175 1943 507
106 0.539872 0.148375 7237 1943 534
107 0.539872 0.150042 7237 1943 540
108 0.539872 0.156988 7522 1943 565
109 0.539872 0.162267 8005 1943 584
110 0.539872 0.166713 8398 1943 600
111 0.539872 0.172548 8211 1943 621
112 0.539872 0.177549 8231 1943 639
113 0.539872 0.180884 8326 1943 651
114 0.539872 0.187552 7837 1943 675
115 0.539872 0.193943 8444 1943 698
116 0.539872 0.200056 8756 1943 720
117 0.539872 0.205057 8435 1943 738
118 0.539872 0.210058 7844 1943 756
119 0.539872 0.228675 6922 1943 823
120 0.539872 0.230897 7060 1943 831
121 0.539872 0.233676 7198 1943 841
122 0.539872 0.243679 8244 1943 877
123 0.539872 0.244790 8152 1943 881
124 0.539872 0.252292 7270 1943 908
125 0.539872 0.257294 7299 1943 926
126 0.539872 0.260628 6847 1943 938
127 0.539872 0.262573 6686 1943 945
128 0.539872 0.288413 6916 1943 1038
129 0.539872 0.303140 5429 1943 1091
130 0.539872 0.309530 4609 1943 1114
131 0.539872 0.313698 4484 1943 1129
132 0.539872 0.320922 4557 1943 1155
133 0.539872 0.326757 4734 1943 1176
134 0.539872 0.328702 4763 1943 1183
135 0.539872 0.331759 4632 1943 1194
136 0.539872 0.338705 4714 1943 1219
137 0.539872 0.342039 4750 1943 1231
138 0.539872 0.353709 4642 1943 1273
139 0.539872 0.367880 4990 1943 1324
140 0.539872 0.370936 5193 1943 1335
141 0.539872 0.373715 5308 1943 1345
142 0.539872 0.375938 5429 1943 1353
143 0.539872 0.378994 5711 1943 1364
144 0.539872 0.380383 5643 1943 1369
145 0.539872 0.383996 6026 1943 1382
146 0.539872 0.392887 6689 1943 1414
147 0.539872 0.404279 6975 1943 1455
148 0.539872 0.405668 7001 1943 1460
149 0.539872 0.413170 8330 1943 1487
150 0.539872 0.415671 8431 1943 1496
151 0.539872 0.453181 5141 1943 1631
152 0.539872 0.457071 5255 1943 1645
153 0.539872 0.459572 5328 1943 1654
154 0.539872 0.464574 5682 1943 1672
155 0.539872 0.466796 5715 1943 1680
156 0.539872 0.469019 6263 1943 1688
157 0.539872 0.471242 6391 1943 1696
158 0.539872 0.496527 7201 1943 1787
159 0.539872 0.498472 7201 1943 1794
160 0.539872 0.500695 7244 1943 1802
161 0.539872 0.501806 7260 1943 1806
162 0.539872 0.513476 7358 1943 1848
163 0.539872 0.514587 7372 1943 1852
164 0.539872 0.518755 7542 1943 1867
165 0.539872 0.520422 7716 1943 1873
166 0.539872 0.531537 9094 1943 1913
167 0.539872 0.535982 9114 1943 1929
168 0.539872 0.539872 8900 1943 1943
169 0.000000 0.001389 4832 0 5
170 0.000000 0.006113 5196 0 22
171 0.000000 0.011948 5912 0 43
172 0.000000 0.028063 8379 0 101
173 0.000000 0.030564 8202 0 110
174 0.000000 0.035288 8133 0 127
175 0.000000 0.043068 7181 0 155
176 0.000000 0.046680 7391 0 168
177 0.000000 0.058072 5908 0 209
178 0.000000 0.060017 5905 0 216
179 0.000000 0.063629 5813 0 229
180 0.000000 0.069742 5574 0 251
181 0.000000 0.073076 5462 0 263
182 0.000000 0.074465 5449 0 268
183 0.000000 0.084190 5541 0 303
184 0.000000 0.102528 4261 0 369
185 0.000000 0.110308 3838 0 397
186 0.000000 0.114476 3772 0 412
187 0.000000 0.119200 3733 0 429
188 0.000000 0.121700 3805 0 438
189 0.000000 0.125313 3779 0 451
190 0.000000 0.144762 6564 0 521
191 0.000000 0.150320 6128 0 541
192 0.000000 0.158377 4314 0 570
193 0.000000 0.170881 2874 0 615
194 0.000000 0.176716 2732 0 636
195 0.000000 0.178939 2798 0 644
196 0.000000 0.180050 2785 0 648
197 0.000000 0.183106 2936 0 659
198 0.000000 0.185329 2772 0 667
199 0.000000 0.186996 2923 0 673
200 0.000000 0.189775 2988 0 683
201 0.000000 0.194221 2788 0 699
202 0.000000 0.197555 2769 0 711
203 0.000000 0.199222 2811 0 717
204 0.000000 0.201723 2821 0 726
205 0.000000 0.210058 2522 0 756
206 0.000000 0.219505 2821 0 790
207 0.000000 0.228675 3090 0 823
208 0.000000 0.237566 3467 0 855
209 0.000000 0.243679 3986 0 877
210 0.000000 0.255071 4980 0 918
211 0.000000 0.266185 4320 0 958
212 0.000000 0.267852 4317 0 964
213 0.000000 0.271742 4422 0 978
214 0.000000 0.319255 6374 0 1149
215 0.000000 0.329536 8382 0 1186
216 0.000000 0.331759 8202 0 1194
217 0.000000 0.344818 6630 0 1241
218 0.000000 0.351764 7536 0 1266
219 0.000000 0.360656 7755 0 1298
220 0.000000 0.380939 6210 0 1371
221 0.000000 0.383996 6814 0 1382
222 0.000000 0.388719 7165 0 1399
223 0.000000 0.410114 4826 0 1476
224 0.000000 0.420117 7506 0 1512
225 0.000000 0.425952 8756 0 1533
226 0.000000 0.429008 8464 0 1544
227 0.000000 0.435399 8786 0 1567
228 0.000000 0.459294 6059 0 1653
229 0.000000 0.461795 6033 0 1662
230 0.000000 0.467630 4911 0 1683
231 0.000000 0.470131 4921 0 1692
232 0.000000 0.481245 3556 0 1732
233 0.000000 0.500695 2880 0 1802
234 0.000000 0.514587 6351 0 1852
235 0.000000 0.519033 7326 0 1868
236 0.000000 0.523757 7139 0 1885
237 0.000000 0.528202 6571 0 1901
238 0.000000 0.532648 7211 0 1917
239 0.000000 0.533204 7217 0 1919
240 0.000000 0.539872 5410 0 1943
241 0.001389 0.539872 5547 5 1943
242 0.005279 0.539872 6105 19 1943
243 0.006669 0.539872 6256 24 1943
244 0.023340 0.539872 8054 84 1943
245 0.025563 0.539872 8051 92 1943
246 0.028897 0.539872 8421 104 1943
247 0.048347 0.539872 8192 174 1943
248 0.055293 0.539872 7499 199 1943
249 0.057238 0.539872 7785 206 1943
250 0.061684 0.539872 7027 222 1943
251 0.066129 0.539872 7099 238 1943
252 0.070297 0.539872 6450 253 1943
253 0.082523 0.539872 4278 297 1943
254 0.113087 0.539872 4406 407 1943
255 0.116143 0.539872 4671 418 1943
256 0.126702 0.539872 6456 456 1943
257 0.130870 0.539872 6732 471 1943
258 0.132259 0.539872 6699 476 1943
259 0.157266 0.539872 10948 566 1943
260 0.180606 0.539872 8431 650 1943
261 0.186996 0.539872 7582 673 1943
262 0.187830 0.539872 7611 676 1943
263 0.190331 0.539872 7775 685 1943
264 0.191998 0.539872 7870 691 1943
265 0.193943 0.539872 7851 698 1943
266 0.194498 0.539872 7851 700 1943
267 0.197555 0.539872 7946 711 1943
268 0.208669 0.539872 7119 751 1943
269 0.215060 0.539872 7595 774 1943
270 0.220339 0.539872 7634 793 1943
271 0.223673 0.539872 7729 805 1943
272 0.225340 0.539872 7621 811 1943
273 0.227008 0.539872 7631 817 1943
274 0.230064 0.539872 7611 828 1943
275 0.237566 0.539872 8848 855 1943
276 0.244235 0.539872 9452 879 1943
277 0.256738 0.539872 6919 924 1943
278 0.272854 0.539872 7427 982 1943
279 0.277855 0.539872 7732 1000 1943
280 0.278966 0.539872 7736 1004 1943
281 0.282301 0.539872 7618 1016 1943
282 0.292581 0.539872 8366 1053 1943
283 0.301195 0.539872 7982 1084 1943
284 0.302306 0.539872 7952 1088 1943
285 0.304251 0.539872 7867 1095 1943
286 0.314810 0.539872 9655 1133 1943
287 0.337872 0.539872 6794 1216 1943
288 0.339261 0.539872 6735 1221 1943
289 0.340372 0.539872 6725 1225 1943
290 0.343707 0.539872 6856 1237 1943
291 0.345096 0.539872 7034 1242 1943
292 0.370103 0.539872 7043 1332 1943
293 0.372048 0.539872 7014 1339 1943
294 0.398444 0.539872 8221 1434 1943
295 0.430953 0.539872 8864 1551 1943
296 0.433176 0.539872 9019 1559 1943
297 0.444568 0.539872 9950 1600 1943
298 0.451792 0.539872 8953 1626 1943
299 0.457071 0.539872 8011 1645 1943
300 0.459016 0.539872 7769 1652 1943
301 0.476799 0.539872 9409 1716 1943
302 0.484857 0.539872 9196 1745 1943
303 0.490692 0.539872 8349 1766 1943
304 0.497360 0.539872 7683 1790 1943
305 0.504585 0.539872 7070 1816 1943
306 0.505140 0.539872 7066 1818 1943
307 0.515421 0.539872 7319 1855 1943
308 0.516532 0.539872 7358 1859 1943
309 0.525146 0.539872 8136 1890 1943
310 0.526535 0.539872 8087 1895 1943
311 0.535149 0.539872 8937 1926 1943
Edges 944
1 66 36
2 1 1
3 47 2
4 5 3
5 6 4
6 7 5
7 35 6
8 38 8
9 10 9
10 11 10
11 12 11
12 13 12
13 14 13
14 15 14
15 16 15
16 17 16
17 49 37
18 17 17
19 45 33
20 21 19
21 33 20
22 46 42
23 22 22
24 39 23
25 43 29
26 27 24
27 28 25
28 29 26
29 30 27
30 60 59
31 9 28
32 45 31
33 22 21
34 37 35
35 8 7
36 18 18
37 58 40
38 42 38
39 23 32
40 31 39
41 4 34
42 40 41
43 48 46
44 71 60
45 54 47
46 55 50
47 52 49
48 26 30
49 53 51
50 65 57
51 41 44
52 51 43
53 67 54
54 77 64
55 54 56
56 54 53
57 25 48
58 39 45
59 56 55
60 64 62
61 71 63
62 55 58
63 58 61
64 69 66
65 71 69
66 73 68
67 68 65
68 74 70
69 72 72
70 66 67
71 47 52
72 90 79
73 76 74
74 87 78
75 70 73
76 115 82
77 100 91
78 73 77
79 75 75
80 70 76
81 82 83
82 89 84
83 80 80
84 73 81
85 77 86
86 79 85
87 99 92
88 81 87
89 67 71
90 101 98
91 94 94
92 96 93
93 86 89
94 85 90
95 71 88
96 97 95
97 114 100
98 92 99
99 108 103
100 105 101
101 103 102
102 109 106
103 118 116
104 94 97
105 120 113
106 112 111
107 93 105
108 104 107
109 95 96
110 102 104
111 107 108
112 120 112
113 103 110
114 121 118
115 110 109
116 114 114
117 111 115
118 144 119
119 116 117
120 130 121
121 132 125
122 115 120
123 117 124
124 122 123
125 123 126
126 154 129
127 108 122
128 125 127
129 138 130
130 142 134
131 124 128
132 130 131
133 135 133
134 142 135
135 128 132
136 130 136
137 150 139
138 146 142
139 131 138
140 132 137
141 131 140
142 152 145
143 138 143
144 156 146
145 154 144
146 140 141
147 198 153
148 151 152
149 146 147
150 166 156
151 150 149
152 162 157
153 166 155
154 153 151
155 140 150
156 167 163
157 135 154
158 169 159
159 161 161
160 198 171
161 154 160
162 178 173
163 139 148
164 169 167
165 146 166
166 197 172
167 171 169
168 163 165
169 149 158
170 161 168
171 177 175
172 154 162
173 155 164
174 190 177
175 168 170
176 177 176
177 181 181
178 194 185
179 181 180
180 169 174
181 185 184
182 176 183
183 172 179
184 173 178
185 187 186
186 175 182
187 192 188
188 186 187
189 196 190
190 198 189
191 208 195
192 199 193
193 213 198
194 193 192
195 224 197
196 240 194
197 206 200
198 213 199
199 204 196
200 188 191
201 212 208
202 208 205
203 201 203
204 210 209
205 200 202
206 202 201
207 200 204
208 259 235
209 207 211
210 222 218
211 234 212
212 216 214
213 215 213
214 240 210
215 230 217
216 190 206
217 241 227
218 205 207
219 213 216
220 225 221
221 223 219
222 226 222
223 220 220
224 237 223
225 206 215
226 242 225
227 239 234
228 232 228
229 231 230
230 246 239
231 230 229
232 229 226
233 228 231
234 238 236
235 218 224
236 235 238
237 247 243
238 252 245
239 257 241
240 249 246
241 236 237
242 249 240
243 225 232
244 233 233
245 244 242
246 269 255
247 248 247
248 260 252
249 256 251
250 245 248
251 264 254
252 262 250
253 255 253
254 266 260
255 250 249
256 264 262
257 265 258
258 243 244
259 261 256
260 263 257
261 257 259
262 253 265
263 254 263
264 276 270
265 278 266
266 270 264
267 297 268
268 271 267
269 275 273
270 258 261
271 277 272
272 235 271
273 284 279
274 285 275
275 310 278
276 287 276
277 281 277
278 281 282
279 288 283
280 277 281
281 296 298
282 258 274
283 235 280
284 286 290
285 297 289
286 298 297
287 295 291
288 317 304
289 283 286
290 263 285
291 278 288
292 282 293
293 289 292
294 235 287
295 288 294
296 305 301
297 303 302
298 320 303
299 293 296
300 321 300
301 319 299
302 269 269
303 306 307
304 312 312
305 326 320
306 304 308
307 299 306
308 294 309
309 292 295
310 316 313
311 307 310
312 318 319
313 317 317
314 285 305
315 311 315
316 325 322
317 330 321
318 325 323
319 340 334
320 313 316
321 358 335
322 337 333
323 302 314
324 315 324
325 336 336
326 328 330
327 309 311
328 314 318
329 303 325
330 344 331
331 323 326
332 309 329
333 320 328
334 331 327
335 324 332
336 341 339
337 343 349
338 335 338
339 347 342
340 355 351
341 349 348
342 345 341
343 334 344
344 351 352
345 328 340
346 338 345
347 345 346
348 326 343
349 360 356
350 340 350
351 357 355
352 403 354
353 348 353
354 331 337
355 333 347
356 294 284
357 375 370
358 366 362
359 347 357
360 362 359
361 368 360
362 365 361
363 362 363
364 355 358
365 369 364
366 370 365
367 350 366
368 384 377
369 385 376
370 372 369
371 364 368
372 379 372
373 350 367
374 371 371
375 377 374
376 413 386
377 382 378
378 371 375
379 390 382
380 386 380
381 374 373
382 397 385
383 385 383
384 358 379
385 398 388
386 404 387
387 378 381
388 370 384
389 413 391
390 391 390
391 416 394
392 406 393
393 413 396
394 387 389
395 394 392
396 390 395
397 471 451
398 399 397
399 408 401
400 412 402
401 407 400
402 396 398
403 422 410
404 405 408
405 420 409
406 401 399
407 436 416
408 440 425
409 404 407
410 384 403
411 406 405
412 434 413
413 435 424
414 408 412
415 437 417
416 429 422
417 398 404
418 400 406
419 409 415
420 425 419
421 419 418
422 428 426
423 410 414
424 427 427
425 411 411
426 431 428
427 413 420
428 446 437
429 432 431
430 417 423
431 414 421
432 438 435
433 434 433
434 426 430
435 437 434
436 442 442
437 423 436
438 421 429
439 418 432
440 457 441
441 443 444
442 441 443
443 445 446
444 430 438
445 444 445
446 469 454
447 435 440
448 427 448
449 425 439
450 436 447
451 449 449
452 450 450
453 451 452
454 444 453
455 473 459
456 467 465
457 460 460
458 452 455
459 474 470
460 481 475
461 460 462
462 454 456
463 459 463
464 452 458
465 453 457
466 469 464
467 466 467
468 461 466
469 493 491
470 509 476
471 506 504
472 464 469
473 468 468
474 477 473
475 488 480
476 469 472
477 485 477
478 465 471
479 473 478
480 472 474
481 513 487
482 478 481
483 458 461
484 479 479
485 509 492
486 482 483
487 478 482
488 484 484
489 523 490
490 493 488
491 564 493
492 480 485
493 505 499
494 487 486
495 564 497
496 505 496
497 486 489
498 476 494
499 502 498
500 501 501
501 508 506
502 515 503
503 483 495
504 499 500
505 519 519
506 520 518
507 492 505
508 528 516
509 514 508
510 494 507
511 513 510
512 488 509
513 527 522
514 497 502
515 505 511
516 509 512
517 507 513
518 510 514
519 537 525
520 529 526
521 514 517
522 517 521
523 534 529
524 516 520
525 521 524
526 503 515
527 536 527
528 548 537
529 564 533
530 524 528
531 518 523
532 522 531
533 535 532
534 539 535
535 540 536
536 540 538
537 546 545
538 561 539
539 550 541
540 572 558
541 562 543
542 539 540
543 525 530
544 535 542
545 561 550
546 565 546
547 543 544
548 568 552
549 536 547
550 558 557
551 549 549
552 544 548
553 568 553
554 555 551
555 530 534
556 551 554
557 552 556
558 566 563
559 560 559
560 550 564
561 577 566
562 554 555
563 556 561
564 573 568
565 559 560
566 571 567
567 559 565
568 562 562
569 565 570
570 555 569
571 590 577
572 575 572
573 587 583
574 543 571
575 578 578
576 569 574
577 588 580
578 585 584
579 572 579
580 559 573
581 562 576
582 583 581
583 579 582
584 568 575
585 594 587
586 588 585
587 607 606
588 602 600
589 595 590
590 589 588
591 604 596
592 590 589
593 582 586
594 601 595
595 598 593
596 584 591
597 592 594
598 603 599
599 606 601
600 593 592
601 603 598
602 605 602
603 612 612
604 611 604
605 610 609
606 621 608
607 608 607
608 645 611
609 600 603
610 627 619
611 622 616
612 680 634
613 597 613
614 570 610
615 616 615
616 619 620
617 581 605
618 609 614
619 621 621
620 612 617
621 632 628
622 615 618
623 625 622
624 613 623
625 629 625
626 618 624
627 635 631
628 632 627
629 584 597
630 636 632
631 620 626
632 639 638
633 618 630
634 629 629
635 646 633
636 637 635
637 643 639
638 634 636
639 644 640
640 645 641
641 671 655
642 633 637
643 648 642
644 652 644
645 641 643
646 649 648
647 638 645
648 653 651
649 689 670
650 640 646
651 672 657
652 656 653
653 657 652
654 642 647
655 650 650
656 688 660
657 676 659
658 638 649
659 651 654
660 659 663
661 673 668
662 647 664
663 646 666
664 645 662
665 641 661
666 661 669
667 650 656
668 660 667
669 679 673
670 658 665
671 691 688
672 669 671
673 675 675
674 688 679
675 677 674
676 715 689
677 699 693
678 671 672
679 674 676
680 685 683
681 683 681
682 681 678
683 654 658
684 682 682
685 677 684
686 665 677
687 684 685
688 695 690
689 725 695
690 687 687
691 696 694
692 672 680
693 683 686
694 693 691
695 694 692
696 704 699
697 701 697
698 690 698
699 706 702
700 708 706
701 668 704
702 670 703
703 706 707
704 700 700
705 696 701
706 724 721
707 702 705
708 710 710
709 706 709
710 713 713
711 694 708
712 711 712
713 719 716
714 703 711
715 740 738
716 672 714
717 688 715
718 719 717
719 738 719
720 707 718
721 744 720
722 737 722
723 726 723
724 743 725
725 707 696
726 732 729
727 754 731
728 701 727
729 725 724
730 731 730
731 729 728
732 741 733
733 735 734
734 737 735
735 746 739
736 731 732
737 745 736
738 747 741
739 670 726
740 744 748
741 738 737
742 810 740
743 778 745
744 752 743
745 754 749
746 756 750
747 754 746
748 745 742
749 760 756
750 776 751
751 747 747
752 761 754
753 775 758
754 774 767
755 764 753
756 776 766
757 736 744
758 762 757
759 770 761
760 784 759
761 768 763
762 816 778
763 772 771
764 774 762
765 766 760
766 748 752
767 759 765
768 779 774
769 763 764
770 766 768
771 810 770
772 767 769
773 757 772
774 796 785
775 780 776
776 785 782
777 774 775
778 769 773
779 783 777
780 782 779
781 786 781
782 867 806
783 776 780
784 816 813
785 799 793
786 807 799
787 770 784
788 816 789
789 797 790
790 774 787
791 790 791
792 800 792
793 778 783
794 798 794
795 775 788
796 798 798
797 810 795
798 811 803
799 800 797
800 806 801
801 810 800
802 767 786
803 793 796
804 832 805
805 872 804
806 814 811
807 818 812
808 827 807
809 810 809
810 757 755
811 813 815
812 802 802
813 819 810
814 831 820
815 803 808
816 839 821
817 809 814
818 829 824
819 826 818
820 828 822
821 851 823
822 811 816
823 817 817
824 831 825
825 839 827
826 842 826
827 878 847
828 830 828
829 844 838
830 851 833
831 835 831
832 847 836
833 858 832
834 824 830
835 851 837
836 837 834
837 815 819
838 822 829
839 845 839
840 847 842
841 838 841
842 834 835
843 837 840
844 848 845
845 863 848
846 836 846
847 850 851
848 866 856
849 839 843
850 855 853
851 861 862
852 840 844
853 843 849
854 842 850
855 870 860
856 838 852
857 867 857
858 869 861
859 851 859
860 856 858
861 868 865
862 864 863
863 865 866
864 844 855
865 852 864
866 892 884
867 872 869
868 862 868
869 877 873
870 853 854
871 859 867
872 895 875
873 854 870
874 866 872
875 888 879
876 870 871
877 879 876
878 872 874
879 886 886
880 863 878
881 871 882
882 876 880
883 860 881
884 919 925
885 882 891
886 894 893
887 865 885
888 906 895
889 898 894
890 873 883
891 868 888
892 900 896
893 879 889
894 902 897
895 884 890
896 899 899
897 925 902
898 904 898
899 939 901
900 945 908
901 868 887
902 905 907
903 908 904
904 885 900
905 912 912
906 913 920
907 878 909
908 928 933
909 887 903
910 935 917
911 881 892
912 906 919
913 914 921
914 915 913
915 916 922
916 917 923
917 827 877
918 917 924
919 920 926
920 921 927
921 922 928
922 923 929
923 924 930
924 925 931
925 926 932
926 927 914
927 903 910
928 929 934
929 930 935
930 931 936
931 909 915
932 933 937
933 882 916
934 890 905
935 911 918
936 911 911
937 911 938
938 901 906
939 938 939
940 939 940
941 939 941
942 943 942
943 944 943
945 944 944
RunoffEdges 311
66 0
66 1
66 2
1 3
2 4
50 5
50 6
50 7
44 8
47 9
3 10
47 11
52 12
52 13
52 14
52 15
52 16
51 17
4 18
5 19
6 20
7 21
35 22
8 23
38 24
38 25
38 26
42 27
42 28
31 29
31 30
9 31
10 32
11 33
12 34
13 35
14 36
15 37
16 38
17 39
18 40
36 41
36 42
36 43
59 44
56 45
56 46
56 47
32 48
45 49
45 50
19 51
20 52
21 53
33 54
22 55
23 56
24 57
24 58
58 59
58 60
58 61
58 62
58 63
58 64
58 65
34 66
25 67
43 68
43 69
43 70
43 71
48 72
48 73
48 74
48 75
26 76
27 77
28 78
29 79
30 80
30 81
30 82
30 83
60 84
64 85
69 86
72 87
90 88
101 89
103 90
118 91
144 92
144 93
144 94
144 95
144 96
179 97
181 98
185 99
187 100
192 101
199 102
204 103
210 104
222 105
226 106
242 107
251 108
264 109
276 110
287 111
295 112
330 113
330 114
344 115
351 116
357 117
375 118
377 119
382 120
397 121
397 122
397 123
397 124
397 125
397 126
471 127
506 128
520 129
529 130
564 131
564 132
564 133
564 134
564 135
564 136
573 137
630 138
636 139
637 140
643 141
648 142
653 143
657 144
676 145
715 146
715 147
715 148
715 149
781 150
781 151
781 152
781 153
781 154
781 155
781 156
866 157
866 158
866 159
866 160
866 161
866 162
866 163
866 164
892 165
900 166
945 167
66 168
66 169
66 170
70 171
75 172
79 173
86 174
93 175
107 176
111 177
117 178
123 179
125 180
128 181
135 182
135 183
135 184
157 185
188 186
188 187
188 188
217 189
217 190
217 191
272 192
283 193
289 194
293 195
299 196
307 197
311 198
315 199
324 200
335 201
338 202
346 203
356 204
361 205
393 206
427 207
427 208
424 209
448 210
448 211
448 212
538 213
561 214
561 215
586 216
605 217
610 218
646 219
646 220
663 221
731 222
731 223
731 224
731 225
730 226
757 227
773 228
801 229
801 230
801 231
833 232
858 233
869 234
877 235
893 236
893 237
893 238
893 239
893 240
902 241
902 242
905 243
912 244
906 245
913 246
914 247
915 248
915 249
916 250
917 251
918 252
878 253
878 254
878 255
907 256
878 257
895 258
884 259
919 260
920 261
921 262
922 263
923 264
924 265
925 266
926 267
927 268
903 269
908 270
928 271
929 272
930 273
931 274
909 275
887 276
932 277
933 278
882 279
882 280
882 281
885 282
885 283
885 284
904 285
889 286
889 287
889 288
889 289
889 290
883 291
883 292
934 293
910 294
935 295
911 296
936 297
937 298
891 299
938 300
939 301
940 302
941 303
864 304
864 305
874 306
874 307
942 308
943 309
944 310
