Peaks 333
1 0.117500 0.000000 12270 141 0
2 0.124167 0.000000 12290 149 0
3 0.127500 0.000000 12293 153 0
4 0.135833 0.000000 12322 163 0
5 0.158333 0.000000 12516 190 0
6 0.221667 0.000000 15285 266 0
7 0.266667 0.000000 14648 320 0
8 0.280000 0.000000 14350 336 0
9 0.281667 0.000000 14350 338 0
10 0.285833 0.000000 14343 343 0
11 0.293333 0.000000 14498 352 0
12 0.296667 0.000000 14452 356 0
13 0.302500 0.000000 14511 363 0
14 0.310000 0.000000 14219 372 0
15 0.315000 0.000000 14255 378 0
16 0.362500 0.000000 15164 435 0
17 0.371667 0.000000 15068 446 0
18 0.381667 0.000000 14773 458 0
19 0.383333 0.000000 14780 460 0
20 0.425833 0.000000 15492 511 0
21 0.434167 0.000000 15291 521 0
22 0.439167 0.000000 15305 527 0
23 0.476667 0.000000 15544 572 0
24 0.483333 0.000000 15367 580 0
25 0.486667 0.000000 15374 584 0
26 0.488333 0.000000 15383 586 0
27 0.490833 0.000000 15410 589 0
28 0.494167 0.000000 15390 593 0
29 0.497500 0.000000 15554 597 0
30 0.506667 0.000000 15278 608 0
31 0.508333 0.000000 15275 610 0
32 0.515833 0.000000 15190 619 0
33 0.537500 0.000000 14888 645 0
34 0.130000 0.000833 12299 156 1
35 0.389167 0.001667 14793 467 2
36 0.459167 0.006667 17175 551 8
37 0.040833 0.015000 16450 49 18
38 0.047500 0.015833 16555 57 19
39 0.031667 0.017500 17060 38 21
40 0.024167 0.020833 17208 29 25
41 0.539167 0.020833 14576 647 25
42 0.217500 0.023333 17234 261 28
43 0.045833 0.025000 16519 55 30
44 0.437500 0.028333 18395 525 34
45 0.010833 0.030000 15958 13 36
46 0.006667 0.034167 15784 8 41
47 0.320000 0.035000 15449 384 42
48 0.427500 0.035000 17493 513 42
49 0.538333 0.035833 14576 646 43
50 0.226667 0.039167 18018 272 47
51 0.437500 0.040000 17329 525 48
52 0.539167 0.043333 14576 647 52
53 0.442500 0.052500 17726 531 63
54 0.538333 0.052500 14580 646 63
55 0.431667 0.054167 17440 518 65
56 0.000000 0.060000 17050 0 72
57 0.207500 0.070833 15570 249 85
58 0.457500 0.073333 15646 549 88
59 0.000000 0.075833 16469 0 91
60 0.180000 0.076667 14570 216 92
61 0.531667 0.076667 14580 638 92
62 0.212500 0.080000 15360 255 96
63 0.000000 0.084167 16899 0 101
64 0.219167 0.084167 15249 263 101
65 0.507500 0.088333 14586 609 106
66 0.444167 0.089167 17001 533 107
67 0.391667 0.090833 17880 470 109
68 0.285000 0.092500 14005 342 111
69 0.223333 0.094167 14967 268 113
70 0.388333 0.094167 17867 466 113
71 0.510000 0.094167 14599 612 113
72 0.365833 0.098333 18841 439 118
73 0.292500 0.103333 13937 351 124
74 0.406667 0.105000 18661 488 126
75 0.535000 0.106667 14586 642 128
76 0.362500 0.108333 17939 435 130
77 0.539167 0.108333 14570 647 130
78 0.369167 0.110000 18421 443 132
79 0.156667 0.110833 17778 188 133
80 0.229167 0.110833 14589 275 133
81 0.393333 0.110833 18832 472 133
82 0.154167 0.111667 18018 185 134
83 0.252500 0.111667 14356 303 134
84 0.389167 0.111667 18769 467 134
85 0.539167 0.111667 14573 647 134
86 0.167500 0.113333 18556 201 136
87 0.256667 0.113333 14271 308 136
88 0.265833 0.114167 14140 319 137
89 0.539167 0.114167 14580 647 137
90 0.359167 0.116667 18346 431 140
91 0.379167 0.116667 19012 455 140
92 0.539167 0.117500 14589 647 141
93 0.000000 0.120000 13854 0 144
94 0.228333 0.123333 14350 274 148
95 0.539167 0.123333 14625 647 148
96 0.000000 0.127500 13684 0 153
97 0.539167 0.128333 14701 647 154
98 0.003333 0.137500 13959 4 165
99 0.015000 0.147500 14593 18 177
100 0.039167 0.148333 12519 47 178
101 0.470000 0.148333 17631 564 178
102 0.539167 0.151667 15521 647 182
103 0.252500 0.155000 14973 303 186
104 0.470833 0.155000 17998 565 186
105 0.030833 0.159167 13149 37 191
106 0.539167 0.165833 15862 647 199
107 0.042500 0.168333 12411 51 202
108 0.539167 0.176667 16259 647 212
109 0.110000 0.185000 13218 132 222
110 0.118333 0.187500 13015 142 225
111 0.165000 0.189167 13805 198 227
112 0.004167 0.195000 12227 5 234
113 0.014167 0.195833 12224 17 235
114 0.000000 0.199167 12224 0 239
115 0.233333 0.199167 18412 280 239
116 0.500000 0.199167 15938 600 239
117 0.168333 0.200000 13861 202 240
118 0.236667 0.203333 18333 284 244
119 0.435833 0.210000 16719 523 252
120 0.000000 0.211667 12224 0 254
121 0.230833 0.214167 18871 277 257
122 0.240000 0.215833 18805 288 259
123 0.531667 0.216667 17814 638 260
124 0.000000 0.219167 12224 0 263
125 0.247500 0.221667 18638 297 266
126 0.000000 0.222500 12221 0 267
127 0.001667 0.225833 12224 2 271
128 0.399167 0.225833 19517 479 271
129 0.411667 0.230000 19081 494 276
130 0.000000 0.231667 12221 0 278
131 0.006667 0.235833 12221 8 283
132 0.240833 0.237500 18756 289 285
133 0.002500 0.240000 12224 3 288
134 0.000000 0.245000 12227 0 294
135 0.247500 0.247500 18146 297 297
136 0.000833 0.250833 12224 1 301
137 0.270000 0.269167 19288 324 323
138 0.539167 0.281667 14028 647 338
139 0.428333 0.287500 14268 514 345
140 0.539167 0.287500 13845 647 345
141 0.451667 0.289167 14688 542 347
142 0.114167 0.295833 12378 137 355
143 0.465833 0.295833 14625 559 355
144 0.288333 0.296667 17411 346 356
145 0.539167 0.296667 13937 647 356
146 0.025000 0.297500 14852 30 357
147 0.443333 0.297500 14924 532 357
148 0.033333 0.298333 14878 40 358
149 0.211667 0.302500 13136 254 363
150 0.154167 0.306667 14701 185 368
151 0.000833 0.310000 12122 1 372
152 0.145833 0.310000 14901 175 372
153 0.002500 0.312500 12119 3 375
154 0.178333 0.312500 13717 214 375
155 0.000000 0.315833 12119 0 379
156 0.146667 0.318333 14721 176 382
157 0.000833 0.320833 12119 1 385
158 0.538333 0.324167 14183 646 389
159 0.423333 0.325833 17644 508 391
160 0.539167 0.328333 14146 647 394
161 0.000000 0.329167 12122 0 395
162 0.086667 0.330000 15984 104 396
163 0.000000 0.335833 12119 0 403
164 0.096667 0.335833 16115 116 403
165 0.506667 0.336667 14520 608 404
166 0.000000 0.340000 12119 0 408
167 0.231667 0.340000 13966 278 408
168 0.530833 0.340833 14665 637 409
169 0.000833 0.342500 12122 1 411
170 0.002500 0.343333 12122 3 412
171 0.000000 0.349167 12125 0 419
172 0.189167 0.352500 14179 227 423
173 0.005000 0.353333 12125 6 424
174 0.363333 0.353333 16099 436 424
175 0.006667 0.354167 12125 8 425
176 0.001667 0.355833 12125 2 427
177 0.190000 0.360833 14045 228 433
178 0.535833 0.361667 13884 643 434
179 0.515833 0.363333 15137 619 436
180 0.485833 0.365833 14212 583 439
181 0.317500 0.369167 14048 381 443
182 0.180833 0.373333 14648 217 448
183 0.518333 0.375000 15206 622 450
184 0.087500 0.379167 12828 105 455
185 0.106667 0.383333 13070 128 460
186 0.063333 0.385000 12388 76 462
187 0.211667 0.385833 14612 254 463
188 0.003333 0.386667 13562 4 464
189 0.196667 0.390000 15393 236 468
190 0.247500 0.390833 15449 297 469
191 0.469167 0.390833 14035 563 469
192 0.208333 0.391667 14924 250 470
193 0.000000 0.393333 13385 0 472
194 0.070833 0.397500 12549 85 477
195 0.080000 0.397500 12654 96 477
196 0.063333 0.400000 12739 76 480
197 0.080833 0.403333 12582 97 484
198 0.073333 0.405000 12683 88 486
199 0.536667 0.405833 13933 644 487
200 0.365833 0.407500 17125 439 489
201 0.000833 0.415000 13307 1 498
202 0.169167 0.415000 19199 203 498
203 0.538333 0.415000 13635 646 498
204 0.075833 0.416667 12595 91 500
205 0.298333 0.418333 14199 358 502
206 0.060833 0.422500 12365 73 507
207 0.365000 0.425000 19094 438 510
208 0.000000 0.428333 13202 0 514
209 0.001667 0.431667 13218 2 518
210 0.539167 0.431667 13116 647 518
211 0.000000 0.437500 13228 0 525
212 0.475000 0.439167 15780 570 527
213 0.062500 0.442500 12401 75 531
214 0.150000 0.444167 14543 180 533
215 0.535833 0.445833 13192 643 535
216 0.476667 0.450833 15925 572 541
217 0.134167 0.451667 14156 161 542
218 0.311667 0.462500 14219 374 555
219 0.000000 0.465833 13375 0 559
220 0.539167 0.469167 12683 647 563
221 0.001667 0.470833 13444 2 565
222 0.539167 0.472500 12700 647 567
223 0.539167 0.475000 12673 647 570
224 0.001667 0.475833 13343 2 571
225 0.000000 0.481667 13454 0 578
226 0.535833 0.481667 12696 643 578
227 0.264167 0.482500 13461 317 579
228 0.539167 0.482500 12690 647 579
229 0.539167 0.485833 12670 647 583
230 0.254167 0.486667 13356 305 584
231 0.000000 0.490833 13143 0 589
232 0.000000 0.492500 13143 0 591
233 0.539167 0.493333 12585 647 592
234 0.000000 0.496667 13182 0 596
235 0.000000 0.501667 13244 0 602
236 0.000000 0.503333 13254 0 604
237 0.000000 0.507500 13093 0 609
238 0.095833 0.508333 12152 115 610
239 0.000000 0.512500 13270 0 615
240 0.100000 0.512500 12152 120 615
241 0.532500 0.512500 14744 639 615
242 0.000000 0.514167 13267 0 617
243 0.186667 0.519167 12732 224 623
244 0.360000 0.520000 13218 432 624
245 0.000000 0.527500 13530 0 633
246 0.123333 0.528333 12165 148 634
247 0.105833 0.529167 12148 127 635
248 0.196667 0.529167 12493 236 635
249 0.521667 0.529167 16998 626 635
250 0.000000 0.530833 13530 0 637
251 0.109167 0.531667 12162 131 638
252 0.124167 0.531667 12165 149 638
253 0.123333 0.533333 12175 148 640
254 0.216667 0.533333 12142 260 640
255 0.112500 0.535000 12155 135 642
256 0.000000 0.535833 13602 0 643
257 0.040000 0.535833 12772 48 643
258 0.100000 0.535833 12155 120 643
259 0.140833 0.535833 12152 169 643
260 0.173333 0.535833 12155 208 643
261 0.188333 0.535833 12152 226 643
262 0.235833 0.535833 12139 283 643
263 0.126667 0.536667 12155 152 644
264 0.138333 0.536667 12152 166 644
265 0.252500 0.536667 12135 303 644
266 0.113333 0.537500 12152 136 645
267 0.151667 0.537500 12155 182 645
268 0.220000 0.537500 12148 264 645
269 0.227500 0.537500 12139 273 645
270 0.247500 0.537500 12135 297 645
271 0.258333 0.537500 12132 310 645
272 0.266667 0.537500 12135 320 645
273 0.269167 0.537500 12139 323 645
274 0.081667 0.538333 12178 98 646
275 0.092500 0.538333 12152 111 646
276 0.101667 0.538333 12148 122 646
277 0.117500 0.538333 12158 141 646
278 0.133333 0.538333 12148 160 646
279 0.165833 0.538333 12155 199 646
280 0.173333 0.538333 12152 208 646
281 0.177500 0.538333 12158 213 646
282 0.202500 0.538333 12145 243 646
283 0.205833 0.538333 12142 247 646
284 0.209167 0.538333 12152 251 646
285 0.252500 0.538333 12132 303 646
286 0.260833 0.538333 12135 313 646
287 0.264167 0.538333 12132 317 646
288 0.326667 0.538333 12237 392 646
289 0.398333 0.538333 12188 478 646
290 0.410000 0.538333 12198 492 646
291 0.438333 0.538333 12214 526 646
292 0.453333 0.538333 12221 544 646
293 0.458333 0.538333 12227 550 646
294 0.011667 0.539167 13914 14 647
295 0.025833 0.539167 13218 31 647
296 0.045000 0.539167 12542 54 647
297 0.069167 0.539167 12217 83 647
298 0.074167 0.539167 12194 89 647
299 0.079167 0.539167 12181 95 647
300 0.088333 0.539167 12162 106 647
301 0.098333 0.539167 12145 118 647
302 0.104167 0.539167 12148 125 647
303 0.107500 0.539167 12155 129 647
304 0.112500 0.539167 12152 135 647
305 0.121667 0.539167 12162 146 647
306 0.131667 0.539167 12145 158 647
307 0.136667 0.539167 12155 164 647
308 0.138333 0.539167 12148 166 647
309 0.160000 0.539167 12145 192 647
310 0.170833 0.539167 12152 205 647
311 0.181667 0.539167 12155 218 647
312 0.185000 0.539167 12142 222 647
313 0.190833 0.539167 12152 229 647
314 0.195000 0.539167 12148 234 647
315 0.197500 0.539167 12142 237 647
316 0.199167 0.539167 12142 239 647
317 0.214167 0.539167 12145 257 647
318 0.231667 0.539167 12142 278 647
319 0.234167 0.539167 12139 281 647
320 0.238333 0.539167 12145 286 647
321 0.244167 0.539167 12135 293 647
322 0.248333 0.539167 12135 298 647
323 0.280833 0.539167 12139 337 647
324 0.328333 0.539167 12227 394 647
325 0.335000 0.539167 12185 402 647
326 0.395000 0.539167 12185 474 647
327 0.420000 0.539167 12204 504 647
328 0.423333 0.539167 12211 508 647
329 0.436667 0.539167 12214 524 647
330 0.446667 0.539167 12221 536 647
331 0.449167 0.539167 12227 539 647
332 0.469167 0.539167 12244 563 647
333 0.473333 0.539167 12267 568 647
PromSaddles 332
1 0.115000 0.001667 12267 138 2
2 0.115000 0.001667 12267 138 2
3 0.125000 0.000000 12283 150 0
4 0.128333 0.000000 12286 154 0
5 0.159167 0.000000 12513 191 0
6 0.264167 0.000000 14557 317 0
7 0.277500 0.000000 14337 333 0
8 0.280833 0.000000 14343 337 0
9 0.283333 0.000000 14333 340 0
10 0.289167 0.000000 14307 347 0
11 0.295833 0.000000 14442 355 0
12 0.298333 0.000000 14412 358 0
13 0.308333 0.000000 14212 370 0
14 0.311667 0.000000 14215 374 0
15 0.315833 0.000000 14248 379 0
16 0.370833 0.000000 15065 445 0
17 0.382500 0.000000 14770 459 0
18 0.433333 0.000000 15288 520 0
19 0.436667 0.000000 15265 524 0
20 0.441667 0.000833 15259 530 1
21 0.474167 0.000000 15495 569 0
22 0.482500 0.000000 15351 579 0
23 0.485000 0.000000 15341 582 0
24 0.487500 0.000000 15370 585 0
25 0.489167 0.000000 15374 587 0
26 0.492500 0.000000 15367 591 0
27 0.495000 0.000000 15387 594 0
28 0.505833 0.000000 15262 607 0
29 0.507500 0.000000 15269 609 0
30 0.515000 0.000000 15183 618 0
31 0.536667 0.000000 14878 644 0
32 0.136667 0.000833 12319 164 1
33 0.381667 0.000833 14767 458 1
34 0.132500 0.001667 12290 159 2
35 0.222500 0.001667 15127 267 2
36 0.390833 0.002500 14786 469 3
37 0.453333 0.012500 15958 544 15
38 0.041667 0.014167 16446 50 17
39 0.040000 0.015000 16446 48 18
40 0.047500 0.019167 16374 57 23
41 0.538333 0.020000 14570 646 24
42 0.029167 0.020000 16886 35 24
43 0.015000 0.026667 15446 18 32
44 0.221667 0.027500 16847 266 33
45 0.337500 0.028333 14639 405 34
46 0.525000 0.072500 14573 630 87
47 0.528333 0.061667 14573 634 74
48 0.526667 0.071667 14573 632 86
49 0.520833 0.094167 14573 625 113
50 0.008333 0.030833 15643 10 37
51 0.430833 0.034167 17378 517 41
52 0.438333 0.037500 17217 526 45
53 0.003333 0.039167 15459 4 47
54 0.370000 0.042500 15026 444 51
55 0.438333 0.045000 17191 526 54
56 0.435000 0.052500 17286 522 63
57 0.208333 0.060000 14596 250 72
58 0.449167 0.071667 15393 539 86
59 0.000000 0.071667 16056 0 86
60 0.210833 0.074167 15242 253 89
61 0.455000 0.076667 15492 546 92
62 0.000000 0.077500 16446 0 93
63 0.180000 0.078333 14452 216 94
64 0.216667 0.083333 15032 260 100
65 0.434167 0.086667 15567 521 104
66 0.509167 0.087500 14570 611 105
67 0.506667 0.088333 14570 608 106
68 0.220000 0.089167 14753 264 107
69 0.390000 0.092500 17696 468 111
70 0.290833 0.093333 13828 349 112
71 0.293333 0.096667 13835 352 116
72 0.394167 0.100000 17503 473 120
73 0.536667 0.105833 14570 644 127
74 0.537500 0.108333 14566 645 130
75 0.210833 0.102500 14550 253 123
76 0.367500 0.102500 18241 441 123
77 0.363333 0.106667 17834 436 128
78 0.225833 0.107500 14481 271 129
79 0.160833 0.108333 17522 193 130
80 0.399167 0.109167 18028 479 131
81 0.155000 0.110833 17522 186 133
82 0.362500 0.110833 17703 435 133
83 0.390833 0.110833 18645 469 133
84 0.262500 0.111667 14022 315 134
85 0.254167 0.112500 14166 305 135
86 0.375000 0.112500 18205 450 135
87 0.539167 0.113333 14570 647 136
88 0.535833 0.115833 14576 643 139
89 0.385000 0.115000 18336 462 138
90 0.000833 0.116667 13736 1 140
91 0.220833 0.118333 14130 265 142
92 0.539167 0.118333 14586 647 142
93 0.539167 0.124167 14622 647 149
94 0.000000 0.125000 13645 0 150
95 0.240000 0.129167 14045 288 155
96 0.000000 0.130000 13589 0 156
97 0.539167 0.130000 14678 647 156
98 0.450833 0.137500 14839 541 165
99 0.007500 0.141667 13631 9 170
100 0.216667 0.145833 14124 260 175
101 0.036667 0.146667 12411 44 176
102 0.470000 0.150000 17493 564 180
103 0.539167 0.152500 15508 647 183
104 0.032500 0.156667 12929 39 188
105 0.250833 0.160833 14386 301 193
106 0.038333 0.165833 12250 46 199
107 0.539167 0.166667 15859 647 200
108 0.495000 0.172500 14973 594 207
109 0.539167 0.180833 16017 647 217
110 0.125000 0.184167 12572 150 221
111 0.115833 0.185833 12880 139 223
112 0.170833 0.190000 13651 205 228
113 0.003333 0.193333 12224 4 232
114 0.005000 0.197500 12221 6 237
115 0.004167 0.203333 12221 5 244
116 0.004167 0.206667 12221 5 248
117 0.005000 0.210000 12221 6 252
118 0.013333 0.195833 12221 16 235
119 0.170833 0.200833 13733 205 241
120 0.505000 0.200833 15810 606 241
121 0.235000 0.201667 18179 282 242
122 0.463333 0.203333 14694 556 244
123 0.237500 0.207500 17992 285 249
124 0.427500 0.211667 16279 513 254
125 0.237500 0.215833 18631 285 259
126 0.245833 0.220000 18441 295 264
127 0.000833 0.220833 12217 1 265
128 0.004167 0.230000 12217 5 276
129 0.004167 0.230833 12217 5 277
130 0.408333 0.227500 18671 490 273
131 0.245000 0.229167 18074 294 275
132 0.013333 0.255000 12217 16 306
133 0.004167 0.240833 12217 5 289
134 0.004167 0.242500 12217 5 291
135 0.246667 0.245000 18041 296 294
136 0.258333 0.251667 17545 310 302
137 0.539167 0.277500 13986 647 333
138 0.440000 0.280833 14225 528 337
139 0.479167 0.281667 14133 575 338
140 0.430000 0.284167 14150 516 341
141 0.538333 0.287500 13838 646 345
142 0.281667 0.290000 15931 338 348
143 0.448333 0.290000 14566 538 348
144 0.538333 0.295000 13923 646 354
145 0.460833 0.295833 14389 553 355
146 0.113333 0.297500 12257 136 357
147 0.027500 0.298333 14750 33 358
148 0.213333 0.302500 13021 256 363
149 0.443333 0.303333 14399 532 364
150 0.151667 0.307500 14583 182 369
151 0.001667 0.308333 12119 2 370
152 0.002500 0.310000 12116 3 372
153 0.000833 0.311667 12116 1 374
154 0.001667 0.315000 12116 2 378
155 0.000833 0.318333 12116 1 382
156 0.147500 0.312500 14576 177 375
157 0.175833 0.313333 13602 211 376
158 0.060833 0.315000 13300 73 378
159 0.124167 0.321667 13106 149 386
160 0.000833 0.350833 12119 1 421
161 0.002500 0.352500 12119 3 423
162 0.000000 0.354167 12119 0 425
163 0.539167 0.326667 14140 647 392
164 0.334167 0.328333 13940 401 394
165 0.537500 0.330000 14137 645 396
166 0.090833 0.330833 15731 109 397
167 0.000833 0.338333 12116 1 406
168 0.000833 0.340000 12116 1 408
169 0.237500 0.339167 13615 285 407
170 0.518333 0.340000 14297 622 408
171 0.152500 0.345000 13041 183 414
172 0.005000 0.357500 12122 6 429
173 0.499167 0.345833 13976 599 415
174 0.519167 0.349167 14238 623 419
175 0.005833 0.353333 12122 7 424
176 0.003333 0.354167 12122 4 425
177 0.185000 0.355000 13648 222 426
178 0.329167 0.356667 13799 395 428
179 0.280000 0.360000 13772 336 432
180 0.534167 0.360833 13874 641 433
181 0.188333 0.362500 13914 226 435
182 0.515833 0.368333 15009 619 442
183 0.355000 0.375000 13982 426 450
184 0.180000 0.375833 14455 216 451
185 0.090000 0.376667 12726 108 452
186 0.109167 0.385000 12949 131 462
187 0.223333 0.386667 13720 268 464
188 0.070833 0.388333 12267 85 466
189 0.210000 0.388333 14507 252 466
190 0.000833 0.389167 13097 1 467
191 0.204167 0.390833 14543 245 469
192 0.473333 0.390833 13930 568 469
193 0.194167 0.392500 15259 233 471
194 0.075000 0.399167 12401 90 479
195 0.066667 0.400833 12378 80 481
196 0.080833 0.400833 12526 97 481
197 0.083333 0.402500 12526 100 483
198 0.076667 0.403333 12506 92 484
199 0.537500 0.403333 13897 645 484
200 0.000833 0.408333 12719 1 490
201 0.366667 0.410833 16827 440 493
202 0.538333 0.412500 13625 646 495
203 0.310000 0.414167 13799 372 497
204 0.079167 0.416667 12447 95 500
205 0.481667 0.420833 13602 578 505
206 0.000000 0.420833 12732 0 505
207 0.064167 0.425000 12237 77 510
208 0.000000 0.429167 13172 0 515
209 0.539167 0.430833 13106 647 517
210 0.000000 0.433333 13100 0 520
211 0.528333 0.440000 13018 634 528
212 0.074167 0.441667 12221 89 530
213 0.151667 0.442500 14317 182 531
214 0.476667 0.442500 15495 572 531
215 0.000000 0.447500 12837 0 537
216 0.138333 0.447500 13556 166 537
217 0.055833 0.449167 12250 67 539
218 0.315833 0.460833 13710 379 553
219 0.538333 0.466667 12650 646 560
220 0.000000 0.467500 13346 0 561
221 0.539167 0.470833 12677 647 565
222 0.002500 0.474167 13293 3 569
223 0.539167 0.474167 12670 647 569
224 0.539167 0.475833 12657 647 571
225 0.000000 0.477500 13290 0 573
226 0.267500 0.480000 13353 321 576
227 0.539167 0.480833 12683 647 577
228 0.539167 0.484167 12664 647 581
229 0.258333 0.485833 13198 310 583
230 0.000000 0.486667 13100 0 584
231 0.080833 0.501667 12145 97 602
232 0.000000 0.491667 13139 0 590
233 0.538333 0.492500 12578 646 591
234 0.000000 0.494167 13123 0 593
235 0.539167 0.495000 12575 647 594
236 0.181667 0.497500 12221 218 597
237 0.000000 0.499167 13064 0 599
238 0.000000 0.502500 13234 0 603
239 0.368333 0.503333 13074 442 604
240 0.000000 0.506667 13090 0 608
241 0.000000 0.508333 13090 0 610
242 0.098333 0.510000 12145 118 612
243 0.103333 0.520833 12145 124 625
244 0.107500 0.530000 12145 129 636
245 0.110000 0.531667 12145 132 638
246 0.110000 0.532500 12142 132 639
247 0.000000 0.513333 13264 0 616
248 0.530000 0.513333 14619 636 616
249 0.000000 0.518333 13188 0 622
250 0.124167 0.525833 12145 149 631
251 0.117500 0.531667 12142 141 638
252 0.193333 0.527500 12316 232 633
253 0.000000 0.529167 13490 0 635
254 0.220000 0.530000 12139 264 636
255 0.234167 0.532500 12132 281 639
256 0.103333 0.530833 12145 124 637
257 0.124167 0.530000 12145 149 636
258 0.000000 0.531667 13526 0 638
259 0.138333 0.538333 12142 166 646
260 0.124167 0.532500 12145 149 639
261 0.261667 0.535000 12125 314 642
262 0.086667 0.537500 12155 104 645
263 0.173333 0.536667 12148 208 644
264 0.171667 0.536667 12148 206 644
265 0.205000 0.535000 12139 246 642
266 0.205000 0.535000 12139 246 642
267 0.267500 0.535833 12129 321 643
268 0.269167 0.535833 12129 323 643
269 0.458333 0.535000 12224 550 642
270 0.097500 0.536667 12142 117 644
271 0.143333 0.535833 12145 172 643
272 0.145000 0.535833 12145 174 643
273 0.177500 0.535833 12142 213 643
274 0.188333 0.535000 12142 226 642
275 0.217500 0.535000 12139 261 642
276 0.217500 0.535000 12139 261 642
277 0.252500 0.535000 12129 303 642
278 0.252500 0.537500 12129 303 645
279 0.408333 0.535000 12194 490 642
280 0.420833 0.535833 12201 505 643
281 0.035000 0.535833 12644 42 643
282 0.125833 0.535833 12145 151 643
283 0.128333 0.535833 12145 154 643
284 0.195000 0.535833 12142 234 643
285 0.257500 0.535833 12129 309 643
286 0.440000 0.535833 12211 528 643
287 0.072500 0.538333 12191 87 646
288 0.078333 0.537500 12178 94 645
289 0.102500 0.536667 12145 123 644
290 0.118333 0.536667 12142 142 644
291 0.189167 0.537500 12142 227 645
292 0.226667 0.536667 12135 272 644
293 0.237500 0.538333 12132 285 646
294 0.240000 0.538333 12132 288 646
295 0.248333 0.538333 12129 298 646
296 0.329167 0.536667 12224 395 644
297 0.398333 0.536667 12185 478 644
298 0.000000 0.537500 13510 0 645
299 0.070000 0.537500 12214 84 645
300 0.105833 0.538333 12145 127 646
301 0.160000 0.537500 12142 192 645
302 0.160833 0.538333 12142 193 646
303 0.175833 0.537500 12145 211 645
304 0.246667 0.537500 12129 296 645
305 0.325833 0.537500 12230 391 645
306 0.394167 0.537500 12178 473 645
307 0.449167 0.537500 12217 539 645
308 0.447500 0.539167 12217 537 647
309 0.040833 0.538333 12467 49 646
310 0.115833 0.538333 12145 139 646
311 0.115833 0.538333 12145 139 646
312 0.132500 0.538333 12142 159 646
313 0.139167 0.538333 12145 167 646
314 0.139167 0.538333 12145 167 646
315 0.185000 0.538333 12139 222 646
316 0.197500 0.538333 12139 237 646
317 0.197500 0.538333 12139 237 646
318 0.211667 0.538333 12139 254 646
319 0.228333 0.538333 12132 274 646
320 0.265000 0.538333 12129 318 646
321 0.281667 0.539167 12135 338 647
322 0.452500 0.538333 12217 543 646
323 0.025000 0.539167 13215 30 647
324 0.080833 0.539167 12175 97 647
325 0.090833 0.539167 12148 109 647
326 0.182500 0.539167 12135 219 647
327 0.233333 0.539167 12132 280 647
328 0.334167 0.539167 12178 401 647
329 0.429167 0.539167 12204 515 647
330 0.437500 0.539167 12211 525 647
331 0.470000 0.539167 12240 564 647
332 0.474167 0.539167 12263 569 647
BasinSaddles 0
Runoffs 287
1 0.000000 0.000000 14514 0 0
2 0.018333 0.000000 15252 22 0
3 0.045833 0.000000 14507 55 0
4 0.054167 0.000000 14248 65 0
5 0.059167 0.000000 14386 71 0
6 0.118333 0.000000 12270 142 0
7 0.121667 0.000000 12270 146 0
8 0.124167 0.000000 12290 149 0
9 0.127500 0.000000 12293 153 0
10 0.130000 0.000000 12296 156 0
11 0.135833 0.000000 12322 163 0
12 0.138333 0.000000 12322 166 0
13 0.158333 0.000000 12516 190 0
14 0.186667 0.000000 13389 224 0
15 0.202500 0.000000 14173 243 0
16 0.212500 0.000000 14740 255 0
17 0.221667 0.000000 15285 266 0
18 0.235833 0.000000 14999 283 0
19 0.243333 0.000000 15003 292 0
20 0.266667 0.000000 14648 320 0
21 0.280000 0.000000 14350 336 0
22 0.281667 0.000000 14350 338 0
23 0.285833 0.000000 14343 343 0
24 0.294167 0.000000 14498 353 0
25 0.296667 0.000000 14452 356 0
26 0.302500 0.000000 14511 363 0
27 0.310833 0.000000 14219 373 0
28 0.315000 0.000000 14255 378 0
29 0.362500 0.000000 15164 435 0
30 0.371667 0.000000 15068 446 0
31 0.381667 0.000000 14773 458 0
32 0.383333 0.000000 14780 460 0
33 0.388333 0.000000 14790 466 0
34 0.395000 0.000000 14816 474 0
35 0.400000 0.000000 14858 480 0
36 0.401667 0.000000 14872 482 0
37 0.407500 0.000000 14917 489 0
38 0.425833 0.000000 15492 511 0
39 0.434167 0.000000 15291 521 0
40 0.439167 0.000000 15305 527 0
41 0.457500 0.000000 16299 549 0
42 0.463333 0.000000 16030 556 0
43 0.477500 0.000000 15544 573 0
44 0.483333 0.000000 15367 580 0
45 0.486667 0.000000 15374 584 0
46 0.488333 0.000000 15383 586 0
47 0.490833 0.000000 15410 589 0
48 0.494167 0.000000 15390 593 0
49 0.497500 0.000000 15554 597 0
50 0.506667 0.000000 15278 608 0
51 0.509167 0.000000 15275 611 0
52 0.515833 0.000000 15190 619 0
53 0.537500 0.000000 14888 645 0
54 0.539167 0.000000 14858 647 0
55 0.539167 0.015000 14606 647 18
56 0.539167 0.020833 14576 647 25
57 0.539167 0.038333 14576 647 46
58 0.539167 0.045833 14576 647 55
59 0.539167 0.066667 14580 647 80
60 0.539167 0.084167 14576 647 101
61 0.539167 0.105833 14612 647 127
62 0.539167 0.108333 14570 647 130
63 0.539167 0.111667 14573 647 134
64 0.539167 0.114167 14580 647 137
65 0.539167 0.117500 14589 647 141
66 0.539167 0.123333 14625 647 148
67 0.539167 0.128333 14701 647 154
68 0.539167 0.151667 15521 647 182
69 0.539167 0.165833 15862 647 199
70 0.539167 0.176667 16259 647 212
71 0.539167 0.188333 16272 647 226
72 0.539167 0.210000 17463 647 252
73 0.539167 0.213333 17378 647 256
74 0.539167 0.215833 17362 647 259
75 0.539167 0.225000 17204 647 270
76 0.539167 0.281667 14028 647 338
77 0.539167 0.287500 13845 647 345
78 0.539167 0.291667 13927 647 350
79 0.539167 0.296667 13937 647 356
80 0.539167 0.300833 13897 647 361
81 0.539167 0.304167 13897 647 365
82 0.539167 0.310833 13881 647 373
83 0.539167 0.320000 14169 647 384
84 0.539167 0.323333 14173 647 388
85 0.539167 0.329167 14146 647 395
86 0.539167 0.335833 14094 647 403
87 0.539167 0.340000 14110 647 408
88 0.539167 0.344167 14251 647 413
89 0.539167 0.346667 14242 647 416
90 0.539167 0.355000 13986 647 426
91 0.539167 0.359167 13868 647 431
92 0.539167 0.361667 13874 647 434
93 0.539167 0.372500 13602 647 447
94 0.539167 0.383333 13671 647 460
95 0.539167 0.385833 13651 647 463
96 0.539167 0.393333 13825 647 472
97 0.539167 0.397500 13858 647 477
98 0.539167 0.404167 13914 647 485
99 0.539167 0.405833 13904 647 487
100 0.539167 0.411667 13599 647 494
101 0.539167 0.415000 13631 647 498
102 0.539167 0.431667 13116 647 518
103 0.539167 0.445000 13083 647 534
104 0.539167 0.448333 13087 647 538
105 0.539167 0.450833 13080 647 541
106 0.539167 0.456667 12916 647 548
107 0.539167 0.470000 12683 647 564
108 0.539167 0.472500 12700 647 567
109 0.539167 0.475000 12673 647 570
110 0.539167 0.479167 12732 647 575
111 0.539167 0.482500 12690 647 579
112 0.539167 0.485833 12670 647 583
113 0.539167 0.493333 12585 647 592
114 0.539167 0.510000 13664 647 612
115 0.539167 0.521667 14317 647 626
116 0.539167 0.528333 14740 647 634
117 0.539167 0.535000 14744 647 642
118 0.539167 0.539167 14399 647 647
119 0.000000 0.009167 14740 0 11
120 0.000000 0.032500 15469 0 39
121 0.000000 0.036667 15429 0 44
122 0.000000 0.060000 17050 0 72
123 0.000000 0.075833 16469 0 91
124 0.000000 0.084167 16899 0 101
125 0.000000 0.120000 13854 0 144
126 0.000000 0.127500 13684 0 153
127 0.000000 0.135833 13818 0 163
128 0.000000 0.189167 12270 0 227
129 0.000000 0.195833 12224 0 235
130 0.000000 0.199167 12224 0 239
131 0.000000 0.205833 12221 0 247
132 0.000000 0.211667 12224 0 254
133 0.000000 0.220000 12224 0 264
134 0.000000 0.222500 12221 0 267
135 0.000000 0.226667 12224 0 272
136 0.000000 0.230000 12221 0 276
137 0.000000 0.231667 12221 0 278
138 0.000000 0.235000 12224 0 282
139 0.000000 0.236667 12221 0 284
140 0.000000 0.238333 12217 0 286
141 0.000000 0.245000 12227 0 294
142 0.000000 0.251667 12221 0 302
143 0.000000 0.286667 13356 0 344
144 0.000000 0.311667 12119 0 374
145 0.000000 0.315833 12119 0 379
146 0.000000 0.318333 12116 0 382
147 0.000000 0.321667 12116 0 386
148 0.000000 0.325833 12116 0 391
149 0.000000 0.329167 12122 0 395
150 0.000000 0.330833 12119 0 397
151 0.000000 0.334167 12119 0 401
152 0.000000 0.335833 12119 0 403
153 0.000000 0.340833 12119 0 409
154 0.000000 0.343333 12122 0 412
155 0.000000 0.346667 12122 0 416
156 0.000000 0.349167 12125 0 419
157 0.000000 0.355000 12122 0 426
158 0.000000 0.362500 12152 0 435
159 0.000000 0.374167 12769 0 449
160 0.000000 0.376667 12785 0 452
161 0.000000 0.386667 13221 0 464
162 0.000000 0.393333 13385 0 472
163 0.000000 0.415000 13300 0 498
164 0.000000 0.428333 13202 0 514
165 0.000000 0.430833 13185 0 517
166 0.000000 0.437500 13228 0 525
167 0.000000 0.465833 13375 0 559
168 0.000000 0.469167 13389 0 563
169 0.000000 0.475833 13303 0 571
170 0.000000 0.481667 13454 0 578
171 0.000000 0.490833 13143 0 589
172 0.000000 0.492500 13143 0 591
173 0.000000 0.496667 13182 0 596
174 0.000000 0.501667 13244 0 602
175 0.000000 0.503333 13254 0 604
176 0.000000 0.507500 13093 0 609
177 0.000000 0.512500 13270 0 615
178 0.000000 0.514167 13267 0 617
179 0.000000 0.527500 13530 0 633
180 0.000000 0.530833 13530 0 637
181 0.000000 0.535833 13602 0 643
182 0.000000 0.539167 13602 0 647
183 0.011667 0.539167 13914 14 647
184 0.025833 0.539167 13218 31 647
185 0.045000 0.539167 12542 54 647
186 0.069167 0.539167 12217 83 647
187 0.074167 0.539167 12194 89 647
188 0.079167 0.539167 12181 95 647
189 0.081667 0.539167 12178 98 647
190 0.088333 0.539167 12162 106 647
191 0.092500 0.539167 12152 111 647
192 0.098333 0.539167 12145 118 647
193 0.100833 0.539167 12148 121 647
194 0.104167 0.539167 12148 125 647
195 0.107500 0.539167 12155 129 647
196 0.112500 0.539167 12152 135 647
197 0.115000 0.539167 12145 138 647
198 0.118333 0.539167 12155 142 647
199 0.121667 0.539167 12162 146 647
200 0.125833 0.539167 12145 151 647
201 0.129167 0.539167 12148 155 647
202 0.131667 0.539167 12145 158 647
203 0.136667 0.539167 12155 164 647
204 0.138333 0.539167 12148 166 647
205 0.144167 0.539167 12145 173 647
206 0.150000 0.539167 12148 180 647
207 0.151667 0.539167 12148 182 647
208 0.153333 0.539167 12148 184 647
209 0.156667 0.539167 12148 188 647
210 0.160000 0.539167 12145 192 647
211 0.165000 0.539167 12148 198 647
212 0.170833 0.539167 12152 205 647
213 0.173333 0.539167 12152 208 647
214 0.176667 0.539167 12158 212 647
215 0.181667 0.539167 12155 218 647
216 0.185000 0.539167 12142 222 647
217 0.186667 0.539167 12135 224 647
218 0.190833 0.539167 12152 229 647
219 0.195000 0.539167 12148 234 647
220 0.197500 0.539167 12142 237 647
221 0.200000 0.539167 12142 240 647
222 0.202500 0.539167 12139 243 647
223 0.206667 0.539167 12142 248 647
224 0.209167 0.539167 12145 251 647
225 0.212500 0.539167 12135 255 647
226 0.214167 0.539167 12145 257 647
227 0.217500 0.539167 12139 261 647
228 0.220000 0.539167 12142 264 647
229 0.223333 0.539167 12132 268 647
230 0.225000 0.539167 12129 270 647
231 0.226667 0.539167 12135 272 647
232 0.231667 0.539167 12142 278 647
233 0.234167 0.539167 12139 281 647
234 0.238333 0.539167 12145 286 647
235 0.241667 0.539167 12132 290 647
236 0.244167 0.539167 12135 293 647
237 0.249167 0.539167 12135 299 647
238 0.251667 0.539167 12132 302 647
239 0.255833 0.539167 12129 307 647
240 0.257500 0.539167 12129 309 647
241 0.261667 0.539167 12132 314 647
242 0.264167 0.539167 12129 317 647
243 0.267500 0.539167 12129 321 647
244 0.269167 0.539167 12129 323 647
245 0.272500 0.539167 12122 327 647
246 0.274167 0.539167 12125 329 647
247 0.276667 0.539167 12125 332 647
248 0.280833 0.539167 12139 337 647
249 0.283333 0.539167 12178 340 647
250 0.287500 0.539167 12221 345 647
251 0.291667 0.539167 12276 350 647
252 0.295000 0.539167 12208 354 647
253 0.305000 0.539167 12162 366 647
254 0.315833 0.539167 12211 379 647
255 0.324167 0.539167 12224 389 647
256 0.326667 0.539167 12230 392 647
257 0.328333 0.539167 12227 394 647
258 0.330833 0.539167 12198 397 647
259 0.335000 0.539167 12185 402 647
260 0.364167 0.539167 12706 437 647
261 0.370833 0.539167 12696 445 647
262 0.379167 0.539167 12486 455 647
263 0.390833 0.539167 12181 469 647
264 0.395000 0.539167 12185 474 647
265 0.397500 0.539167 12185 477 647
266 0.403333 0.539167 12185 484 647
267 0.410833 0.539167 12194 493 647
268 0.412500 0.539167 12194 495 647
269 0.414167 0.539167 12194 497 647
270 0.417500 0.539167 12194 501 647
271 0.420000 0.539167 12204 504 647
272 0.423333 0.539167 12211 508 647
273 0.429167 0.539167 12204 515 647
274 0.431667 0.539167 12204 518 647
275 0.436667 0.539167 12214 524 647
276 0.440000 0.539167 12217 528 647
277 0.443333 0.539167 12208 532 647
278 0.446667 0.539167 12221 536 647
279 0.449167 0.539167 12227 539 647
280 0.452500 0.539167 12221 543 647
281 0.454167 0.539167 12221 545 647
282 0.458333 0.539167 12227 550 647
283 0.463333 0.539167 12227 556 647
284 0.469167 0.539167 12244 563 647
285 0.470833 0.539167 12244 565 647
286 0.473333 0.539167 12267 568 647
287 0.521667 0.539167 15508 626 647
Edges 332
1 43 1
2 3 3
3 34 4
4 5 32
5 42 5
6 42 35
7 8 7
8 9 8
9 10 9
10 11 10
11 12 11
12 13 12
13 14 13
14 15 14
15 16 15
16 67 54
17 16 16
18 16 33
19 18 17
20 21 18
21 22 19
22 44 20
23 36 21
24 23 22
25 24 23
26 25 24
27 26 25
28 27 26
29 28 27
30 29 28
31 30 29
32 31 30
33 32 31
34 4 34
35 44 36
36 44 37
37 38 38
38 43 40
39 37 39
40 39 42
41 32 41
42 50 44
43 2 2
44 51 52
45 40 43
46 45 50
47 16 45
48 44 51
49 71 47
50 7 6
51 53 55
52 71 48
53 66 58
54 71 46
55 53 56
56 46 53
57 50 57
58 66 61
59 56 59
60 86 63
61 71 49
62 57 60
63 59 62
64 62 64
65 66 67
66 74 65
67 70 69
68 72 70
69 64 68
70 74 72
71 65 66
72 78 76
73 72 71
74 101 98
75 71 73
76 72 77
77 75 74
78 91 86
79 86 79
80 69 78
81 74 80
82 79 81
83 94 95
84 81 83
85 89 87
86 69 75
87 83 85
88 87 84
89 97 88
90 76 82
91 84 89
92 95 92
93 63 90
94 80 91
95 97 93
96 93 94
97 102 97
98 96 96
99 98 99
100 99 101
101 104 102
102 106 103
103 118 105
104 123 108
105 99 104
106 108 107
107 105 106
108 123 109
109 110 111
110 115 110
111 121 112
112 99 113
113 99 118
114 99 114
115 94 100
116 123 120
117 121 119
118 115 121
119 116 122
120 99 115
121 122 125
122 118 123
123 165 139
124 99 116
125 122 126
126 124 127
127 99 117
128 129 130
129 119 124
130 99 128
131 99 129
132 125 131
133 99 133
134 99 134
135 132 135
136 148 132
137 135 136
138 123 137
139 128 140
140 138 141
141 147 143
142 164 146
143 141 145
144 137 142
145 165 144
146 148 147
147 128 138
148 162 158
149 137 148
150 152 150
151 146 151
152 156 156
153 146 152
154 150 157
155 146 153
156 202 171
157 146 154
158 160 163
159 147 149
160 168 165
161 146 155
162 164 166
163 188 167
164 152 159
165 180 173
166 188 168
167 144 169
168 165 170
169 188 160
170 188 161
171 188 162
172 177 177
173 175 175
174 144 164
175 188 172
176 173 176
177 182 181
178 168 180
179 168 174
180 212 205
181 174 178
182 202 184
183 179 182
184 185 185
185 202 186
186 194 188
187 190 187
188 193 190
189 192 191
190 144 179
191 180 192
192 187 189
193 201 200
194 195 194
195 197 196
196 198 195
197 202 197
198 197 198
199 183 199
200 207 201
201 208 206
202 189 193
203 199 202
204 202 204
205 207 203
206 202 207
207 174 183
208 209 208
209 213 217
210 203 209
211 209 210
212 216 214
213 202 212
214 202 213
215 220 219
216 215 211
217 202 216
218 207 218
219 211 215
220 222 221
221 219 220
222 223 223
223 226 224
224 221 222
225 224 225
226 229 228
227 218 226
228 226 227
229 233 233
230 227 229
231 225 230
232 231 232
233 241 235
234 232 234
235 234 237
236 235 238
237 236 240
238 236 231
239 237 241
240 238 242
241 249 248
242 239 247
243 202 236
244 207 239
245 242 249
246 255 250
247 251 244
248 243 252
250 245 253
251 240 243
252 246 257
253 252 260
254 268 275
255 251 245
256 250 258
257 294 281
258 247 256
259 217 271
260 281 303
261 243 274
262 205 255
263 253 282
264 259 313
265 218 277
266 277 310
267 259 272
268 205 254
269 205 292
270 262 304
271 218 285
272 218 267
273 218 268
274 299 324
275 300 325
276 258 289
277 305 290
278 263 283
279 267 301
280 260 263
281 243 273
282 248 265
283 248 266
284 317 318
285 265 278
286 218 261
287 272 320
288 207 305
289 244 297
290 244 279
291 249 286
292 249 322
293 249 269
294 256 298
295 294 323
296 257 309
297 257 299
298 297 287
299 297 288
300 297 262
301 258 270
302 303 300
303 251 246
304 277 311
305 255 251
306 278 312
307 264 259
308 264 314
309 279 302
310 260 264
311 243 326
312 261 315
313 261 291
314 248 284
315 248 316
316 248 317
317 254 276
318 205 319
319 318 327
320 262 293
321 320 294
322 270 295
323 218 321
324 244 296
325 244 328
326 244 306
327 207 280
328 207 329
329 291 330
330 331 308
331 249 307
332 333 331
333 249 332
RunoffEdges 287
40 0
40 1
38 2
38 3
38 4
1 5
2 6
2 7
3 8
34 9
4 10
5 11
5 12
42 13
42 14
42 15
6 16
50 17
50 18
7 19
8 20
9 21
10 22
11 23
12 24
13 25
14 26
15 27
16 28
17 29
18 30
19 31
35 32
44 33
44 34
44 35
44 36
20 37
21 38
22 39
36 40
36 41
23 42
24 43
25 44
26 45
27 46
28 47
29 48
30 49
31 50
32 51
33 52
33 53
32 54
41 55
49 56
52 57
54 58
61 59
75 60
77 61
85 62
89 63
92 64
95 65
97 66
102 67
106 68
108 69
123 70
123 71
123 72
123 73
123 74
138 75
140 76
165 77
145 78
165 79
165 80
165 81
158 82
158 83
160 84
168 85
168 86
168 87
168 88
168 89
168 90
178 91
183 92
183 93
183 94
183 95
183 96
199 97
199 98
199 99
203 100
210 101
215 102
215 103
215 104
215 105
220 106
222 107
223 108
226 109
228 110
229 111
233 112
241 113
249 114
249 115
249 116
249 117
40 118
46 119
46 120
56 121
59 122
63 123
93 124
96 125
98 126
99 127
112 128
114 129
113 130
120 131
124 132
126 133
127 134
113 135
130 136
131 137
131 138
133 139
134 140
136 141
146 142
151 143
155 144
153 145
157 146
153 147
161 148
161 149
161 150
163 151
166 152
169 153
170 154
171 155
176 156
188 157
188 158
188 159
188 160
193 161
201 162
208 163
209 164
211 165
219 166
221 167
224 168
225 169
231 170
232 171
234 172
235 173
236 174
237 175
239 176
242 177
245 178
250 179
256 180
294 181
294 182
295 183
296 184
297 185
298 186
299 187
274 188
300 189
275 190
301 191
276 192
302 193
303 194
304 195
266 196
277 197
305 198
263 199
278 200
306 201
307 202
308 203
217 204
267 205
267 206
267 207
267 208
309 209
279 210
310 211
280 212
281 213
311 214
312 215
313 216
313 217
314 218
315 219
316 220
282 221
283 222
284 223
317 224
317 225
317 226
268 227
205 228
205 229
269 230
318 231
319 232
320 233
262 234
321 235
322 236
285 237
271 238
271 239
286 240
287 241
272 242
273 243
218 244
218 245
218 246
323 247
218 248
218 249
218 250
218 251
207 252
207 253
207 254
288 255
324 256
244 257
325 258
244 259
244 260
244 261
244 262
326 263
289 264
244 265
290 266
207 267
207 268
207 269
327 270
328 271
207 272
249 273
329 274
249 275
330 276
330 277
331 278
292 279
292 280
293 281
249 282
332 283
333 284
333 285
249 286
