Peaks 595
1 0.016667 0.000000 7017 20 0
2 0.023333 0.000000 7463 28 0
3 0.080833 0.000000 10324 97 0
4 0.085000 0.000000 10538 102 0
5 0.105000 0.000000 13458 126 0
6 0.141667 0.000000 12667 170 0
7 0.146667 0.000000 12808 176 0
8 0.153333 0.000000 13615 184 0
9 0.182500 0.000000 11420 219 0
10 0.185833 0.000000 11364 223 0
11 0.225833 0.000000 10479 271 0
12 0.228333 0.000000 10351 274 0
13 0.232500 0.000000 10301 279 0
14 0.239167 0.000000 9993 287 0
15 0.259167 0.000000 13100 311 0
16 0.275000 0.000000 15383 330 0
17 0.498333 0.000000 12687 598 0
18 0.500833 0.000000 12542 601 0
19 0.503333 0.000000 12391 604 0
20 0.530833 0.000000 14511 637 0
21 0.536667 0.000000 14019 644 0
22 0.074167 0.000833 10249 89 1
23 0.136667 0.000833 13454 164 1
24 0.126667 0.001667 14475 152 2
25 0.309167 0.002500 13143 371 3
26 0.406667 0.002500 13149 488 3
27 0.523333 0.002500 15177 628 3
28 0.120833 0.003333 14232 145 4
29 0.114167 0.004167 14498 137 5
30 0.040000 0.008333 6889 48 10
31 0.539167 0.008333 12513 647 10
32 0.126667 0.009167 14153 152 11
33 0.285833 0.010833 14868 343 13
34 0.000000 0.012500 5314 0 15
35 0.220833 0.012500 11840 265 15
36 0.424167 0.013333 13595 509 16
37 0.539167 0.015000 13152 647 18
38 0.230000 0.015833 12946 276 19
39 0.439167 0.015833 14353 527 19
40 0.351667 0.017500 13756 422 21
41 0.420000 0.018333 13625 504 22
42 0.405000 0.019167 14081 486 23
43 0.376667 0.021667 13841 452 26
44 0.394167 0.023333 14078 473 28
45 0.539167 0.023333 14714 647 28
46 0.130000 0.025000 14248 156 30
47 0.122500 0.025833 13077 147 31
48 0.321667 0.026667 14133 386 32
49 0.333333 0.027500 13480 400 33
50 0.390000 0.027500 13940 468 33
51 0.539167 0.027500 15016 647 33
52 0.306667 0.028333 14078 368 34
53 0.435833 0.031667 14222 523 38
54 0.281667 0.032500 16663 338 39
55 0.069167 0.036667 9091 83 44
56 0.234167 0.036667 14038 281 44
57 0.531667 0.036667 15813 638 44
58 0.205000 0.039167 12683 246 47
59 0.304167 0.040000 13825 365 48
60 0.423333 0.040000 12870 508 48
61 0.274167 0.040833 17063 329 49
62 0.533333 0.041667 15505 640 50
63 0.385000 0.042500 14255 462 51
64 0.261667 0.044167 16026 314 53
65 0.314167 0.045000 13759 377 54
66 0.001667 0.045833 10262 2 55
67 0.203333 0.045833 12877 244 55
68 0.285000 0.048333 16145 342 58
69 0.321667 0.049167 14465 386 59
70 0.016667 0.050000 11174 20 60
71 0.240833 0.052500 14872 289 63
72 0.345000 0.055000 13136 414 66
73 0.079167 0.055833 11876 95 67
74 0.327500 0.056667 14708 393 68
75 0.238333 0.058333 15134 286 70
76 0.200000 0.060000 13408 240 72
77 0.285833 0.060000 15062 343 72
78 0.185833 0.061667 13628 223 74
79 0.195833 0.061667 13323 235 74
80 0.206667 0.061667 13405 248 74
81 0.265000 0.063333 13930 318 76
82 0.230833 0.065000 15147 277 78
83 0.420833 0.065000 10561 505 78
84 0.334167 0.065833 14491 401 79
85 0.209167 0.068333 13011 251 82
86 0.285000 0.068333 14442 342 82
87 0.343333 0.069167 13720 412 83
88 0.394167 0.069167 11643 473 83
89 0.070000 0.070000 12834 84 84
90 0.358333 0.072500 12493 430 87
91 0.231667 0.075000 14977 278 90
92 0.373333 0.075000 11204 448 90
93 0.063333 0.078333 12470 76 94
94 0.120833 0.078333 11633 145 94
95 0.147500 0.082500 12870 177 99
96 0.233333 0.084167 15009 280 101
97 0.449167 0.084167 12276 539 101
98 0.539167 0.085833 10036 647 103
99 0.212500 0.086667 12709 255 104
100 0.251667 0.090000 13520 302 108
101 0.056667 0.090833 12352 68 109
102 0.069167 0.090833 13280 83 109
103 0.150000 0.093333 13753 180 112
104 0.045833 0.095000 12280 55 114
105 0.106667 0.095833 13746 128 115
106 0.539167 0.095833 8195 647 115
107 0.016667 0.096667 10141 20 116
108 0.070833 0.097500 13891 85 117
109 0.440000 0.098333 11978 528 118
110 0.216667 0.099167 12778 260 119
111 0.150000 0.100833 13431 180 121
112 0.184167 0.101667 13838 221 122
113 0.210000 0.104167 12939 252 125
114 0.075000 0.105000 14668 90 126
115 0.398333 0.111667 12739 478 134
116 0.147500 0.112500 12988 177 135
117 0.436667 0.112500 12162 524 135
118 0.078333 0.115833 14543 94 139
119 0.094167 0.115833 14947 113 139
120 0.350833 0.120000 12739 421 144
121 0.080833 0.120833 14603 97 145
122 0.028333 0.121667 10574 34 146
123 0.145833 0.121667 13467 175 146
124 0.187500 0.121667 14616 225 146
125 0.195833 0.121667 13874 235 146
126 0.303333 0.122500 13562 364 147
127 0.421667 0.122500 13749 506 147
128 0.490833 0.122500 13556 589 147
129 0.097500 0.124167 15259 117 149
130 0.000000 0.128333 5797 0 154
131 0.188333 0.128333 13982 226 154
132 0.385000 0.130000 12778 462 156
133 0.230833 0.130833 13428 277 157
134 0.273333 0.132500 14176 328 159
135 0.247500 0.134167 14773 297 161
136 0.110833 0.135000 14041 133 162
137 0.145833 0.135000 13274 175 162
138 0.291667 0.135000 13776 350 162
139 0.300833 0.135833 14153 361 163
140 0.345000 0.135833 13615 414 163
141 0.187500 0.136667 13982 225 164
142 0.000000 0.137500 6856 0 165
143 0.505000 0.137500 14350 606 165
144 0.420833 0.142500 14229 505 171
145 0.184167 0.143333 14028 221 172
146 0.285000 0.144167 13743 342 173
147 0.395000 0.144167 12821 474 173
148 0.125000 0.145833 13326 150 175
149 0.517500 0.146667 15150 621 176
150 0.192500 0.150000 13497 231 180
151 0.408333 0.150833 14101 490 181
152 0.251667 0.153333 17559 302 184
153 0.181667 0.155000 13792 218 186
154 0.517500 0.155000 15141 621 186
155 0.065833 0.157500 11190 79 189
156 0.000000 0.159167 9511 0 191
157 0.265000 0.159167 16043 318 191
158 0.276667 0.159167 14238 332 191
159 0.136667 0.160833 15839 164 193
160 0.528333 0.160833 14711 634 193
161 0.170833 0.162500 13779 205 195
162 0.404167 0.163333 14763 485 196
163 0.000000 0.165833 9534 0 199
164 0.364167 0.165833 14996 437 199
165 0.515833 0.167500 15052 619 201
166 0.068333 0.168333 10475 82 202
167 0.325833 0.168333 14747 391 202
168 0.390000 0.170833 15259 468 205
169 0.467500 0.172500 14255 561 207
170 0.009167 0.175000 9176 11 210
171 0.374167 0.175000 15639 449 210
172 0.238333 0.175833 16840 286 211
173 0.000000 0.176667 9717 0 212
174 0.167500 0.177500 15006 201 213
175 0.140000 0.178333 14593 168 214
176 0.035833 0.180833 9114 43 217
177 0.227500 0.181667 15472 273 218
178 0.470000 0.181667 13976 564 218
179 0.037500 0.184167 9304 45 221
180 0.380833 0.185000 14599 457 222
181 0.350833 0.185833 17155 421 223
182 0.228333 0.186667 15705 274 224
183 0.526667 0.186667 14996 632 224
184 0.038333 0.189167 9583 46 227
185 0.146667 0.189167 14153 176 227
186 0.000000 0.190000 9271 0 228
187 0.361667 0.190000 16000 434 228
188 0.163333 0.190833 15456 196 229
189 0.322500 0.190833 16637 387 229
190 0.471667 0.191667 14150 566 230
191 0.155000 0.193333 14767 186 232
192 0.524167 0.197500 14963 629 237
193 0.222500 0.198333 16345 267 238
194 0.389167 0.199167 14711 467 239
195 0.405833 0.200000 14704 487 240
196 0.332500 0.202500 17322 399 243
197 0.000000 0.205000 8313 0 246
198 0.137500 0.205833 13077 165 247
199 0.157500 0.206667 14944 189 248
200 0.164167 0.206667 14557 197 248
201 0.501667 0.209167 15288 602 251
202 0.334167 0.210000 17296 401 252
203 0.202500 0.211667 16384 243 254
204 0.366667 0.214167 16712 440 257
205 0.000000 0.217500 8533 0 261
206 0.155833 0.217500 14855 187 261
207 0.470000 0.219167 15587 564 263
208 0.329167 0.222500 17385 395 267
209 0.395000 0.223333 14862 474 268
210 0.275833 0.225000 18156 331 270
211 0.487500 0.225000 15675 585 270
212 0.057500 0.225833 12148 69 271
213 0.157500 0.225833 14835 189 271
214 0.539167 0.225833 13989 647 271
215 0.146667 0.226667 13336 176 272
216 0.000000 0.230833 9212 0 277
217 0.215833 0.230833 16417 259 277
218 0.490833 0.233333 15843 589 280
219 0.105833 0.234167 12598 127 281
220 0.124167 0.235000 13077 149 282
221 0.198333 0.235000 16259 238 282
222 0.528333 0.235833 14635 634 283
223 0.000000 0.236667 9498 0 284
224 0.205000 0.236667 16213 246 284
225 0.327500 0.236667 17746 393 284
226 0.365833 0.236667 15980 439 284
227 0.000000 0.238333 9498 0 286
228 0.388333 0.240000 13986 466 288
229 0.454167 0.240833 16578 545 289
230 0.518333 0.240833 15104 622 289
231 0.480833 0.241667 15639 577 290
232 0.057500 0.242500 12516 69 291
233 0.363333 0.242500 16033 436 291
234 0.000000 0.243333 9773 0 292
235 0.209167 0.243333 16010 251 292
236 0.156667 0.245833 14429 188 295
237 0.145833 0.246667 13356 175 296
238 0.327500 0.246667 17739 393 296
239 0.530833 0.246667 14412 637 296
240 0.512500 0.248333 15616 615 298
241 0.058333 0.249167 12542 70 299
242 0.000000 0.250000 9563 0 300
243 0.523333 0.250000 14816 628 300
244 0.310000 0.250833 16351 372 301
245 0.539167 0.254167 14064 647 305
246 0.155833 0.255000 14829 187 306
247 0.120000 0.256667 14025 144 308
248 0.389167 0.256667 14996 467 308
249 0.490000 0.256667 15780 588 308
250 0.000000 0.258333 10032 0 310
251 0.066667 0.258333 13044 80 310
252 0.445833 0.258333 16532 535 310
253 0.506667 0.259167 15324 608 311
254 0.104167 0.262500 13015 125 315
255 0.155000 0.262500 14586 186 315
256 0.210833 0.262500 16023 253 315
257 0.263333 0.262500 22526 316 315
258 0.381667 0.262500 15492 458 315
259 0.204167 0.263333 16459 245 316
260 0.370833 0.264167 14911 445 317
261 0.062500 0.265833 13261 75 319
262 0.125833 0.265833 13992 151 319
263 0.000000 0.266667 9799 0 320
264 0.522500 0.266667 14773 627 320
265 0.375833 0.267500 15049 451 321
266 0.481667 0.268333 16240 578 322
267 0.269167 0.269167 22742 323 323
268 0.351667 0.270000 14658 422 324
269 0.000000 0.270833 9678 0 325
270 0.155833 0.270833 14461 187 325
271 0.215833 0.273333 16397 259 328
272 0.388333 0.275000 13828 466 330
273 0.000000 0.276667 9878 0 332
274 0.057500 0.276667 13287 69 332
275 0.126667 0.276667 14432 152 332
276 0.207500 0.276667 17306 249 332
277 0.150833 0.277500 14799 181 333
278 0.000000 0.279167 9898 0 335
279 0.104167 0.280000 12716 125 336
280 0.061667 0.280833 13333 74 337
281 0.206667 0.282500 17191 248 339
282 0.108333 0.285000 13005 130 342
283 0.000000 0.286667 9806 0 344
284 0.131667 0.290000 15101 158 348
285 0.148333 0.290000 14901 178 348
286 0.047500 0.295000 12723 57 354
287 0.083333 0.295000 13261 100 354
288 0.514167 0.295000 14550 617 354
289 0.135833 0.296667 15374 163 356
290 0.297500 0.296667 19481 357 356
291 0.385000 0.296667 13694 462 356
292 0.060000 0.298333 13408 72 358
293 0.180833 0.298333 17280 217 358
294 0.225833 0.298333 18031 271 358
295 0.233333 0.298333 17303 280 358
296 0.325833 0.298333 16696 391 358
297 0.210833 0.300000 17555 253 360
298 0.395000 0.300000 13487 474 360
299 0.202500 0.300833 17726 243 361
300 0.477500 0.301667 16853 573 362
301 0.000000 0.302500 10633 0 363
302 0.378333 0.304167 14117 454 365
303 0.460000 0.305000 16049 552 366
304 0.000000 0.305833 10859 0 367
305 0.149167 0.305833 15055 179 367
306 0.355833 0.305833 15561 427 367
307 0.000000 0.307500 10836 0 369
308 0.139167 0.307500 15590 167 369
309 0.269167 0.307500 17496 323 369
310 0.320833 0.307500 16594 385 369
311 0.325000 0.311667 16791 390 374
312 0.388333 0.311667 13963 466 374
313 0.090833 0.312500 14639 109 375
314 0.139167 0.314167 15918 167 377
315 0.362500 0.314167 15337 435 377
316 0.465000 0.314167 16112 558 377
317 0.070000 0.315833 14028 84 379
318 0.000000 0.316667 11059 0 380
319 0.140833 0.318333 15800 169 382
320 0.455000 0.318333 16190 546 382
321 0.048333 0.320000 12539 58 384
322 0.241667 0.320000 17303 290 384
323 0.000000 0.320833 10882 0 385
324 0.201667 0.320833 16158 242 385
325 0.078333 0.323333 15062 94 388
326 0.222500 0.323333 14904 267 388
327 0.000000 0.325000 10387 0 390
328 0.049167 0.325833 12545 59 391
329 0.195833 0.327500 16279 235 393
330 0.075833 0.328333 14917 91 394
331 0.095833 0.329167 15328 115 395
332 0.145000 0.330000 15941 174 396
333 0.245000 0.330833 17129 294 397
334 0.186667 0.331667 16397 224 398
335 0.438333 0.332500 13891 526 399
336 0.000000 0.333333 10764 0 400
337 0.454167 0.333333 16072 545 400
338 0.481667 0.333333 14816 578 400
339 0.118333 0.334167 12828 142 401
340 0.000000 0.335833 10813 0 403
341 0.109167 0.335833 13959 131 403
342 0.417500 0.336667 14432 501 404
343 0.000000 0.338333 10774 0 406
344 0.000000 0.340000 10748 0 408
345 0.195833 0.340000 16151 235 408
346 0.000000 0.342500 10672 0 411
347 0.271667 0.342500 17611 326 411
348 0.084167 0.343333 14504 101 412
349 0.455833 0.343333 15846 547 412
350 0.528333 0.343333 16354 634 412
351 0.151667 0.344167 16574 182 413
352 0.257500 0.344167 17775 309 413
353 0.175000 0.345833 16774 210 415
354 0.516667 0.346667 16476 620 416
355 0.115833 0.347500 12657 139 417
356 0.000000 0.348333 10905 0 418
357 0.288333 0.348333 15708 346 418
358 0.196667 0.349167 15738 236 419
359 0.535000 0.349167 16371 642 419
360 0.406667 0.350000 14783 488 420
361 0.000000 0.351667 11007 0 422
362 0.038333 0.352500 12700 46 423
363 0.458333 0.352500 16118 550 423
364 0.413333 0.353333 15003 496 424
365 0.064167 0.355833 13336 77 427
366 0.000000 0.356667 11092 0 428
367 0.400833 0.357500 14537 481 429
368 0.258333 0.359167 17988 310 431
369 0.366667 0.360000 15423 440 432
370 0.425000 0.360000 15042 510 432
371 0.060000 0.360833 13431 72 433
372 0.000000 0.363333 11141 0 436
373 0.045833 0.363333 13021 55 436
374 0.171667 0.363333 16145 206 436
375 0.063333 0.364167 13336 76 437
376 0.275833 0.364167 16076 331 437
377 0.325833 0.365000 14911 391 438
378 0.418333 0.365000 14511 502 438
379 0.505833 0.365000 15885 607 438
380 0.078333 0.366667 13133 94 440
381 0.359167 0.368333 14963 431 442
382 0.537500 0.372500 16515 645 447
383 0.000000 0.374167 11640 0 449
384 0.265000 0.375000 17250 318 450
385 0.425000 0.375000 14839 510 450
386 0.059167 0.375833 12824 71 451
387 0.173333 0.375833 15869 208 451
388 0.345000 0.375833 15265 414 451
389 0.113333 0.376667 13405 136 452
390 0.435000 0.376667 14901 522 452
391 0.445833 0.376667 14908 535 452
392 0.000000 0.378333 11607 0 454
393 0.315833 0.378333 15800 379 454
394 0.458333 0.378333 15446 550 454
395 0.530000 0.380833 15948 636 457
396 0.174167 0.381667 15590 209 458
397 0.000000 0.383333 11561 0 460
398 0.270833 0.383333 16942 325 460
399 0.302500 0.383333 16072 363 460
400 0.119167 0.385000 14770 143 462
401 0.194167 0.386667 14773 233 464
402 0.185000 0.388333 15288 222 466
403 0.295833 0.390000 16174 355 468
404 0.354167 0.390000 14717 425 468
405 0.000833 0.390833 12522 1 469
406 0.146667 0.391667 14537 176 470
407 0.489167 0.391667 14786 587 470
408 0.275833 0.393333 17647 331 472
409 0.539167 0.393333 14304 647 472
410 0.373333 0.394167 14806 448 473
411 0.379167 0.394167 14215 455 473
412 0.383333 0.394167 14619 460 473
413 0.365000 0.395000 14675 438 474
414 0.473333 0.397500 16571 568 477
415 0.410000 0.400833 13749 492 481
416 0.539167 0.401667 15134 647 482
417 0.008333 0.404167 12329 10 485
418 0.157500 0.405000 15154 189 486
419 0.419167 0.405833 13687 503 487
420 0.247500 0.407500 15524 297 489
421 0.480000 0.408333 16361 576 490
422 0.539167 0.408333 15301 647 490
423 0.107500 0.409167 12381 129 491
424 0.025000 0.410000 12076 30 492
425 0.509167 0.410000 15482 611 492
426 0.379167 0.410833 14399 455 493
427 0.232500 0.411667 16046 279 494
428 0.220000 0.413333 14416 264 496
429 0.385833 0.413333 14140 463 496
430 0.498333 0.414167 16555 598 497
431 0.533333 0.414167 15649 640 497
432 0.294167 0.415000 15728 353 498
433 0.287500 0.415833 15692 345 499
434 0.457500 0.415833 14166 549 499
435 0.126667 0.418333 13021 152 502
436 0.235833 0.418333 17086 283 502
437 0.121667 0.419167 13074 146 503
438 0.335833 0.419167 12759 403 503
439 0.391667 0.420000 15065 470 504
440 0.132500 0.422500 13592 159 507
441 0.072500 0.423333 13677 87 508
442 0.159167 0.424167 14901 191 509
443 0.230833 0.424167 16420 277 509
444 0.305833 0.424167 14064 367 509
445 0.014167 0.425000 12509 17 510
446 0.052500 0.425000 13156 63 510
447 0.524167 0.425833 16213 629 511
448 0.063333 0.427500 13208 76 513
449 0.310833 0.427500 13953 373 513
450 0.410833 0.430000 12893 493 516
451 0.056667 0.430833 13976 68 517
452 0.173333 0.430833 14396 208 517
453 0.223333 0.431667 16686 268 518
454 0.393333 0.433333 14770 472 520
455 0.466667 0.433333 14160 560 520
456 0.164167 0.435833 15203 197 523
457 0.486667 0.435833 14852 584 523
458 0.507500 0.435833 15705 609 523
459 0.220000 0.437500 16811 264 525
460 0.021667 0.438333 12864 26 526
461 0.313333 0.438333 14461 376 526
462 0.338333 0.440000 11571 406 528
463 0.413333 0.440000 13677 496 528
464 0.025833 0.440833 12788 31 529
465 0.158333 0.440833 14796 190 529
466 0.092500 0.441667 12972 111 530
467 0.539167 0.442500 15354 647 531
468 0.140000 0.443333 13513 168 532
469 0.530833 0.443333 15853 637 532
470 0.051667 0.445000 13802 62 534
471 0.008333 0.445833 12969 10 535
472 0.409167 0.448333 13736 491 538
473 0.016667 0.449167 13389 20 539
474 0.155833 0.449167 14842 187 539
475 0.108333 0.450000 13254 130 540
476 0.043333 0.450833 14015 52 541
477 0.064167 0.450833 13681 77 541
478 0.218333 0.450833 17053 262 541
479 0.391667 0.450833 14268 470 541
480 0.085000 0.453333 14127 102 544
481 0.454167 0.453333 13687 545 544
482 0.153333 0.454167 14780 184 545
483 0.257500 0.454167 14724 309 545
484 0.102500 0.455000 13326 123 546
485 0.229167 0.455000 16240 275 546
486 0.316667 0.455833 14038 380 547
487 0.535000 0.456667 15643 642 548
488 0.474167 0.458333 13874 569 550
489 0.212500 0.460000 16263 255 552
490 0.338333 0.460833 12349 406 553
491 0.480000 0.460833 13848 576 553
492 0.159167 0.461667 14701 191 554
493 0.264167 0.465833 14944 317 559
494 0.321667 0.465833 13877 386 559
495 0.248333 0.466667 15036 298 560
496 0.081667 0.467500 15062 98 561
497 0.500000 0.468333 15511 600 562
498 0.117500 0.469167 14671 141 563
499 0.210833 0.469167 15492 253 563
500 0.277500 0.470000 13408 333 564
501 0.215000 0.470833 15360 258 565
502 0.022500 0.471667 13825 27 566
503 0.126667 0.472500 14212 152 567
504 0.390000 0.473333 13116 468 568
505 0.087500 0.474167 14242 105 569
506 0.320000 0.475833 13815 384 571
507 0.511667 0.475833 15580 614 571
508 0.078333 0.480000 14632 94 576
509 0.453333 0.480833 14202 544 577
510 0.015000 0.481667 13950 18 578
511 0.110000 0.481667 15534 132 578
512 0.155000 0.481667 13261 186 578
513 0.103333 0.482500 15328 124 579
514 0.282500 0.482500 12956 339 579
515 0.399167 0.482500 13149 479 579
516 0.000000 0.483333 12604 0 580
517 0.025000 0.484167 13569 30 581
518 0.465000 0.485000 14691 558 582
519 0.196667 0.485833 14448 236 583
520 0.253333 0.485833 13759 304 583
521 0.365833 0.485833 11177 439 583
522 0.517500 0.485833 14750 621 583
523 0.012500 0.486667 14402 15 584
524 0.490000 0.487500 14396 588 585
525 0.097500 0.489167 15029 117 587
526 0.205000 0.489167 15147 246 587
527 0.470833 0.489167 14812 565 587
528 0.015000 0.490000 14399 18 588
529 0.124167 0.490000 14852 149 588
530 0.188333 0.492500 13727 226 591
531 0.090000 0.493333 14711 108 592
532 0.080000 0.494167 14645 96 593
533 0.231667 0.494167 12962 278 593
534 0.353333 0.494167 12214 424 593
535 0.095000 0.495000 14967 114 594
536 0.403333 0.497500 13277 484 597
537 0.323333 0.500833 14609 388 601
538 0.340000 0.500833 13395 408 601
539 0.019167 0.503333 13343 23 604
540 0.509167 0.503333 15603 611 604
541 0.084167 0.504167 14694 101 605
542 0.267500 0.504167 12388 321 605
543 0.490833 0.504167 15009 589 605
544 0.078333 0.505833 14704 94 607
545 0.105833 0.506667 14688 127 608
546 0.050000 0.507500 12975 60 609
547 0.000000 0.508333 11925 0 610
548 0.225833 0.508333 13205 271 610
549 0.511667 0.508333 15675 614 610
550 0.494167 0.509167 15088 593 611
551 0.191667 0.510833 13930 230 613
552 0.320833 0.510833 14573 385 613
553 0.111667 0.511667 14514 134 614
554 0.407500 0.512500 12283 489 615
555 0.186667 0.513333 13677 224 616
556 0.202500 0.515000 14540 243 618
557 0.272500 0.515000 12496 327 618
558 0.185000 0.515833 13687 222 619
559 0.530833 0.515833 14819 637 619
560 0.133333 0.516667 13087 160 620
561 0.230000 0.517500 12778 276 621
562 0.323333 0.517500 14806 388 621
563 0.078333 0.520000 14609 94 624
564 0.180833 0.520000 13654 217 624
565 0.329167 0.521667 14678 395 626
566 0.001667 0.522500 13251 2 627
567 0.055000 0.522500 14133 66 627
568 0.231667 0.524167 12877 278 629
569 0.242500 0.524167 12040 291 629
570 0.080833 0.525833 14793 97 631
571 0.368333 0.526667 12726 442 632
572 0.120833 0.527500 14455 145 633
573 0.340000 0.528333 14324 408 634
574 0.162500 0.530833 13034 195 637
575 0.201667 0.530833 13763 242 637
576 0.374167 0.531667 12696 449 638
577 0.505000 0.531667 15698 606 638
578 0.195833 0.532500 13162 235 639
579 0.089167 0.533333 14002 107 640
580 0.344167 0.534167 14442 413 641
581 0.068333 0.535833 14363 82 643
582 0.450000 0.536667 14812 540 644
583 0.215833 0.538333 12887 259 646
584 0.000000 0.539167 11459 0 647
585 0.040833 0.539167 12122 49 647
586 0.122500 0.539167 13861 147 647
587 0.172500 0.539167 12204 207 647
588 0.176667 0.539167 12349 212 647
589 0.184167 0.539167 12565 221 647
590 0.188333 0.539167 12903 226 647
591 0.200833 0.539167 13658 241 647
592 0.475000 0.539167 14891 570 647
593 0.504167 0.539167 15531 605 647
594 0.511667 0.539167 14678 614 647
595 0.535000 0.539167 14268 642 647
PromSaddles 594
1 0.017500 0.000000 6932 21 0
2 0.033333 0.000000 4963 40 0
3 0.078333 0.000000 10042 94 0
4 0.082500 0.000000 10278 99 0
5 0.088333 0.000000 10380 106 0
6 0.109167 0.000000 13349 131 0
7 0.134167 0.000000 13192 161 0
8 0.140833 0.000000 12654 169 0
9 0.144167 0.000000 12490 173 0
10 0.149167 0.000000 12716 179 0
11 0.174167 0.000000 9757 209 0
12 0.184167 0.000000 11318 221 0
13 0.200833 0.000000 8182 241 0
14 0.227500 0.000000 10272 273 0
15 0.230000 0.000000 10242 276 0
16 0.236667 0.000000 9960 284 0
17 0.240833 0.000000 9980 289 0
18 0.260833 0.000000 12673 313 0
19 0.499167 0.000000 12444 599 0
20 0.502500 0.000000 12362 603 0
21 0.505833 0.000000 12352 607 0
22 0.530000 0.000000 14442 636 0
23 0.535833 0.000000 13950 643 0
24 0.477500 0.001667 8185 573 2
25 0.123333 0.002500 13943 148 3
26 0.118333 0.003333 13579 142 4
27 0.306667 0.004167 12854 368 5
28 0.279167 0.005000 14619 335 6
29 0.405833 0.005000 13001 487 6
30 0.046667 0.005833 6414 56 7
31 0.127500 0.005833 13838 153 7
32 0.539167 0.007500 12483 647 9
33 0.539167 0.010833 12440 647 13
34 0.000833 0.013333 5301 1 16
35 0.362500 0.013333 12946 435 16
36 0.223333 0.014167 11627 268 17
37 0.539167 0.015833 13133 647 19
38 0.399167 0.016667 13536 479 20
39 0.230833 0.017500 12746 277 21
40 0.423333 0.017500 13487 508 21
41 0.125833 0.018333 13612 151 22
42 0.426667 0.018333 13490 512 22
43 0.411667 0.019167 13474 494 23
44 0.287500 0.020000 14176 345 24
45 0.380000 0.023333 13592 456 28
46 0.433333 0.023333 14078 520 28
47 0.539167 0.024167 14619 647 29
48 0.124167 0.025833 12874 149 31
49 0.330833 0.025833 13343 397 31
50 0.341667 0.025833 12431 410 31
51 0.390833 0.025833 13723 469 31
52 0.314167 0.027500 13392 377 33
53 0.302500 0.029167 13786 363 35
54 0.538333 0.029167 14940 646 35
55 0.280833 0.034167 16538 337 41
56 0.385000 0.035000 13654 462 42
57 0.420000 0.035000 12627 504 42
58 0.069167 0.039167 8943 83 47
59 0.303333 0.040000 13720 364 48
60 0.533333 0.040833 15357 640 49
61 0.308333 0.041667 13517 370 50
62 0.264167 0.042500 15820 317 51
63 0.204167 0.043333 12499 245 52
64 0.236667 0.044167 13749 284 53
65 0.003333 0.046667 10144 4 56
66 0.315833 0.046667 13635 379 56
67 0.283333 0.047500 15964 340 57
68 0.205000 0.048333 12696 246 58
69 0.246667 0.050833 13559 296 61
70 0.323333 0.052500 14183 388 63
71 0.240000 0.054167 14753 288 65
72 0.285000 0.058333 14931 342 70
73 0.342500 0.058333 12896 411 70
74 0.264167 0.060000 13651 317 72
75 0.024167 0.060833 10452 29 73
76 0.198333 0.060833 13074 238 73
77 0.202500 0.060833 13185 243 73
78 0.235000 0.060833 14360 282 73
79 0.190000 0.061667 12919 228 74
80 0.419167 0.062500 10390 503 75
81 0.080833 0.063333 11696 97 76
82 0.331667 0.063333 13989 398 76
83 0.208333 0.065833 12890 250 79
84 0.394167 0.065833 11541 473 79
85 0.284167 0.066667 14304 341 80
86 0.340833 0.067500 13458 409 81
87 0.355000 0.068333 12112 426 82
88 0.213333 0.069167 12627 256 83
89 0.232500 0.072500 14448 279 87
90 0.370833 0.074167 10994 445 89
91 0.066667 0.077500 12349 80 93
92 0.232500 0.079167 14432 279 95
93 0.539167 0.079167 8333 647 95
94 0.120833 0.080000 11509 145 96
95 0.063333 0.081667 12303 76 98
96 0.147500 0.083333 12716 177 100
97 0.215000 0.087500 12388 258 105
98 0.059167 0.090833 12244 71 109
99 0.444167 0.090833 11348 533 109
100 0.068333 0.092500 13169 82 111
101 0.249167 0.092500 13330 299 111
102 0.017500 0.094167 9977 21 113
103 0.539167 0.094167 8136 647 113
104 0.054167 0.095000 12178 65 114
105 0.219167 0.097500 12572 263 117
106 0.149167 0.098333 13303 179 118
107 0.215000 0.099167 12509 258 119
108 0.073333 0.100833 13625 88 121
109 0.104167 0.100833 13369 125 121
110 0.438333 0.101667 11817 526 122
111 0.185000 0.103333 13700 222 124
112 0.209167 0.107500 12673 251 129
113 0.148333 0.109167 12650 178 131
114 0.434167 0.113333 12001 521 136
115 0.075833 0.115000 14242 91 138
116 0.148333 0.116667 12831 178 140
117 0.078333 0.117500 14248 94 141
118 0.090833 0.119167 14327 109 143
119 0.095000 0.120000 14514 114 144
120 0.390000 0.120833 12434 468 145
121 0.030000 0.122500 10459 36 147
122 0.193333 0.122500 13572 232 147
123 0.348333 0.123333 12457 418 148
124 0.188333 0.126667 13841 226 152
125 0.492500 0.127500 13451 591 153
126 0.303333 0.128333 13169 364 154
127 0.000000 0.129167 5744 0 155
128 0.418333 0.129167 13303 502 155
129 0.145833 0.130833 13008 175 157
130 0.105833 0.133333 13635 127 160
131 0.187500 0.133333 13677 225 160
132 0.230833 0.133333 13248 277 160
133 0.271667 0.133333 13989 326 160
134 0.284167 0.133333 13540 341 160
135 0.295833 0.135833 13536 355 163
136 0.374167 0.137500 12391 449 165
137 0.249167 0.138333 14353 299 166
138 0.185833 0.139167 13697 223 167
139 0.000000 0.140833 6430 0 169
140 0.145833 0.141667 12647 175 170
141 0.508333 0.141667 13887 610 170
142 0.281667 0.142500 13559 338 171
143 0.121667 0.144167 12716 146 173
144 0.347500 0.144167 13326 417 173
145 0.396667 0.146667 12696 476 176
146 0.416667 0.147500 13753 500 177
147 0.128333 0.148333 13166 154 178
148 0.516667 0.149167 14862 620 179
149 0.190833 0.150000 13336 229 180
150 0.183333 0.150833 13517 220 181
151 0.068333 0.155000 10807 82 186
152 0.409167 0.155000 13904 491 186
153 0.524167 0.157500 14297 629 189
154 0.260833 0.159167 15570 313 191
155 0.275833 0.159167 14104 331 191
156 0.174167 0.160000 13257 209 192
157 0.000000 0.161667 9268 0 194
158 0.515833 0.164167 14832 619 197
159 0.067500 0.165833 10367 81 199
160 0.169167 0.166667 13287 203 200
161 0.398333 0.166667 14396 478 200
162 0.238333 0.168333 15429 286 202
163 0.362500 0.169167 14773 435 203
164 0.000833 0.170833 8851 1 205
165 0.385000 0.170833 14983 462 205
166 0.370000 0.174167 15229 444 209
167 0.139167 0.175000 14274 167 210
168 0.006667 0.175833 9009 8 211
169 0.326667 0.175833 14517 392 211
170 0.165833 0.179167 14793 199 215
171 0.228333 0.180000 15242 274 216
172 0.469167 0.180000 13861 563 216
173 0.520833 0.180833 14350 625 217
174 0.036667 0.181667 9012 44 218
175 0.227500 0.182500 15367 273 219
176 0.380000 0.184167 14468 456 221
177 0.000000 0.185833 8854 0 223
178 0.037500 0.185833 9173 45 223
179 0.470833 0.186667 13815 565 224
180 0.145833 0.187500 14012 175 225
181 0.360000 0.189167 15757 432 227
182 0.040000 0.190833 9402 48 229
183 0.225833 0.190833 15449 271 229
184 0.324167 0.190833 16469 389 229
185 0.149167 0.192500 13841 179 231
186 0.158333 0.193333 14642 190 232
187 0.471667 0.194167 14009 566 233
188 0.523333 0.194167 14839 628 233
189 0.341667 0.196667 16437 410 236
190 0.155833 0.199167 14291 187 239
191 0.000000 0.200833 7670 0 241
192 0.386667 0.201667 14560 464 242
193 0.400833 0.201667 14297 481 242
194 0.140000 0.203333 12936 168 244
195 0.213333 0.205833 15190 256 247
196 0.334167 0.205833 16978 401 247
197 0.161667 0.207500 14268 194 249
198 0.000000 0.210833 7526 0 253
199 0.514167 0.212500 13969 617 255
200 0.155833 0.214167 14498 187 257
201 0.500000 0.215833 14845 600 259
202 0.330833 0.217500 17158 397 261
203 0.465000 0.220000 15367 558 264
204 0.155833 0.220833 14409 187 265
205 0.388333 0.220833 14458 466 265
206 0.000000 0.221667 8024 0 266
207 0.194167 0.222500 15705 233 267
208 0.328333 0.225000 17099 394 270
209 0.490833 0.225833 15475 589 271
210 0.148333 0.225833 13185 178 271
211 0.537500 0.226667 13956 645 272
212 0.352500 0.228333 15029 423 274
213 0.059167 0.229167 12001 71 275
214 0.363333 0.230833 15652 436 277
215 0.000000 0.232500 9081 0 279
216 0.265000 0.232500 16797 318 279
217 0.202500 0.235833 16003 243 283
218 0.208333 0.236667 15515 250 284
219 0.000000 0.237500 9491 0 285
220 0.525000 0.237500 14258 630 285
221 0.485000 0.238333 15374 582 286
222 0.000000 0.239167 9448 0 287
223 0.113333 0.239167 12263 136 287
224 0.364167 0.239167 15715 437 287
225 0.206667 0.240000 15698 248 288
226 0.325000 0.240000 17368 390 288
227 0.385000 0.240833 13835 462 289
228 0.158333 0.242500 13943 190 291
229 0.515833 0.242500 14934 619 291
230 0.056667 0.244167 12349 68 293
231 0.459167 0.245000 16263 551 294
232 0.477500 0.245000 15521 573 294
233 0.147500 0.246667 13205 177 296
234 0.000000 0.247500 9383 0 297
235 0.529167 0.247500 14215 635 297
236 0.125833 0.248333 12752 151 298
237 0.155833 0.248333 14294 187 298
238 0.314167 0.248333 16200 377 298
239 0.204167 0.249167 15180 245 299
240 0.521667 0.250000 14694 626 300
241 0.000000 0.250833 9524 0 301
242 0.061667 0.251667 12378 74 302
243 0.304167 0.255000 15807 365 306
244 0.507500 0.255000 15045 609 306
245 0.536667 0.255000 13923 644 306
246 0.487500 0.257500 15636 585 309
247 0.386667 0.259167 14648 464 311
248 0.065833 0.260000 12847 79 312
249 0.106667 0.260833 12851 128 313
250 0.155000 0.260833 14468 186 313
251 0.504167 0.260833 15187 605 313
252 0.122500 0.261667 13579 147 314
253 0.359167 0.261667 14396 431 314
254 0.208333 0.262500 15915 250 315
255 0.000000 0.263333 9606 0 316
256 0.372500 0.265000 14793 447 318
257 0.265000 0.265833 22335 318 319
258 0.376667 0.265833 14944 452 319
259 0.514167 0.266667 14491 617 320
260 0.154167 0.267500 14222 185 321
261 0.350833 0.267500 14478 421 321
262 0.468333 0.267500 15675 562 321
263 0.000000 0.269167 9576 0 323
264 0.060833 0.269167 12975 73 323
265 0.204167 0.269167 16135 245 323
266 0.129167 0.270000 13661 155 324
267 0.155000 0.271667 14353 186 326
268 0.385000 0.271667 13589 462 326
269 0.000000 0.272500 9550 0 327
270 0.214167 0.273333 16197 257 328
271 0.000000 0.277500 9875 0 333
272 0.473333 0.278333 15636 568 334
273 0.059167 0.279167 13185 71 335
274 0.206667 0.280000 16958 248 336
275 0.125833 0.280833 14225 151 337
276 0.000833 0.281667 9612 1 338
277 0.105833 0.281667 12604 127 338
278 0.151667 0.281667 14281 182 338
279 0.112500 0.287500 12785 135 345
280 0.204167 0.287500 16394 245 345
281 0.288333 0.288333 17604 346 346
282 0.058333 0.291667 12841 70 350
283 0.132500 0.291667 14950 159 350
284 0.144167 0.293333 14560 173 352
285 0.000833 0.294167 9297 1 353
286 0.509167 0.295000 14143 611 354
287 0.051667 0.296667 12555 62 356
288 0.220000 0.296667 17063 264 356
289 0.236667 0.296667 17185 284 356
290 0.325000 0.297500 16509 390 357
291 0.085000 0.299167 13061 102 359
292 0.207500 0.300000 17270 249 360
293 0.230833 0.300000 17132 277 360
294 0.381667 0.300000 13585 458 360
295 0.392500 0.300000 13379 471 360
296 0.060833 0.300833 13280 73 361
297 0.265833 0.300833 17217 319 361
298 0.341667 0.300833 14527 410 361
299 0.135000 0.302500 14970 162 363
300 0.000000 0.303333 10616 0 364
301 0.192500 0.304167 15889 231 365
302 0.376667 0.305000 13963 452 366
303 0.145833 0.305833 14855 175 367
304 0.320000 0.305833 16450 384 367
305 0.000000 0.306667 10833 0 368
306 0.383333 0.307500 13713 460 369
307 0.000000 0.310000 10662 0 372
308 0.139167 0.310000 15390 167 372
309 0.321667 0.310000 16482 386 372
310 0.359167 0.310833 15016 431 373
311 0.461667 0.310833 15793 554 373
312 0.461667 0.312500 15784 554 375
313 0.468333 0.312500 15836 562 375
314 0.235833 0.313333 16299 283 376
315 0.201667 0.315833 15990 242 379
316 0.087500 0.317500 13950 105 381
317 0.140833 0.317500 15692 169 381
318 0.071667 0.319167 13730 86 383
319 0.000000 0.320000 10820 0 384
320 0.222500 0.320833 14691 267 385
321 0.086667 0.321667 14557 104 386
322 0.462500 0.321667 15318 555 386
323 0.050000 0.323333 12375 60 388
324 0.141667 0.324167 15190 170 389
325 0.198333 0.323333 15800 238 388
326 0.000000 0.324167 10360 0 389
327 0.242500 0.326667 16646 291 392
328 0.075833 0.327500 14773 91 393
329 0.000000 0.328333 9757 0 394
330 0.056667 0.329167 12417 68 395
331 0.122500 0.329167 12578 147 395
332 0.440833 0.329167 13733 529 395
333 0.117500 0.331667 12723 141 398
334 0.191667 0.331667 15872 230 398
335 0.476667 0.331667 14452 572 398
336 0.000000 0.334167 10754 0 401
337 0.106667 0.335000 13723 128 402
338 0.148333 0.335000 15380 178 402
339 0.193333 0.335000 15807 232 402
340 0.000000 0.337500 10708 0 405
341 0.080833 0.337500 14258 97 405
342 0.182500 0.337500 16085 219 405
343 0.245000 0.339167 16922 294 407
344 0.415000 0.338333 14288 498 406
345 0.000000 0.339167 10738 0 407
346 0.459167 0.340000 15649 551 408
347 0.000000 0.341667 10656 0 410
348 0.526667 0.341667 16200 632 410
349 0.268333 0.342500 17148 322 411
350 0.115833 0.343333 12273 139 412
351 0.000000 0.344167 10626 0 413
352 0.070000 0.345000 12536 84 414
353 0.164167 0.345000 15580 197 414
354 0.458333 0.345000 15715 550 414
355 0.286667 0.346667 15508 344 416
356 0.196667 0.347500 15636 236 417
357 0.530000 0.348333 16154 636 418
358 0.000000 0.349167 10885 0 419
359 0.000000 0.352500 10997 0 423
360 0.408333 0.353333 14612 490 424
361 0.040833 0.354167 12539 49 425
362 0.255833 0.354167 16952 307 425
363 0.538333 0.354167 15849 646 425
364 0.171667 0.355833 15534 206 427
365 0.403333 0.355833 14373 484 427
366 0.062500 0.357500 13146 75 429
367 0.422500 0.357500 14799 507 429
368 0.000000 0.360000 10593 0 432
369 0.385833 0.360000 13303 463 432
370 0.063333 0.361667 13179 76 434
371 0.509167 0.361667 15784 611 434
372 0.070833 0.362500 12650 85 435
373 0.274167 0.363333 15944 329 436
374 0.420000 0.363333 14402 504 436
375 0.050833 0.364167 12742 61 437
376 0.360000 0.365000 14678 432 438
377 0.000000 0.365833 10787 0 439
378 0.420833 0.366667 14340 505 440
379 0.324167 0.367500 14599 389 441
380 0.260000 0.368333 16400 312 442
381 0.170833 0.369167 15150 205 443
382 0.353333 0.370833 14353 424 445
383 0.059167 0.371667 12673 71 446
384 0.465000 0.373333 14901 558 448
385 0.530000 0.375833 15748 636 451
386 0.000000 0.376667 11437 0 452
387 0.441667 0.377500 14507 530 453
388 0.450000 0.376667 14783 540 452
389 0.312500 0.377500 15531 375 453
390 0.330000 0.378333 13943 396 454
391 0.428333 0.378333 14675 514 454
392 0.112500 0.379167 13241 135 455
393 0.174167 0.380000 15252 209 456
394 0.000000 0.380833 11404 0 457
395 0.268333 0.380833 16650 322 457
396 0.465000 0.380833 15269 558 457
397 0.000000 0.384167 11558 0 461
398 0.180000 0.385000 14960 216 462
399 0.347500 0.385000 14320 417 462
400 0.297500 0.385833 15757 357 463
401 0.190833 0.386667 14596 229 464
402 0.271667 0.387500 16440 326 465
403 0.286667 0.390833 15866 344 469
404 0.486667 0.390833 14596 584 469
405 0.539167 0.392500 14261 647 471
406 0.359167 0.393333 14442 431 472
407 0.130833 0.394167 12736 157 473
408 0.377500 0.394167 14173 453 473
409 0.380000 0.394167 14173 456 473
410 0.539167 0.394167 14291 647 473
411 0.367500 0.395000 14557 441 474
412 0.147500 0.397500 13480 177 477
413 0.400000 0.397500 13074 480 477
414 0.000833 0.399167 12057 1 479
415 0.413333 0.402500 13320 496 483
416 0.539167 0.403333 14977 647 484
417 0.167500 0.405000 13982 201 486
418 0.259167 0.405000 14576 311 486
419 0.477500 0.405833 16141 573 487
420 0.370833 0.408333 13891 445 490
421 0.507500 0.409167 15357 609 491
422 0.539167 0.409167 15298 647 491
423 0.111667 0.410000 11847 134 492
424 0.283333 0.410833 15275 340 493
425 0.244167 0.411667 15134 293 494
426 0.012500 0.412500 11893 15 495
427 0.233333 0.412500 15931 280 495
428 0.490000 0.412500 15921 588 495
429 0.379167 0.413333 14288 455 496
430 0.385000 0.413333 14032 462 496
431 0.022500 0.414167 11820 27 497
432 0.221667 0.414167 14314 266 497
433 0.332500 0.414167 12142 399 497
434 0.460000 0.415000 14012 552 498
435 0.291667 0.415833 15521 350 499
436 0.532500 0.416667 15344 639 500
437 0.163333 0.417500 14146 196 501
438 0.124167 0.418333 12887 149 502
439 0.128333 0.418333 12903 154 502
440 0.137500 0.418333 13267 165 502
441 0.305833 0.420833 13776 367 505
442 0.231667 0.423333 16299 278 508
443 0.308333 0.425000 13638 370 510
444 0.512500 0.425833 15495 615 511
445 0.227500 0.425833 15833 273 511
446 0.054167 0.426667 13054 65 512
447 0.067500 0.426667 12926 81 512
448 0.160833 0.426667 14566 193 512
449 0.014167 0.428333 12391 17 514
450 0.061667 0.428333 13054 74 514
451 0.170833 0.430833 14245 205 517
452 0.313333 0.430833 13802 376 517
453 0.408333 0.430833 12785 490 517
454 0.390000 0.432500 14596 468 519
455 0.489167 0.432500 14619 587 519
456 0.220000 0.434167 16351 264 521
457 0.513333 0.434167 15538 616 521
458 0.469167 0.435000 14035 563 522
459 0.527500 0.436667 15003 633 524
460 0.144167 0.438333 13175 173 526
461 0.159167 0.438333 14662 191 526
462 0.336667 0.439167 11459 404 527
463 0.018333 0.440000 12509 22 528
464 0.054167 0.440833 13188 65 529
465 0.023333 0.441667 12545 28 530
466 0.535000 0.441667 14927 642 530
467 0.091667 0.443333 12837 110 532
468 0.409167 0.443333 13484 491 532
469 0.156667 0.444167 14550 188 533
470 0.388333 0.444167 13999 466 533
471 0.405833 0.445000 13556 487 534
472 0.026667 0.445833 12496 32 535
473 0.215833 0.445833 16315 259 535
474 0.055000 0.446667 13149 66 536
475 0.011667 0.448333 12539 14 538
476 0.049167 0.448333 13513 59 538
477 0.315000 0.450833 13628 378 541
478 0.106667 0.451667 13152 128 542
479 0.153333 0.451667 14619 184 542
480 0.065833 0.453333 13372 79 544
481 0.225833 0.454167 16079 271 545
482 0.532500 0.454167 15482 639 545
483 0.464167 0.455833 13156 557 547
484 0.213333 0.456667 15938 256 548
485 0.025000 0.457500 12280 30 549
486 0.085833 0.459167 13572 103 551
487 0.157500 0.459167 14271 189 551
488 0.334167 0.460000 12191 401 552
489 0.477500 0.460000 13671 573 552
490 0.252500 0.461667 14475 303 554
491 0.320000 0.461667 13641 384 554
492 0.481667 0.461667 13733 578 554
493 0.094167 0.462500 13100 113 555
494 0.243333 0.464167 14855 292 557
495 0.255833 0.465000 14284 307 558
496 0.140833 0.465833 12700 169 559
497 0.210000 0.466667 15364 252 560
498 0.275000 0.470000 13077 330 564
499 0.535000 0.470000 14888 642 564
500 0.080833 0.470833 14297 97 565
501 0.116667 0.470833 14475 140 565
502 0.214167 0.470833 15249 257 565
503 0.320000 0.470833 13664 384 565
504 0.388333 0.470833 13005 466 565
505 0.501667 0.471667 15246 602 566
506 0.123333 0.473333 14071 148 568
507 0.392500 0.474167 12949 471 569
508 0.084167 0.474167 14094 101 569
509 0.016667 0.476667 13326 20 572
510 0.280000 0.477500 12670 336 573
511 0.155833 0.479167 13159 187 575
512 0.205833 0.480833 14593 247 577
513 0.253333 0.480833 13553 304 577
514 0.105000 0.481667 15137 126 578
515 0.021667 0.482500 13379 26 579
516 0.000833 0.483333 12565 1 580
517 0.013333 0.483333 13772 16 580
518 0.323333 0.483333 13579 388 580
519 0.367500 0.484167 11059 441 581
520 0.457500 0.485000 13966 549 582
521 0.082500 0.485833 14229 99 583
522 0.200000 0.486667 14284 240 584
523 0.400000 0.485833 12870 480 583
524 0.482500 0.485833 13874 579 583
525 0.468333 0.486667 14557 562 584
526 0.521667 0.486667 14593 626 584
527 0.098333 0.487500 14927 118 585
528 0.014167 0.488333 14294 17 586
529 0.120833 0.488333 14625 145 586
530 0.496667 0.489167 14022 596 587
531 0.190000 0.490000 13566 228 588
532 0.515000 0.490000 14540 618 588
533 0.096667 0.491667 14678 116 590
534 0.085000 0.493333 14278 102 592
535 0.230000 0.493333 12811 276 592
536 0.092500 0.494167 14586 111 593
537 0.351667 0.495000 12106 422 594
538 0.263333 0.496667 12178 316 596
539 0.019167 0.500833 13162 23 601
540 0.080000 0.500833 14337 96 601
541 0.335833 0.501667 13064 403 602
542 0.209167 0.504167 13730 251 605
543 0.080833 0.505000 14534 97 606
544 0.102500 0.505000 14517 123 606
545 0.511667 0.505000 15449 614 606
546 0.320000 0.506667 14281 384 608
547 0.492500 0.506667 14901 591 608
548 0.502500 0.508333 14668 603 610
549 0.221667 0.509167 12962 266 611
550 0.000000 0.510000 11919 0 612
551 0.109167 0.510000 14402 131 612
552 0.270000 0.510000 12171 324 612
553 0.050833 0.510833 12759 61 613
554 0.196667 0.510833 13815 236 613
555 0.406667 0.510833 12175 488 613
556 0.009167 0.511667 11922 11 614
557 0.188333 0.511667 13576 226 614
558 0.079167 0.512500 14255 95 615
559 0.185833 0.514167 13559 223 617
560 0.321667 0.514167 14406 386 617
561 0.230000 0.515000 12637 276 618
562 0.183333 0.517500 13421 220 621
563 0.519167 0.517500 14931 623 621
564 0.131667 0.519167 12877 158 623
565 0.230833 0.519167 12664 277 623
566 0.529167 0.519167 14639 635 623
567 0.115833 0.520000 13700 139 624
568 0.078333 0.520833 14406 94 625
569 0.326667 0.520833 14524 392 625
570 0.238333 0.523333 11804 286 628
571 0.200833 0.524167 13579 241 629
572 0.170833 0.525833 12506 205 631
573 0.334167 0.526667 13950 401 632
574 0.064167 0.527500 13211 77 633
575 0.370000 0.528333 12591 444 634
576 0.360000 0.529167 12335 432 635
577 0.070833 0.530000 13969 85 636
578 0.197500 0.530833 13054 237 637
579 0.340833 0.531667 14183 409 638
580 0.087500 0.533333 13864 105 640
581 0.201667 0.534167 13569 242 641
582 0.000000 0.535000 10669 0 642
583 0.503333 0.536667 15419 604 644
584 0.123333 0.537500 13779 148 645
585 0.465833 0.538333 12956 559 646
586 0.173333 0.538333 12050 208 646
587 0.211667 0.538333 12746 254 646
588 0.048333 0.539167 11715 58 647
589 0.179167 0.539167 12286 215 647
590 0.185833 0.539167 12536 223 647
591 0.191667 0.539167 12345 230 647
592 0.488333 0.539167 12250 586 647
593 0.510833 0.539167 14655 613 647
594 0.523333 0.539167 13277 628 647
BasinSaddles 0
Runoffs 219
1 0.000000 0.000000 4760 0 0
2 0.016667 0.000000 7017 20 0
3 0.023333 0.000000 7463 28 0
4 0.040000 0.000000 5600 48 0
5 0.069167 0.000000 9573 83 0
6 0.075833 0.000000 10173 91 0
7 0.080833 0.000000 10324 97 0
8 0.085000 0.000000 10538 102 0
9 0.105000 0.000000 13458 126 0
10 0.112500 0.000000 14002 135 0
11 0.128333 0.000000 14081 154 0
12 0.136667 0.000000 13435 164 0
13 0.141667 0.000000 12667 170 0
14 0.146667 0.000000 12808 176 0
15 0.153333 0.000000 13615 184 0
16 0.182500 0.000000 11420 219 0
17 0.185833 0.000000 11364 223 0
18 0.225833 0.000000 10479 271 0
19 0.228333 0.000000 10351 274 0
20 0.232500 0.000000 10301 279 0
21 0.239167 0.000000 9993 287 0
22 0.259167 0.000000 13100 311 0
23 0.275000 0.000000 15383 330 0
24 0.288333 0.000000 13359 346 0
25 0.291667 0.000000 13425 350 0
26 0.311667 0.000000 12696 374 0
27 0.328333 0.000000 10862 394 0
28 0.334167 0.000000 11079 401 0
29 0.343333 0.000000 11929 412 0
30 0.345833 0.000000 12047 415 0
31 0.351667 0.000000 11833 422 0
32 0.357500 0.000000 11637 429 0
33 0.362500 0.000000 11466 435 0
34 0.368333 0.000000 11289 442 0
35 0.376667 0.000000 11732 452 0
36 0.384167 0.000000 11059 461 0
37 0.392500 0.000000 11673 471 0
38 0.397500 0.000000 11131 477 0
39 0.409167 0.000000 13113 491 0
40 0.432500 0.000000 11801 519 0
41 0.440000 0.000000 11450 528 0
42 0.444167 0.000000 11692 533 0
43 0.447500 0.000000 11863 537 0
44 0.453333 0.000000 11417 544 0
45 0.459167 0.000000 11112 551 0
46 0.464167 0.000000 11200 557 0
47 0.498333 0.000000 12687 598 0
48 0.500833 0.000000 12542 601 0
49 0.504167 0.000000 12391 605 0
50 0.525833 0.000000 14937 631 0
51 0.530833 0.000000 14511 637 0
52 0.536667 0.000000 14019 644 0
53 0.539167 0.000000 13595 647 0
54 0.539167 0.008333 12513 647 10
55 0.539167 0.015000 13152 647 18
56 0.539167 0.023333 14714 647 28
57 0.539167 0.027500 15016 647 33
58 0.539167 0.031667 14858 647 38
59 0.539167 0.042500 14547 647 51
60 0.539167 0.045833 14094 647 55
61 0.539167 0.048333 13992 647 58
62 0.539167 0.069167 10393 647 83
63 0.539167 0.085833 10036 647 103
64 0.539167 0.095833 8195 647 115
65 0.539167 0.117500 9721 647 141
66 0.539167 0.123333 10964 647 148
67 0.539167 0.125000 11141 647 150
68 0.539167 0.142500 13195 647 171
69 0.539167 0.159167 13425 647 191
70 0.539167 0.163333 12933 647 196
71 0.539167 0.166667 12644 647 200
72 0.539167 0.180833 14271 647 217
73 0.539167 0.187500 13743 647 225
74 0.539167 0.190000 13677 647 228
75 0.539167 0.197500 12860 647 237
76 0.539167 0.203333 12273 647 244
77 0.539167 0.225833 13989 647 271
78 0.539167 0.230000 13576 647 276
79 0.539167 0.233333 13536 647 280
80 0.539167 0.245833 13809 647 295
81 0.539167 0.254167 14064 647 305
82 0.539167 0.270833 12769 647 325
83 0.539167 0.277500 12618 647 333
84 0.539167 0.287500 11948 647 345
85 0.539167 0.291667 12099 647 350
86 0.539167 0.325000 14432 647 390
87 0.539167 0.335000 14780 647 402
88 0.539167 0.345833 15997 647 415
89 0.539167 0.350833 15967 647 421
90 0.539167 0.352500 15925 647 423
91 0.539167 0.370000 16420 647 444
92 0.539167 0.384167 15413 647 461
93 0.539167 0.393333 14304 647 472
94 0.539167 0.401667 15134 647 482
95 0.539167 0.408333 15301 647 490
96 0.539167 0.413333 15019 647 496
97 0.539167 0.425833 14281 647 511
98 0.539167 0.427500 14150 647 513
99 0.539167 0.442500 15354 647 531
100 0.539167 0.451667 14019 647 542
101 0.539167 0.455833 14812 647 547
102 0.539167 0.466667 14484 647 560
103 0.539167 0.470833 13930 647 565
104 0.539167 0.472500 13953 647 567
105 0.539167 0.475000 13937 647 570
106 0.539167 0.478333 14071 647 574
107 0.539167 0.490000 13339 647 588
108 0.539167 0.492500 13638 647 591
109 0.539167 0.498333 12680 647 598
110 0.539167 0.512500 13966 647 615
111 0.539167 0.517500 13385 647 621
112 0.539167 0.519167 13395 647 623
113 0.539167 0.537500 14045 647 645
114 0.539167 0.539167 13772 647 647
115 0.000000 0.012500 5314 0 15
116 0.000000 0.045833 10022 0 55
117 0.000000 0.059167 7542 0 71
118 0.000000 0.061667 7844 0 74
119 0.000000 0.076667 8963 0 92
120 0.000000 0.084167 9229 0 101
121 0.000000 0.089167 8684 0 107
122 0.000000 0.096667 7673 0 116
123 0.000000 0.100833 7598 0 121
124 0.000000 0.110000 6341 0 132
125 0.000000 0.113333 6364 0 136
126 0.000000 0.115000 6299 0 138
127 0.000000 0.120000 5859 0 144
128 0.000000 0.122500 5675 0 147
129 0.000000 0.128333 5797 0 154
130 0.000000 0.137500 6856 0 165
131 0.000000 0.159167 9511 0 191
132 0.000000 0.165833 9534 0 199
133 0.000000 0.176667 9717 0 212
134 0.000000 0.190000 9271 0 228
135 0.000000 0.205000 8313 0 246
136 0.000000 0.217500 8533 0 261
137 0.000000 0.230833 9212 0 277
138 0.000000 0.236667 9498 0 284
139 0.000000 0.238333 9498 0 286
140 0.000000 0.243333 9773 0 292
141 0.000000 0.250000 9563 0 300
142 0.000000 0.258333 10032 0 310
143 0.000000 0.266667 9799 0 320
144 0.000000 0.270833 9678 0 325
145 0.000000 0.276667 9878 0 332
146 0.000000 0.279167 9898 0 335
147 0.000000 0.286667 9806 0 344
148 0.000000 0.302500 10633 0 363
149 0.000000 0.305833 10859 0 367
150 0.000000 0.307500 10836 0 369
151 0.000000 0.316667 11059 0 380
152 0.000000 0.320833 10882 0 385
153 0.000000 0.325000 10387 0 390
154 0.000000 0.333333 10764 0 400
155 0.000000 0.335833 10813 0 403
156 0.000000 0.338333 10774 0 406
157 0.000000 0.340000 10748 0 408
158 0.000000 0.342500 10672 0 411
159 0.000000 0.348333 10905 0 418
160 0.000000 0.351667 11007 0 422
161 0.000000 0.356667 11092 0 428
162 0.000000 0.363333 11141 0 436
163 0.000000 0.374167 11640 0 449
164 0.000000 0.378333 11607 0 454
165 0.000000 0.383333 11561 0 460
166 0.000000 0.390000 12450 0 468
167 0.000000 0.394167 12378 0 473
168 0.000000 0.418333 9570 0 502
169 0.000000 0.423333 9678 0 508
170 0.000000 0.430000 9940 0 516
171 0.000000 0.431667 9983 0 518
172 0.000000 0.447500 12004 0 537
173 0.000000 0.457500 10613 0 549
174 0.000000 0.470000 11407 0 564
175 0.000000 0.483333 12604 0 580
176 0.000000 0.509167 11925 0 611
177 0.000000 0.521667 13149 0 626
178 0.000000 0.539167 11459 0 647
179 0.040833 0.539167 12122 49 647
180 0.064167 0.539167 13592 77 647
181 0.070000 0.539167 13943 84 647
182 0.076667 0.539167 12719 92 647
183 0.081667 0.539167 13225 98 647
184 0.086667 0.539167 13205 104 647
185 0.093333 0.539167 13211 112 647
186 0.122500 0.539167 13861 147 647
187 0.132500 0.539167 12253 159 647
188 0.146667 0.539167 9881 176 647
189 0.156667 0.539167 11893 188 647
190 0.172500 0.539167 12204 207 647
191 0.176667 0.539167 12349 212 647
192 0.184167 0.539167 12565 221 647
193 0.188333 0.539167 12903 226 647
194 0.200833 0.539167 13658 241 647
195 0.210000 0.539167 12854 252 647
196 0.215000 0.539167 12864 258 647
197 0.232500 0.539167 10442 279 647
198 0.239167 0.539167 9947 287 647
199 0.245000 0.539167 10213 294 647
200 0.249167 0.539167 10114 299 647
201 0.251667 0.539167 10036 302 647
202 0.260000 0.539167 9527 312 647
203 0.268333 0.539167 9547 322 647
204 0.286667 0.539167 10688 344 647
205 0.291667 0.539167 10885 350 647
206 0.296667 0.539167 10564 356 647
207 0.304167 0.539167 11601 365 647
208 0.316667 0.539167 12162 380 647
209 0.321667 0.539167 12352 386 647
210 0.345833 0.539167 14041 415 647
211 0.374167 0.539167 11817 449 647
212 0.378333 0.539167 11692 454 647
213 0.387500 0.539167 11420 465 647
214 0.394167 0.539167 11315 473 647
215 0.450833 0.539167 14714 541 647
216 0.475000 0.539167 14891 570 647
217 0.504167 0.539167 15531 605 647
218 0.512500 0.539167 14678 615 647
219 0.535000 0.539167 14268 642 647
Edges 594
1 2 1
2 30 2
3 4 4
4 5 5
5 29 6
6 7 9
7 8 10
8 9 11
9 10 12
10 35 13
11 12 14
12 13 15
13 14 16
14 15 17
15 16 18
16 33 28
17 39 24
18 17 19
19 18 20
20 27 22
21 20 23
22 3 3
23 6 8
24 23 7
25 33 27
26 42 29
27 19 21
28 24 25
29 28 26
30 22 30
31 21 32
32 24 31
33 54 44
34 70 34
35 38 36
36 41 40
37 31 33
38 56 39
39 36 42
40 49 50
41 42 43
42 44 38
43 40 35
44 50 51
45 37 37
46 32 41
47 46 48
48 52 52
49 48 49
50 43 45
51 45 47
52 54 53
53 39 46
54 61 55
55 73 58
56 71 64
57 51 54
58 67 63
59 54 59
60 41 57
61 64 62
62 57 60
63 50 56
64 71 69
65 59 61
66 70 65
67 80 68
68 61 67
69 65 66
70 104 75
71 75 71
72 84 73
73 89 81
74 69 70
75 82 78
76 80 77
77 68 72
78 79 79
79 76 76
80 85 83
81 64 74
82 91 89
83 60 80
84 74 82
85 82 88
86 77 85
87 84 86
88 63 84
89 93 91
90 87 87
91 96 92
92 90 90
93 102 95
94 105 94
95 103 96
96 110 105
97 109 99
98 62 93
99 96 97
100 96 101
101 102 98
102 108 100
103 111 106
104 101 104
105 119 109
106 98 103
107 104 102
108 114 108
109 117 110
110 113 107
111 116 113
112 124 111
113 125 112
114 118 115
115 132 120
116 123 116
117 127 114
118 121 117
119 129 119
120 140 123
121 119 118
122 118 121
123 137 129
124 131 124
125 124 122
126 139 126
127 144 128
128 143 125
129 136 130
130 142 127
131 141 131
132 164 136
133 152 132
134 152 133
135 152 137
136 148 143
137 159 140
138 134 134
139 138 135
140 164 144
141 145 138
142 156 139
143 149 141
144 151 146
145 153 150
146 152 142
147 162 145
148 159 147
149 154 148
150 145 149
151 162 152
152 172 162
153 161 156
154 165 158
155 129 151
156 163 157
157 152 154
158 157 155
159 175 167
160 154 153
161 174 160
162 168 161
163 173 164
164 181 163
165 183 173
166 155 159
167 189 169
168 171 165
169 178 172
170 173 168
171 181 166
172 177 171
173 186 177
174 188 170
175 185 180
176 179 174
177 182 175
178 190 179
179 184 178
180 171 176
181 196 189
182 193 183
183 192 188
184 212 182
185 191 185
186 197 191
187 181 181
188 191 186
189 196 184
190 207 187
191 199 190
192 218 199
193 203 195
194 204 192
195 194 193
196 202 196
197 205 198
198 185 194
199 206 200
200 199 197
201 218 201
202 208 202
203 221 207
204 225 212
205 216 206
206 213 204
207 229 203
208 225 208
209 204 205
210 257 216
211 218 209
212 232 213
213 236 228
214 222 211
215 213 210
216 223 215
217 224 218
218 231 221
219 247 223
220 247 236
221 224 217
222 230 220
223 227 219
224 235 225
225 238 226
226 204 214
227 234 222
228 226 227
229 252 231
230 240 229
231 252 232
232 241 230
233 226 224
234 242 234
235 259 239
236 246 237
237 246 233
238 244 238
239 243 235
240 253 244
241 251 242
242 250 241
243 240 240
244 267 243
245 239 245
246 255 250
247 262 252
248 258 247
249 266 246
250 263 255
251 261 248
252 266 262
253 249 251
254 247 249
255 270 260
256 259 254
257 267 257
258 260 256
259 276 265
260 238 253
261 274 264
262 275 266
263 269 263
264 253 259
265 258 258
266 300 272
267 295 289
268 238 261
269 273 269
270 277 267
271 276 270
272 258 268
273 278 271
274 280 273
275 284 275
276 281 274
277 285 278
278 283 276
279 282 277
280 292 282
281 299 280
282 284 279
283 301 285
284 289 283
285 289 284
286 292 287
287 313 291
288 300 286
289 308 299
290 267 281
291 302 294
292 317 296
293 299 301
294 322 314
295 294 293
296 290 290
297 294 288
298 302 295
299 297 292
300 316 313
301 304 300
302 315 302
303 316 311
304 307 305
305 308 303
306 296 298
307 318 307
308 314 308
309 267 297
310 290 304
311 310 309
312 302 306
313 331 316
314 319 317
315 306 310
316 337 322
317 325 318
318 323 319
319 332 324
320 316 312
321 328 323
322 333 327
323 327 326
324 299 315
325 331 321
326 294 320
327 336 329
328 325 330
329 324 325
330 325 328
331 341 337
332 351 338
333 352 343
334 329 334
335 337 332
336 340 336
337 349 346
338 337 335
339 341 333
340 343 340
341 319 331
342 360 344
343 344 345
344 346 347
345 329 339
346 356 351
347 352 349
348 330 341
349 363 354
350 359 357
351 353 353
352 368 362
353 334 342
354 350 348
355 341 350
356 361 358
357 347 355
358 345 356
359 382 363
360 364 360
361 366 359
362 373 361
363 394 384
364 370 367
365 330 352
366 372 368
367 360 365
368 384 380
369 367 369
370 378 374
371 365 366
372 383 377
373 371 375
374 353 364
375 371 370
376 368 373
377 393 379
378 385 378
379 354 371
380 375 372
381 369 376
382 395 385
383 392 386
384 398 395
385 390 391
386 371 383
387 374 381
388 381 382
389 400 392
390 391 387
391 394 388
392 397 394
393 388 390
394 414 396
395 409 405
396 387 393
397 405 397
398 408 402
399 393 389
400 406 407
401 402 401
402 396 398
403 399 400
404 388 399
405 417 414
406 418 412
407 414 404
408 403 403
409 416 410
410 413 411
411 410 408
412 411 409
413 404 406
414 421 419
415 412 413
416 422 416
417 445 426
418 396 417
419 415 415
420 408 418
421 430 428
422 431 422
423 437 423
424 445 431
425 430 421
426 413 420
427 436 427
428 427 432
429 439 430
430 447 444
431 447 436
432 433 435
433 408 424
434 414 434
435 440 439
436 420 425
437 435 438
438 449 433
439 426 429
440 418 440
441 448 447
442 418 437
443 436 442
444 432 441
445 460 449
446 451 446
447 469 459
448 451 450
449 444 443
450 454 453
451 470 464
452 456 451
453 443 445
454 439 454
455 457 458
456 442 448
457 430 455
458 447 457
459 453 456
460 464 465
461 449 452
462 461 462
463 472 468
464 476 472
465 456 461
466 480 467
467 469 466
468 442 460
469 487 482
470 477 474
471 473 475
472 454 471
473 460 463
474 465 469
475 484 478
476 470 476
477 496 480
478 459 473
479 439 470
480 496 486
481 488 483
482 474 479
483 495 490
484 505 493
485 478 481
486 461 477
487 507 499
488 491 489
489 478 484
490 486 488
491 497 492
492 482 487
493 495 495
494 486 491
495 485 494
496 508 500
497 507 505
498 511 501
499 489 497
500 493 498
501 499 502
502 473 485
503 482 496
504 479 504
505 508 508
506 494 503
507 522 526
508 532 521
509 518 520
510 502 509
511 503 506
512 492 511
513 511 514
514 500 510
515 504 507
516 523 516
517 510 515
518 527 525
519 526 522
520 495 513
521 504 519
522 540 532
523 510 517
524 540 530
525 513 527
526 499 512
527 524 524
528 523 528
529 511 529
530 519 531
531 535 536
532 531 534
533 501 535
534 538 537
535 525 533
536 515 523
537 506 518
538 537 541
539 528 539
540 549 545
541 544 543
542 520 538
543 550 547
544 532 540
545 535 544
546 567 553
547 566 550
548 556 549
549 577 563
550 549 548
551 556 554
552 537 546
553 545 551
554 536 555
555 551 557
556 526 542
557 542 552
558 555 559
559 577 566
560 572 564
561 548 561
562 552 560
563 544 558
564 558 562
565 562 569
566 539 556
567 581 574
568 561 565
569 568 570
570 563 568
571 580 576
572 553 567
573 565 573
574 564 572
575 556 571
576 571 575
577 592 592
578 575 578
579 570 580
580 573 579
581 570 577
582 592 585
583 575 587
584 566 582
585 581 588
586 572 584
587 588 586
588 589 589
589 590 590
590 591 591
591 575 581
593 577 583
594 593 593
595 594 594
RunoffEdges 219
1 0
1 1
2 2
30 3
22 4
22 5
3 6
4 7
5 8
29 9
24 10
23 11
6 12
7 13
8 14
9 15
10 16
11 17
12 18
13 19
14 20
15 21
16 22
33 23
33 24
25 25
48 26
48 27
40 28
40 29
40 30
40 31
43 32
43 33
43 34
43 35
42 36
42 37
26 38
39 39
39 40
39 41
39 42
39 43
39 44
39 45
17 46
18 47
19 48
27 49
20 50
21 51
21 52
31 53
37 54
45 55
51 56
57 57
62 58
62 59
62 60
62 61
98 62
106 63
149 64
149 65
149 66
149 67
160 68
160 69
160 70
183 71
183 72
183 73
192 74
192 75
214 76
222 77
222 78
239 79
245 80
264 81
264 82
288 83
288 84
354 85
354 86
359 87
359 88
359 89
382 90
395 91
409 92
416 93
422 94
431 95
447 96
447 97
467 98
487 99
487 100
487 101
507 102
507 103
507 104
507 105
507 106
507 107
540 108
559 109
559 110
559 111
595 112
595 113
34 114
66 115
70 116
70 117
104 118
104 119
104 120
104 121
104 122
122 123
122 124
122 125
122 126
122 127
130 128
142 129
156 130
163 131
173 132
186 133
197 134
205 135
216 136
223 137
227 138
234 139
242 140
250 141
263 142
269 143
273 144
278 145
283 146
301 147
304 148
307 149
318 150
323 151
327 152
336 153
340 154
343 155
344 156
346 157
356 158
361 159
366 160
372 161
383 162
392 163
397 164
405 165
405 166
445 167
445 168
471 169
471 170
471 171
471 172
523 173
516 174
547 175
566 176
584 177
585 178
581 179
581 180
570 181
570 182
570 183
579 184
586 185
572 186
572 187
574 188
587 189
588 190
589 191
590 192
591 193
575 194
583 195
568 196
568 197
569 198
569 199
569 200
569 201
557 202
562 203
562 204
562 205
562 206
565 207
565 208
580 209
576 210
576 211
576 212
576 213
582 214
592 215
593 216
594 217
595 218
