Peaks 630
1 0.000000 0.000000 10590 0 0
2 0.002500 0.000000 10708 3 0
3 0.015833 0.000000 9671 19 0
4 0.092500 0.000000 9376 111 0
5 0.101667 0.000000 9619 122 0
6 0.110833 0.000000 8746 133 0
7 0.158333 0.000000 10987 190 0
8 0.170833 0.000000 11010 205 0
9 0.179167 0.000000 12142 215 0
10 0.193333 0.000000 10974 232 0
11 0.205000 0.000000 11253 246 0
12 0.210833 0.000000 11020 253 0
13 0.250000 0.000000 10583 300 0
14 0.258333 0.000000 10610 310 0
15 0.274167 0.000000 11325 329 0
16 0.283333 0.000000 11594 340 0
17 0.290000 0.000000 11640 348 0
18 0.336667 0.000000 10193 404 0
19 0.344167 0.000000 11040 413 0
20 0.353333 0.000000 10157 424 0
21 0.360833 0.000000 9999 433 0
22 0.364167 0.000000 9947 437 0
23 0.369167 0.000000 9954 443 0
24 0.372500 0.000000 9977 447 0
25 0.374167 0.000000 9963 449 0
26 0.385000 0.000000 9921 462 0
27 0.386667 0.000000 9901 464 0
28 0.395833 0.000000 9724 475 0
29 0.403333 0.000000 10154 484 0
30 0.410833 0.000000 10078 493 0
31 0.413333 0.000000 10078 496 0
32 0.419167 0.000000 9888 503 0
33 0.483333 0.000000 12742 580 0
34 0.490000 0.000000 12040 588 0
35 0.539167 0.000000 10364 647 0
36 0.449167 0.003333 10419 539 4
37 0.065833 0.004167 12214 79 5
38 0.055833 0.008333 12358 67 10
39 0.060000 0.008333 12283 72 10
40 0.297500 0.009167 12217 357 11
41 0.518333 0.011667 13146 622 14
42 0.050833 0.014167 12473 61 17
43 0.505000 0.014167 12552 606 17
44 0.530833 0.014167 12700 637 17
45 0.488333 0.015833 12545 586 19
46 0.515000 0.015833 12913 618 19
47 0.232500 0.018333 10580 279 22
48 0.197500 0.019167 11414 237 23
49 0.155000 0.020000 9356 186 24
50 0.167500 0.022500 9688 201 27
51 0.310833 0.025833 12378 373 31
52 0.030833 0.026667 11049 37 32
53 0.160000 0.026667 10104 192 32
54 0.006667 0.030000 12040 8 36
55 0.524167 0.030000 12864 629 36
56 0.496667 0.034167 12424 596 41
57 0.529167 0.038333 12470 635 46
58 0.321667 0.040833 11699 386 49
59 0.295000 0.042500 11131 354 51
60 0.150833 0.043333 11240 181 52
61 0.500000 0.043333 12319 600 52
62 0.043333 0.044167 10472 52 53
63 0.234167 0.044167 11689 281 53
64 0.000000 0.047500 9812 0 57
65 0.198333 0.047500 11046 238 57
66 0.539167 0.047500 12706 647 57
67 0.225000 0.050000 11479 270 60
68 0.280833 0.051667 11072 337 62
69 0.208333 0.053333 11604 250 64
70 0.239167 0.054167 11322 287 65
71 0.317500 0.055000 11761 381 66
72 0.539167 0.056667 12417 647 68
73 0.340000 0.061667 10482 408 74
74 0.539167 0.062500 11751 647 75
75 0.202500 0.063333 11335 243 76
76 0.131667 0.065833 10351 158 79
77 0.275000 0.065833 11509 330 79
78 0.167500 0.067500 12142 201 81
79 0.000000 0.070833 11443 0 85
80 0.079167 0.075000 12070 95 90
81 0.160000 0.078333 12132 192 94
82 0.340000 0.078333 10528 408 94
83 0.002500 0.080000 12020 3 96
84 0.295833 0.080000 11492 355 96
85 0.221667 0.082500 11328 266 99
86 0.270000 0.082500 11755 324 99
87 0.524167 0.083333 12647 629 100
88 0.520000 0.084167 12952 624 101
89 0.045000 0.085833 9694 54 103
90 0.285000 0.087500 12411 342 105
91 0.000000 0.088333 11236 0 106
92 0.176667 0.091667 11735 212 110
93 0.123333 0.095000 9737 148 114
94 0.055000 0.095833 9701 66 115
95 0.475833 0.095833 13238 571 115
96 0.479167 0.096667 13001 575 116
97 0.280833 0.097500 12125 337 117
98 0.301667 0.098333 11653 362 118
99 0.526667 0.098333 13710 632 118
100 0.450833 0.101667 13067 541 122
101 0.455833 0.101667 13031 547 122
102 0.499167 0.102500 13372 599 123
103 0.000000 0.104167 10180 0 125
104 0.520833 0.105000 13346 625 126
105 0.535000 0.105000 13257 642 126
106 0.464167 0.105833 13477 557 127
107 0.299167 0.106667 11604 359 128
108 0.471667 0.106667 13841 566 128
109 0.445000 0.107500 12867 534 129
110 0.323333 0.109167 10600 388 131
111 0.489167 0.110000 13090 587 132
112 0.457500 0.110833 12493 549 133
113 0.474167 0.111667 13743 569 134
114 0.227500 0.113333 12191 273 136
115 0.105833 0.114167 10685 127 137
116 0.431667 0.117500 13192 518 141
117 0.180833 0.120000 11633 217 144
118 0.484167 0.120000 13412 581 144
119 0.516667 0.120833 13864 620 145
120 0.254167 0.124167 12700 305 149
121 0.043333 0.125000 11135 52 150
122 0.482500 0.125000 13395 579 150
123 0.229167 0.125833 12746 275 151
124 0.137500 0.126667 11256 165 152
125 0.008333 0.127500 10866 10 153
126 0.420833 0.128333 13166 505 154
127 0.515000 0.130833 13792 618 157
128 0.445833 0.131667 12782 535 158
129 0.506667 0.132500 13097 608 159
130 0.406667 0.134167 13211 488 161
131 0.227500 0.136667 13303 273 164
132 0.200000 0.137500 12591 240 165
133 0.417500 0.137500 13031 501 165
134 0.471667 0.137500 13910 566 165
135 0.366667 0.138333 10616 440 166
136 0.156667 0.139167 12020 188 167
137 0.518333 0.139167 14012 622 167
138 0.225000 0.143333 13182 270 172
139 0.160833 0.145000 12250 193 174
140 0.170000 0.145833 12358 204 175
141 0.425833 0.145833 13211 511 175
142 0.197500 0.146667 12641 237 176
143 0.295833 0.146667 10374 355 176
144 0.402500 0.146667 13011 483 176
145 0.027500 0.147500 12529 33 177
146 0.472500 0.147500 13474 567 177
147 0.098333 0.150000 12709 118 180
148 0.479167 0.150833 13395 575 181
149 0.024167 0.151667 12385 29 182
150 0.125000 0.152500 13106 150 183
151 0.510000 0.152500 13651 612 183
152 0.531667 0.152500 14124 638 183
153 0.000000 0.153333 11227 0 184
154 0.226667 0.153333 12936 272 184
155 0.425833 0.154167 13061 511 185
156 0.197500 0.155833 12700 237 187
157 0.086667 0.156667 12778 104 188
158 0.390000 0.156667 13389 468 188
159 0.436667 0.156667 13018 524 188
160 0.207500 0.158333 12398 249 190
161 0.170833 0.159167 12657 205 191
162 0.406667 0.160000 12952 488 192
163 0.477500 0.160000 12998 573 192
164 0.075000 0.160833 12447 90 193
165 0.125000 0.160833 12844 150 193
166 0.143333 0.160833 12467 172 193
167 0.438333 0.162500 13018 526 195
168 0.109167 0.164167 12926 131 197
169 0.091667 0.165000 13339 110 198
170 0.245000 0.169167 11968 294 203
171 0.099167 0.170000 13254 119 204
172 0.446667 0.170000 12293 536 204
173 0.190833 0.170833 13415 229 205
174 0.103333 0.171667 13205 124 206
175 0.091667 0.172500 13418 110 207
176 0.164167 0.172500 13320 197 207
177 0.401667 0.172500 13248 482 207
178 0.355000 0.173333 12795 426 208
179 0.255000 0.175833 11932 306 211
180 0.195833 0.176667 13038 235 212
181 0.200833 0.176667 12791 241 212
182 0.406667 0.176667 13103 488 212
183 0.156667 0.177500 13267 188 213
184 0.417500 0.177500 13136 501 213
185 0.055000 0.178333 12588 66 214
186 0.088333 0.178333 13103 106 214
187 0.000000 0.180000 12601 0 216
188 0.058333 0.180000 12670 70 216
189 0.105833 0.180833 13287 127 217
190 0.118333 0.181667 12998 142 218
191 0.363333 0.181667 12650 436 218
192 0.350000 0.182500 13244 420 219
193 0.204167 0.183333 13353 245 220
194 0.051667 0.184167 12214 62 221
195 0.000000 0.185833 12706 0 223
196 0.062500 0.185833 12959 75 223
197 0.130000 0.185833 13441 156 223
198 0.372500 0.185833 12844 447 223
199 0.337500 0.187500 13300 405 225
200 0.417500 0.187500 13172 501 225
201 0.000833 0.189167 12637 1 227
202 0.346667 0.189167 12975 416 227
203 0.381667 0.190000 13241 458 228
204 0.170833 0.191667 12532 205 230
205 0.403333 0.192500 12811 484 231
206 0.105833 0.194167 13120 127 233
207 0.470833 0.195833 13421 565 235
208 0.061667 0.196667 13172 74 236
209 0.055000 0.197500 12926 66 237
210 0.350833 0.197500 13369 421 237
211 0.138333 0.198333 13717 166 238
212 0.382500 0.198333 13008 459 238
213 0.131667 0.199167 13710 158 239
214 0.325000 0.199167 13412 390 239
215 0.065833 0.200000 13129 79 240
216 0.425000 0.200833 13681 510 241
217 0.143333 0.201667 14163 172 242
218 0.272500 0.201667 12178 327 242
219 0.385000 0.203333 13008 462 244
220 0.459167 0.203333 13566 551 244
221 0.319167 0.204167 13435 383 245
222 0.322500 0.204167 13536 387 245
223 0.365000 0.204167 12959 438 245
224 0.480000 0.204167 13536 576 245
225 0.103333 0.206667 13415 124 248
226 0.141667 0.206667 13950 170 248
227 0.446667 0.206667 13622 536 248
228 0.022500 0.207500 12437 27 249
229 0.015833 0.208333 12395 19 250
230 0.065000 0.208333 13264 78 250
231 0.386667 0.208333 13041 464 250
232 0.245833 0.209167 11998 295 251
233 0.330000 0.210000 12559 396 252
234 0.505000 0.210000 13441 606 252
235 0.156667 0.211667 13218 188 254
236 0.209167 0.211667 12030 251 254
237 0.485000 0.212500 13920 582 255
238 0.144167 0.213333 13740 173 256
239 0.524167 0.213333 13126 629 256
240 0.062500 0.214167 13051 75 257
241 0.166667 0.214167 12703 200 257
242 0.415833 0.215000 13382 499 258
243 0.539167 0.215000 12545 647 258
244 0.105833 0.215833 13320 127 259
245 0.274167 0.215833 12385 329 259
246 0.145000 0.216667 13697 174 260
247 0.307500 0.216667 13418 369 260
248 0.236667 0.217500 12411 284 261
249 0.025833 0.219167 12375 31 263
250 0.415833 0.220000 13359 499 264
251 0.055000 0.220833 12870 66 265
252 0.444167 0.220833 14297 533 265
253 0.000000 0.222500 11158 0 267
254 0.033333 0.222500 12598 40 267
255 0.060833 0.222500 13061 73 267
256 0.349167 0.222500 13671 419 267
257 0.220833 0.223333 12214 265 268
258 0.110000 0.224167 13418 132 269
259 0.318333 0.224167 12775 382 269
260 0.040000 0.225000 12657 48 270
261 0.145000 0.225833 13848 174 271
262 0.421667 0.226667 13221 506 272
263 0.470000 0.228333 13730 564 274
264 0.107500 0.229167 13343 129 275
265 0.531667 0.229167 12624 638 275
266 0.063333 0.233333 13083 76 280
267 0.160833 0.233333 13257 193 280
268 0.480833 0.233333 13290 577 280
269 0.003333 0.234167 12417 4 281
270 0.208333 0.234167 12378 250 281
271 0.347500 0.234167 13877 417 281
272 0.036667 0.235833 13126 44 283
273 0.227500 0.235833 12326 273 283
274 0.302500 0.235833 13202 363 283
275 0.315000 0.235833 13024 378 283
276 0.425000 0.235833 12516 510 283
277 0.280000 0.236667 12683 336 284
278 0.067500 0.237500 13503 81 285
279 0.237500 0.237500 12352 285 285
280 0.288333 0.237500 13015 346 285
281 0.320833 0.237500 13205 385 285
282 0.000000 0.239167 12181 0 287
283 0.149167 0.239167 13582 179 287
284 0.260000 0.239167 12496 312 287
285 0.449167 0.240000 13126 539 288
286 0.008333 0.240833 12234 10 289
287 0.137500 0.240833 12066 165 289
288 0.043333 0.243333 12929 52 292
289 0.171667 0.243333 12004 206 292
290 0.070000 0.244167 13484 84 293
291 0.110000 0.244167 13369 132 293
292 0.150833 0.244167 13510 181 293
293 0.313333 0.244167 12854 376 293
294 0.159167 0.245833 12755 191 295
295 0.372500 0.245833 12880 447 295
296 0.384167 0.245833 12667 461 295
297 0.015833 0.247500 12575 19 297
298 0.265833 0.247500 12693 319 297
299 0.070833 0.248333 13612 85 298
300 0.347500 0.250000 12969 417 300
301 0.150833 0.250833 13490 181 301
302 0.215833 0.250833 12119 259 301
303 0.299167 0.251667 13172 359 302
304 0.000000 0.252500 11689 0 303
305 0.317500 0.252500 13038 381 303
306 0.397500 0.253333 12890 477 304
307 0.072500 0.254167 13763 87 305
308 0.348333 0.255833 12867 418 307
309 0.071667 0.257500 13707 86 309
310 0.318333 0.258333 13021 382 310
311 0.112500 0.260000 12778 135 312
312 0.000000 0.260833 11338 0 313
313 0.150000 0.260833 13251 180 313
314 0.169167 0.260833 11476 203 313
315 0.265000 0.260833 12634 318 313
316 0.044167 0.262500 14058 53 315
317 0.074167 0.263333 13900 89 316
318 0.363333 0.263333 12887 436 316
319 0.000000 0.264167 11322 0 317
320 0.270833 0.265000 12857 325 318
321 0.216667 0.265833 11643 260 319
322 0.244167 0.266667 12214 293 320
323 0.045000 0.267500 13828 54 321
324 0.269167 0.270000 12883 323 324
325 0.029167 0.270833 12503 35 325
326 0.363333 0.271667 13152 436 326
327 0.077500 0.272500 13074 93 327
328 0.237500 0.272500 11856 285 327
329 0.357500 0.275833 12962 429 331
330 0.344167 0.276667 12644 413 332
331 0.120000 0.277500 12703 144 333
332 0.212500 0.277500 11519 255 333
333 0.273333 0.277500 12726 328 333
334 0.041667 0.278333 13343 50 334
335 0.087500 0.279167 11712 105 335
336 0.375000 0.279167 12470 450 335
337 0.419167 0.280000 13497 503 336
338 0.367500 0.280833 12516 441 337
339 0.195833 0.282500 11489 235 339
340 0.280833 0.282500 12372 337 339
341 0.012500 0.284167 12949 15 341
342 0.356667 0.284167 12785 428 341
343 0.337500 0.285833 12654 405 343
344 0.414167 0.285833 13753 497 343
345 0.246667 0.286667 12316 296 344
346 0.040000 0.289167 12933 48 347
347 0.331667 0.289167 12522 398 347
348 0.003333 0.290833 12844 4 349
349 0.119167 0.291667 12673 143 350
350 0.235000 0.291667 11692 282 350
351 0.452500 0.291667 13704 543 350
352 0.055000 0.292500 12857 66 351
353 0.325833 0.292500 12309 391 351
354 0.530833 0.293333 9757 637 352
355 0.445000 0.294167 13162 534 353
356 0.539167 0.294167 9678 647 353
357 0.055000 0.295833 12831 66 355
358 0.469167 0.295833 14107 563 355
359 0.317500 0.296667 12204 381 356
360 0.407500 0.296667 13556 489 356
361 0.008333 0.298333 12582 10 358
362 0.124167 0.300000 12444 149 360
363 0.000000 0.300833 11971 0 361
364 0.304167 0.300833 12772 365 361
365 0.539167 0.300833 9678 647 361
366 0.310000 0.303333 12608 372 364
367 0.071667 0.304167 12473 86 365
368 0.042500 0.305000 13323 51 366
369 0.000000 0.305833 11555 0 367
370 0.428333 0.305833 13832 514 367
371 0.209167 0.306667 10065 251 368
372 0.079167 0.307500 12716 95 369
373 0.420833 0.308333 13382 505 370
374 0.465833 0.309167 14386 559 371
375 0.050000 0.310000 12913 60 372
376 0.125833 0.312500 12414 151 375
377 0.055833 0.314167 13231 67 377
378 0.000000 0.315833 12890 0 379
379 0.378333 0.315833 13471 454 379
380 0.430000 0.316667 13786 516 380
381 0.045000 0.317500 12916 54 381
382 0.180000 0.317500 11525 216 381
383 0.005000 0.319167 12821 6 383
384 0.058333 0.320000 12995 70 384
385 0.437500 0.320000 13868 525 384
386 0.130833 0.320833 12332 157 385
387 0.086667 0.321667 12729 104 386
388 0.005833 0.324167 12785 7 389
389 0.346667 0.324167 12841 416 389
390 0.406667 0.324167 13592 488 389
391 0.014167 0.325833 12536 17 391
392 0.040000 0.325833 12995 48 391
393 0.374167 0.326667 13628 449 392
394 0.255000 0.329167 11866 306 395
395 0.060833 0.330000 13169 73 396
396 0.352500 0.330000 13110 423 396
397 0.000000 0.330833 10830 0 397
398 0.093333 0.331667 12273 112 398
399 0.270833 0.332500 12322 325 399
400 0.405000 0.332500 13638 486 399
401 0.039167 0.334167 13074 47 401
402 0.259167 0.334167 11870 311 401
403 0.244167 0.335000 11899 293 402
404 0.377500 0.335833 13451 453 403
405 0.359167 0.336667 13225 431 404
406 0.061667 0.339167 13113 74 407
407 0.313333 0.339167 12979 376 407
408 0.000000 0.340000 12637 0 408
409 0.366667 0.340000 13297 440 408
410 0.290833 0.341667 12880 349 410
411 0.375833 0.341667 13270 451 410
412 0.410833 0.341667 13339 493 410
413 0.277500 0.342500 12437 333 411
414 0.002500 0.343333 12431 3 412
415 0.423333 0.343333 13467 508 412
416 0.036667 0.344167 12824 44 413
417 0.309167 0.347500 12522 371 417
418 0.375833 0.347500 13074 451 417
419 0.326667 0.348333 12992 392 418
420 0.406667 0.349167 13658 488 419
421 0.434167 0.349167 12946 521 419
422 0.280833 0.350000 12660 337 420
423 0.380000 0.350000 12890 456 420
424 0.000000 0.350833 11758 0 421
425 0.241667 0.351667 11522 290 422
426 0.320833 0.352500 13057 385 423
427 0.470833 0.352500 12349 565 423
428 0.000000 0.353333 11666 0 424
429 0.383333 0.353333 13126 460 424
430 0.395833 0.355000 13103 475 426
431 0.370833 0.355833 12903 445 427
432 0.032500 0.358333 12690 39 430
433 0.362500 0.358333 12614 435 430
434 0.269167 0.359167 12060 323 431
435 0.320833 0.359167 13261 385 431
436 0.396667 0.359167 13169 476 431
437 0.262500 0.360000 11696 315 432
438 0.002500 0.361667 11758 3 434
439 0.360000 0.361667 12729 432 434
440 0.332500 0.362500 13067 399 435
441 0.457500 0.362500 13576 549 435
442 0.095833 0.363333 11341 115 436
443 0.334167 0.365833 13080 401 439
444 0.124167 0.368333 10062 149 442
445 0.033333 0.370000 11909 40 444
446 0.382500 0.370000 12929 459 444
447 0.397500 0.370000 12956 477 444
448 0.418333 0.370000 13786 502 444
449 0.306667 0.370833 12572 368 445
450 0.314167 0.370833 12791 377 445
451 0.448333 0.370833 14097 538 445
452 0.229167 0.371667 11010 275 446
453 0.156667 0.372500 8763 188 447
454 0.217500 0.372500 10764 261 447
455 0.338333 0.372500 13241 406 447
456 0.378333 0.376667 12975 454 452
457 0.311667 0.378333 12906 374 454
458 0.397500 0.379167 13087 477 455
459 0.442500 0.379167 14376 531 455
460 0.000000 0.380833 10442 0 457
461 0.310000 0.381667 12860 372 458
462 0.340833 0.383333 13064 409 460
463 0.000000 0.384167 10793 0 461
464 0.315000 0.384167 12454 378 461
465 0.398333 0.386667 13202 478 464
466 0.433333 0.387500 14294 520 465
467 0.002500 0.390833 11322 3 469
468 0.335000 0.395000 12637 402 474
469 0.369167 0.395000 12713 443 474
470 0.015833 0.397500 11030 19 477
471 0.400833 0.397500 13192 481 477
472 0.328333 0.400000 12650 394 480
473 0.157500 0.400833 8221 189 481
474 0.340000 0.403333 12582 408 484
475 0.251667 0.404167 10603 302 485
476 0.370833 0.404167 12956 445 485
477 0.402500 0.404167 13123 483 485
478 0.145833 0.405000 7995 175 486
479 0.065000 0.405833 9202 78 487
480 0.135833 0.406667 8143 163 488
481 0.105833 0.409167 8697 127 491
482 0.320000 0.409167 12749 384 491
483 0.339167 0.409167 12650 407 491
484 0.215000 0.410833 9888 258 493
485 0.316667 0.411667 12729 380 494
486 0.180833 0.412500 10396 217 495
487 0.275000 0.412500 11486 330 495
488 0.112500 0.413333 8638 135 496
489 0.241667 0.414167 11092 290 497
490 0.283333 0.415000 11870 340 498
491 0.014167 0.416667 10265 17 500
492 0.080833 0.420833 8749 97 505
493 0.215833 0.420833 10055 259 505
494 0.170000 0.421667 9881 204 506
495 0.066667 0.422500 9202 80 507
496 0.437500 0.422500 12381 525 507
497 0.365833 0.424167 12316 439 509
498 0.381667 0.424167 12657 458 509
499 0.310000 0.426667 12270 372 512
500 0.489167 0.429167 11164 587 515
501 0.539167 0.429167 9612 647 515
502 0.164167 0.431667 9265 197 518
503 0.459167 0.433333 11968 551 520
504 0.085833 0.435000 8959 103 522
505 0.000000 0.435833 8585 0 523
506 0.096667 0.439167 9078 116 527
507 0.015000 0.440000 9232 18 528
508 0.040833 0.440000 9041 49 528
509 0.298333 0.440833 12224 358 529
510 0.432500 0.440833 12296 519 529
511 0.201667 0.441667 10068 242 530
512 0.336667 0.443333 12437 404 532
513 0.475000 0.443333 11893 570 532
514 0.000000 0.444167 8297 0 533
515 0.080000 0.445000 8569 96 534
516 0.290000 0.445833 12217 348 535
517 0.362500 0.447500 11978 435 537
518 0.436667 0.450000 12119 524 540
519 0.488333 0.452500 11292 586 543
520 0.000000 0.453333 8156 0 544
521 0.535000 0.453333 9917 642 544
522 0.173333 0.454167 9468 208 545
523 0.294167 0.454167 11873 353 545
524 0.078333 0.455000 8385 94 546
525 0.103333 0.455000 8474 124 546
526 0.183333 0.456667 9560 220 548
527 0.000000 0.457500 8208 0 549
528 0.539167 0.457500 9960 647 549
529 0.108333 0.460000 8641 130 552
530 0.398333 0.461667 11912 478 554
531 0.212500 0.462500 10967 255 555
532 0.245833 0.462500 11371 295 555
533 0.408333 0.462500 11476 490 555
534 0.226667 0.464167 11381 272 557
535 0.436667 0.464167 12247 524 557
536 0.000000 0.465000 8149 0 558
537 0.539167 0.465000 9950 647 558
538 0.040000 0.467500 8608 48 561
539 0.032500 0.469167 8503 39 563
540 0.342500 0.469167 10324 411 563
541 0.390000 0.471667 12043 468 566
542 0.424167 0.471667 12125 509 566
543 0.211667 0.473333 11053 254 568
544 0.260833 0.473333 11650 313 568
545 0.091667 0.474167 8310 110 569
546 0.062500 0.475833 8061 75 571
547 0.268333 0.478333 11748 322 574
548 0.000000 0.481667 8054 0 578
549 0.243333 0.482500 11519 292 579
550 0.000000 0.488333 7975 0 586
551 0.420833 0.488333 12483 505 586
552 0.187500 0.490000 11010 225 588
553 0.280833 0.491667 11053 337 590
554 0.251667 0.495000 11046 302 594
555 0.428333 0.495833 12385 514 595
556 0.403333 0.496667 12168 484 596
557 0.385833 0.498333 12178 463 598
558 0.448333 0.498333 12414 538 598
559 0.075000 0.501667 8779 90 602
560 0.036667 0.502500 7791 44 603
561 0.104167 0.502500 9212 125 603
562 0.000000 0.503333 8612 0 604
563 0.374167 0.503333 12030 449 604
564 0.315833 0.504167 8746 379 605
565 0.418333 0.504167 12349 502 605
566 0.457500 0.504167 12139 549 605
567 0.207500 0.505833 10262 249 607
568 0.118333 0.507500 9124 142 609
569 0.276667 0.508333 10652 332 610
570 0.475833 0.508333 12870 571 610
571 0.443333 0.511667 12683 532 614
572 0.100000 0.512500 8950 120 615
573 0.265000 0.514167 10446 318 617
574 0.468333 0.514167 12536 562 617
575 0.033333 0.515000 8517 40 618
576 0.496667 0.515833 11738 596 619
577 0.421667 0.517500 12260 506 621
578 0.508333 0.517500 11607 610 621
579 0.228333 0.518333 10574 274 622
580 0.334167 0.518333 10406 401 622
581 0.538333 0.519167 10124 646 623
582 0.272500 0.523333 10324 327 628
583 0.405833 0.526667 11945 487 632
584 0.205000 0.527500 10190 246 633
585 0.450833 0.527500 12378 541 633
586 0.539167 0.528333 10328 647 634
587 0.485000 0.529167 12709 582 635
588 0.160000 0.530000 9852 192 636
589 0.400000 0.530833 11761 480 637
590 0.475000 0.530833 12857 570 637
591 0.147500 0.531667 10075 177 638
592 0.007500 0.532500 8238 9 639
593 0.195833 0.535833 10403 235 643
594 0.425833 0.535833 12181 511 643
595 0.105833 0.538333 9465 127 646
596 0.419167 0.538333 12378 503 646
597 0.037500 0.539167 7378 45 647
598 0.044167 0.539167 7949 53 647
599 0.050833 0.539167 8202 61 647
600 0.054167 0.539167 8087 65 647
601 0.066667 0.539167 8717 80 647
602 0.069167 0.539167 8658 83 647
603 0.085000 0.539167 9432 102 647
604 0.095000 0.539167 8303 114 647
605 0.115833 0.539167 10029 139 647
606 0.120000 0.539167 9990 144 647
607 0.121667 0.539167 9990 146 647
608 0.130000 0.539167 10157 156 647
609 0.173333 0.539167 8940 208 647
610 0.190000 0.539167 10259 228 647
611 0.250833 0.539167 8772 301 647
612 0.299167 0.539167 9022 359 647
613 0.305833 0.539167 9101 367 647
614 0.315000 0.539167 9343 378 647
615 0.316667 0.539167 9347 380 647
616 0.319167 0.539167 9271 383 647
617 0.323333 0.539167 9268 388 647
618 0.326667 0.539167 9288 392 647
619 0.335000 0.539167 9278 402 647
620 0.342500 0.539167 9258 411 647
621 0.347500 0.539167 9229 417 647
622 0.354167 0.539167 9265 425 647
623 0.370833 0.539167 10652 445 647
624 0.390000 0.539167 11725 468 647
625 0.473333 0.539167 12949 568 647
626 0.519167 0.539167 10892 623 647
627 0.525000 0.539167 10613 630 647
628 0.527500 0.539167 10544 633 647
629 0.534167 0.539167 10400 641 647
630 0.539167 0.539167 10354 647 647
PromSaddles 629
1 0.000833 0.000000 10574 1 0
2 0.014167 0.000000 9662 17 0
3 0.090000 0.000000 9291 108 0
4 0.096667 0.000000 9291 116 0
5 0.110000 0.000000 8740 132 0
6 0.166667 0.000000 10419 200 0
7 0.172500 0.000000 10987 207 0
8 0.192500 0.000000 10958 231 0
9 0.197500 0.000000 10784 237 0
10 0.210000 0.000000 11010 252 0
11 0.255000 0.000000 10278 306 0
12 0.260000 0.000000 10462 312 0
13 0.276667 0.000000 11207 332 0
14 0.285000 0.000000 11486 342 0
15 0.337500 0.000000 10144 405 0
16 0.352500 0.000000 10150 423 0
17 0.359167 0.000000 9891 431 0
18 0.363333 0.000000 9898 436 0
19 0.366667 0.000000 9878 440 0
20 0.370000 0.000000 9917 444 0
21 0.373333 0.000000 9957 448 0
22 0.385833 0.000000 9891 463 0
23 0.393333 0.000000 9570 472 0
24 0.398333 0.000000 9632 478 0
25 0.406667 0.000000 9832 488 0
26 0.412500 0.000000 10068 495 0
27 0.417500 0.000000 9724 501 0
28 0.421667 0.000000 9635 506 0
29 0.537500 0.000000 10324 645 0
30 0.379167 0.000833 9671 455 1
31 0.489167 0.000833 12027 587 1
32 0.291667 0.002500 11522 350 3
33 0.487500 0.005000 12257 585 6
34 0.063333 0.005833 12057 76 7
35 0.452500 0.005833 10246 543 7
36 0.001667 0.009167 9924 2 11
37 0.058333 0.008333 12162 70 10
38 0.051667 0.011667 12109 62 14
39 0.197500 0.011667 11233 237 14
40 0.509167 0.014167 12076 611 17
41 0.515833 0.014167 12791 619 17
42 0.525000 0.014167 12267 630 17
43 0.300833 0.016667 11499 361 20
44 0.035833 0.018333 10682 43 22
45 0.498333 0.018333 12155 598 22
46 0.493333 0.019167 12152 592 23
47 0.156667 0.021667 9192 188 26
48 0.230000 0.022500 10462 276 27
49 0.515833 0.023333 12352 619 28
50 0.018333 0.027500 10767 22 33
51 0.320833 0.027500 11555 385 33
52 0.167500 0.028333 9488 201 34
53 0.164167 0.030833 9721 197 37
54 0.527500 0.035833 12250 633 43
55 0.298333 0.038333 10974 358 46
56 0.040000 0.039167 10291 48 47
57 0.499167 0.040000 12198 599 48
58 0.192500 0.040833 10616 231 49
59 0.532500 0.045000 12004 639 54
60 0.000000 0.046667 9806 0 56
61 0.320000 0.049167 11515 384 59
62 0.157500 0.050833 10875 189 61
63 0.229167 0.050833 11341 275 61
64 0.199167 0.052500 10938 239 63
65 0.235833 0.052500 11095 283 63
66 0.539167 0.052500 12306 647 63
67 0.001667 0.054167 9438 2 65
68 0.280000 0.056667 10875 336 68
69 0.336667 0.059167 10364 404 71
70 0.539167 0.061667 11729 647 74
71 0.301667 0.065833 10610 362 79
72 0.207500 0.065833 11230 249 79
73 0.221667 0.066667 11013 266 80
74 0.278333 0.071667 11341 334 86
75 0.000000 0.072500 11246 0 87
76 0.538333 0.072500 10931 646 87
77 0.335000 0.074167 10426 402 89
78 0.164167 0.077500 11893 197 93
79 0.134167 0.079167 9812 161 95
80 0.219167 0.079167 11164 263 95
81 0.295000 0.081667 11351 354 98
82 0.275833 0.082500 11430 331 99
83 0.522500 0.083333 12532 627 100
84 0.000000 0.085833 11089 0 103
85 0.173333 0.085833 11423 208 103
86 0.520000 0.086667 12834 624 104
87 0.043333 0.089167 9570 52 107
88 0.281667 0.094167 11998 338 113
89 0.295000 0.095833 11463 354 115
90 0.058333 0.096667 9458 70 116
91 0.477500 0.096667 12880 573 116
92 0.123333 0.098333 9563 148 118
93 0.000000 0.099167 9324 0 119
94 0.219167 0.099167 11135 263 119
95 0.475000 0.099167 13100 570 119
96 0.520000 0.101667 13136 624 122
97 0.454167 0.102500 12913 545 123
98 0.457500 0.102500 12896 549 123
99 0.300000 0.103333 11479 360 124
100 0.530000 0.103333 13038 636 124
101 0.446667 0.105000 12549 536 126
102 0.466667 0.105833 12995 560 127
103 0.492500 0.107500 12824 591 129
104 0.459167 0.108333 12368 551 130
105 0.440000 0.109167 12677 528 131
106 0.473333 0.109167 13441 568 131
107 0.319167 0.110000 10360 383 132
108 0.507500 0.110000 12486 609 132
109 0.066667 0.110833 9573 80 133
110 0.519167 0.110833 12791 623 133
111 0.487500 0.112500 12870 585 135
112 0.269167 0.114167 11276 323 137
113 0.188333 0.115000 11062 226 138
114 0.105833 0.116667 10515 127 140
115 0.479167 0.117500 12906 575 141
116 0.230000 0.118333 12057 276 142
117 0.000833 0.120000 9094 1 144
118 0.483333 0.122500 13077 580 147
119 0.435833 0.125833 12539 523 151
120 0.516667 0.125000 13346 620 150
121 0.424167 0.126667 12814 509 152
122 0.229167 0.128333 12463 275 154
123 0.184167 0.129167 11420 221 155
124 0.479167 0.130000 13028 575 156
125 0.007500 0.130833 10603 9 157
126 0.508333 0.130833 12982 610 157
127 0.134167 0.132500 11066 161 159
128 0.419167 0.133333 12847 503 160
129 0.246667 0.134167 12004 296 161
130 0.037500 0.135000 10308 45 162
131 0.517500 0.135000 13526 621 162
132 0.372500 0.136667 10472 447 164
133 0.413333 0.139167 12673 496 167
134 0.157500 0.140833 11912 189 169
135 0.225000 0.140833 12926 270 169
136 0.197500 0.141667 12309 237 170
137 0.410000 0.142500 12670 492 171
138 0.419167 0.142500 12818 503 171
139 0.165833 0.143333 12116 199 172
140 0.527500 0.143333 13218 633 172
141 0.473333 0.144167 13313 568 173
142 0.290833 0.147500 10249 349 177
143 0.170000 0.148333 12119 204 178
144 0.475833 0.148333 13126 571 178
145 0.025000 0.149167 12273 30 179
146 0.226667 0.150000 12775 272 180
147 0.425833 0.150833 12746 511 181
148 0.510833 0.150833 13530 613 181
149 0.196667 0.151667 12447 236 182
150 0.399167 0.152500 12765 479 183
151 0.095833 0.154167 12398 115 185
152 0.124167 0.155833 12434 149 187
153 0.203333 0.156667 12017 244 188
154 0.431667 0.156667 12618 518 188
155 0.002500 0.157500 10941 3 189
156 0.405833 0.157500 12762 487 189
157 0.477500 0.157500 12883 573 189
158 0.078333 0.158333 12339 94 190
159 0.088333 0.158333 12673 106 190
160 0.436667 0.158333 12844 524 190
161 0.194167 0.159167 12296 233 191
162 0.210833 0.162500 12027 253 195
163 0.405000 0.162500 12709 486 195
164 0.015000 0.163333 10974 18 196
165 0.169167 0.164167 12395 203 197
166 0.108333 0.165833 12775 130 199
167 0.244167 0.165833 11797 293 199
168 0.092500 0.167500 12969 111 201
169 0.137500 0.168333 12214 165 202
170 0.444167 0.169167 12175 533 203
171 0.097500 0.170833 13139 117 205
172 0.101667 0.170833 13041 122 205
173 0.247500 0.170833 11824 297 205
174 0.173333 0.171667 12654 208 206
175 0.105000 0.175000 12811 126 210
176 0.160000 0.175833 12867 192 211
177 0.194167 0.175833 12923 233 211
178 0.199167 0.175833 12660 239 211
179 0.405000 0.175833 12913 486 211
180 0.089167 0.176667 12919 107 212
181 0.120833 0.176667 12467 145 212
182 0.354167 0.176667 12526 425 212
183 0.411667 0.176667 12847 494 212
184 0.201667 0.177500 12664 242 213
185 0.390833 0.179167 12417 469 215
186 0.056667 0.179167 12473 68 215
187 0.000000 0.182500 12447 0 219
188 0.058333 0.182500 12437 70 219
189 0.121667 0.182500 12726 146 219
190 0.152500 0.182500 12716 183 219
191 0.418333 0.182500 12867 502 219
192 0.360000 0.183333 12086 432 220
193 0.055000 0.184167 12109 66 221
194 0.111667 0.184167 12742 134 221
195 0.365833 0.184167 12355 439 221
196 0.404167 0.185833 12568 485 223
197 0.165000 0.186667 12125 198 224
198 0.000000 0.187500 12552 0 225
199 0.347500 0.187500 12814 417 225
200 0.342500 0.188333 12667 411 226
201 0.375833 0.188333 12214 451 226
202 0.105833 0.190000 12828 127 228
203 0.130833 0.190000 12965 157 228
204 0.417500 0.190833 13044 501 229
205 0.063333 0.191667 12808 76 230
206 0.348333 0.191667 12834 418 230
207 0.333333 0.192500 12765 400 231
208 0.380833 0.195833 12864 457 235
209 0.465833 0.195833 13021 559 235
210 0.058333 0.196667 12821 70 236
211 0.135833 0.198333 13369 163 238
212 0.064167 0.199167 12857 77 239
213 0.105833 0.199167 12726 127 239
214 0.139167 0.199167 13579 167 239
215 0.475000 0.199167 13087 570 239
216 0.384167 0.200000 12818 461 240
217 0.323333 0.200833 13307 388 241
218 0.362500 0.201667 12532 435 242
219 0.066667 0.203333 12762 80 244
220 0.080833 0.203333 11830 97 244
221 0.142500 0.203333 13753 171 244
222 0.000000 0.204167 10557 0 245
223 0.320000 0.204167 13330 384 245
224 0.431667 0.204167 12765 518 245
225 0.454167 0.205000 13133 545 246
226 0.020000 0.206667 12152 24 248
227 0.350000 0.206667 12870 420 248
228 0.385000 0.206667 12883 462 248
229 0.420000 0.206667 12995 504 248
230 0.479167 0.206667 13418 575 248
231 0.274167 0.207500 11925 329 249
232 0.328333 0.207500 12411 394 249
233 0.208333 0.208333 11883 250 250
234 0.464167 0.208333 12831 557 250
235 0.105833 0.210000 12995 127 252
236 0.443333 0.210000 13418 532 252
237 0.164167 0.210833 12588 197 253
238 0.063333 0.211667 12847 76 254
239 0.142500 0.211667 13572 171 254
240 0.244167 0.211667 11863 293 254
241 0.315000 0.211667 12896 378 254
242 0.497500 0.211667 12532 597 254
243 0.517500 0.211667 12864 621 254
244 0.023333 0.212500 12099 28 255
245 0.225000 0.212500 11922 270 255
246 0.152500 0.213333 12900 183 256
247 0.144167 0.215000 13582 173 258
248 0.415833 0.216667 13241 499 260
249 0.535833 0.216667 12411 643 260
250 0.107500 0.217500 13041 129 261
251 0.063333 0.219167 12693 76 263
252 0.028333 0.220000 12171 34 264
253 0.057500 0.220833 12706 69 265
254 0.144167 0.221667 13385 173 266
255 0.000833 0.222500 11115 1 267
256 0.045000 0.222500 12342 54 267
257 0.316667 0.222500 12470 380 267
258 0.420000 0.223333 13015 504 268
259 0.035833 0.224167 12450 43 269
260 0.280000 0.224167 11804 336 269
261 0.310000 0.224167 12723 372 269
262 0.528333 0.225833 12516 634 271
263 0.107500 0.225833 13185 129 271
264 0.232500 0.225833 11922 279 271
265 0.345833 0.225833 13369 415 271
266 0.037500 0.227500 12424 45 273
267 0.060833 0.227500 12700 73 273
268 0.224167 0.228333 12037 269 274
269 0.476667 0.230000 13074 572 276
270 0.110000 0.232500 12933 132 279
271 0.425000 0.233333 12283 510 280
272 0.450833 0.234167 12893 541 281
273 0.065000 0.235000 12887 78 282
274 0.218333 0.235000 12040 262 282
275 0.234167 0.235000 12093 281 282
276 0.291667 0.235000 12624 350 282
277 0.310833 0.235000 12447 373 282
278 0.146667 0.235833 13248 176 283
279 0.318333 0.235833 12749 382 283
280 0.154167 0.236667 13143 185 284
281 0.241667 0.236667 12017 290 284
282 0.283333 0.236667 12414 340 284
283 0.000833 0.238333 12129 1 286
284 0.139167 0.238333 11965 167 286
285 0.006667 0.239167 12076 8 287
286 0.314167 0.240000 12693 377 288
287 0.038333 0.240833 12516 46 289
288 0.069167 0.240833 13251 83 289
289 0.012500 0.242500 12047 15 291
290 0.150000 0.242500 13343 180 291
291 0.169167 0.242500 11758 203 291
292 0.275000 0.243333 12168 330 292
293 0.302500 0.243333 12388 363 292
294 0.156667 0.244167 12650 188 293
295 0.261667 0.244167 12257 314 293
296 0.367500 0.244167 12572 441 293
297 0.221667 0.245000 11807 266 294
298 0.069167 0.245833 13369 83 295
299 0.017500 0.246667 12355 21 296
300 0.044167 0.246667 12726 53 296
301 0.348333 0.246667 12867 418 296
302 0.390833 0.247500 12362 469 297
303 0.315000 0.247500 12690 378 297
304 0.380000 0.247500 12365 456 297
305 0.150000 0.248333 13375 180 298
306 0.070833 0.250000 13392 85 300
307 0.000000 0.250833 11643 0 301
308 0.363333 0.250833 12496 436 301
309 0.114167 0.251667 12565 137 302
310 0.347500 0.252500 12749 417 303
311 0.071667 0.255833 13559 86 307
312 0.148333 0.255833 13133 178 307
313 0.316667 0.255833 12877 380 307
314 0.169167 0.258333 11361 203 310
315 0.262500 0.258333 12513 315 310
316 0.000000 0.260000 11335 0 312
317 0.073333 0.260000 13566 88 312
318 0.267500 0.261667 12447 321 314
319 0.217500 0.262500 11453 261 315
320 0.000000 0.263333 11302 0 316
321 0.250833 0.263333 11994 301 316
322 0.044167 0.265000 13681 53 318
323 0.270833 0.266667 12739 325 320
324 0.361667 0.267500 12765 434 321
325 0.078333 0.268333 12916 94 322
326 0.115000 0.268333 12568 138 322
327 0.030000 0.269167 12398 36 323
328 0.240000 0.270833 11732 288 325
329 0.042500 0.271667 13080 51 326
330 0.353333 0.272500 12286 424 327
331 0.027500 0.273333 12329 33 328
332 0.360000 0.274167 12762 432 329
333 0.204167 0.275000 11095 245 330
334 0.213333 0.275000 11387 256 330
335 0.271667 0.275000 12483 326 330
336 0.086667 0.276667 11446 104 332
337 0.366667 0.278333 12339 440 334
338 0.279167 0.279167 12221 335 335
339 0.370833 0.280000 12208 445 336
340 0.340000 0.280833 12454 408 337
341 0.355833 0.280833 12634 427 337
342 0.415833 0.280833 13385 499 337
343 0.255000 0.281667 11916 306 338
344 0.119167 0.282500 12240 143 339
345 0.040000 0.285000 12608 48 342
346 0.008333 0.285833 12559 10 343
347 0.334167 0.285833 12352 401 343
348 0.237500 0.290000 11548 285 348
349 0.327500 0.291667 12171 393 350
350 0.447500 0.292500 12982 537 351
351 0.040833 0.293333 12424 49 352
352 0.527500 0.293333 9655 633 352
353 0.532500 0.297500 9639 639 357
354 0.532500 0.300000 9639 639 360
355 0.054167 0.294167 12568 65 353
356 0.411667 0.294167 13398 494 353
357 0.008333 0.295000 12283 10 354
358 0.123333 0.296667 12299 148 356
359 0.458333 0.296667 13323 550 356
360 0.320833 0.297500 12066 385 357
361 0.370833 0.297500 12070 445 357
362 0.065000 0.298333 12030 78 358
363 0.315000 0.298333 11984 378 358
364 0.421667 0.299167 12870 506 359
365 0.000000 0.300000 11961 0 360
366 0.435833 0.300000 12844 523 360
367 0.046667 0.300833 12536 56 361
368 0.462500 0.300833 13907 555 361
369 0.307500 0.302500 12493 369 363
370 0.207500 0.303333 9891 249 364
371 0.000000 0.305000 11541 0 366
372 0.422500 0.305000 13277 507 366
373 0.073333 0.305833 12162 88 367
374 0.126667 0.305833 12145 152 367
375 0.180000 0.305833 11309 216 367
376 0.000000 0.307500 11535 0 369
377 0.048333 0.308333 12673 58 370
378 0.428333 0.310000 13198 514 372
379 0.051667 0.312500 12703 62 375
380 0.080000 0.313333 12322 96 376
381 0.047500 0.314167 12693 57 377
382 0.002500 0.315000 12519 3 378
383 0.128333 0.316667 12093 154 380
384 0.057500 0.318333 12828 69 382
385 0.435000 0.318333 13585 522 382
386 0.417500 0.319167 12454 501 383
387 0.375833 0.320833 13143 451 385
388 0.005000 0.321667 12680 6 386
389 0.044167 0.321667 12729 53 386
390 0.058333 0.324167 12775 70 389
391 0.010833 0.325000 12240 13 390
392 0.350000 0.325000 12637 420 390
393 0.249167 0.327500 11660 299 393
394 0.405000 0.327500 13270 486 393
395 0.090833 0.329167 11945 109 395
396 0.000000 0.330000 10820 0 396
397 0.040000 0.330000 12785 48 396
398 0.376667 0.330000 13195 452 396
399 0.000000 0.331667 10823 0 398
400 0.355000 0.331667 12972 426 398
401 0.255833 0.332500 11758 307 399
402 0.262500 0.335000 11686 315 402
403 0.272500 0.335000 12139 327 402
404 0.407500 0.335000 13047 489 402
405 0.060000 0.335833 12969 72 403
406 0.362500 0.338333 12808 435 406
407 0.375833 0.338333 13126 451 406
408 0.370833 0.340000 12755 445 408
409 0.302500 0.340833 11863 363 409
410 0.038333 0.341667 12647 46 410
411 0.000833 0.342500 12263 1 411
412 0.410000 0.342500 13218 492 411
413 0.413333 0.343333 12946 496 412
414 0.245833 0.345000 11295 295 414
415 0.279167 0.345000 12244 335 414
416 0.309167 0.345833 12391 371 415
417 0.375833 0.345833 12906 451 415
418 0.000000 0.347500 11361 0 417
419 0.432500 0.347500 12834 519 417
420 0.284167 0.348333 12290 341 418
421 0.317500 0.349167 12532 381 419
422 0.379167 0.349167 12769 455 419
423 0.373333 0.350833 12467 448 421
424 0.387500 0.350833 12654 465 421
425 0.322500 0.351667 12828 387 422
426 0.381667 0.351667 12769 458 422
427 0.000000 0.352500 11620 0 423
428 0.400000 0.352500 12440 480 423
429 0.468333 0.354167 12175 562 425
430 0.320000 0.355000 12867 384 426
431 0.000000 0.355833 11499 0 427
432 0.034167 0.355833 12585 41 427
433 0.395833 0.355833 12982 475 427
434 0.415000 0.355833 12762 498 427
435 0.275000 0.358333 11945 330 430
436 0.363333 0.358333 12608 436 430
437 0.361667 0.359167 12608 434 431
438 0.265000 0.360000 11587 318 432
439 0.328333 0.360833 12696 394 433
440 0.350833 0.361667 11725 421 434
441 0.087500 0.361667 10928 105 434
442 0.384167 0.361667 12673 461 434
443 0.232500 0.365833 10866 279 439
444 0.333333 0.364167 12903 400 437
445 0.453333 0.365000 13353 544 438
446 0.315000 0.366667 12496 378 440
447 0.035000 0.368333 11781 42 442
448 0.115000 0.368333 9819 138 442
449 0.335833 0.368333 12732 403 442
450 0.397500 0.368333 12791 477 442
451 0.154167 0.371667 8661 185 446
452 0.309167 0.371667 12431 371 446
453 0.379167 0.373333 12736 455 448
454 0.421667 0.373333 12975 506 448
455 0.445000 0.373333 13868 534 448
456 0.000000 0.374167 9934 0 449
457 0.310833 0.374167 12608 373 449
458 0.396667 0.374167 12801 476 449
459 0.337500 0.376667 12608 405 452
460 0.220833 0.377500 10639 265 453
461 0.310000 0.380000 12742 372 456
462 0.000000 0.381667 10380 0 458
463 0.396667 0.381667 12811 476 458
464 0.313333 0.383333 12329 376 460
465 0.370833 0.385000 12490 445 462
466 0.435833 0.385000 14041 523 462
467 0.000000 0.386667 10688 0 464
468 0.397500 0.390833 12939 477 469
469 0.337500 0.393333 12483 405 472
470 0.160000 0.394167 7851 192 473
471 0.011667 0.396667 10905 14 476
472 0.059167 0.396667 8940 71 476
473 0.330833 0.397500 12447 397 477
474 0.335000 0.397500 12237 402 477
475 0.370833 0.399167 12460 445 479
476 0.145000 0.400000 7844 174 480
477 0.400000 0.400833 12798 480 481
478 0.106667 0.401667 8346 128 482
479 0.321667 0.402500 12375 386 483
480 0.138333 0.402500 7998 166 483
481 0.339167 0.405833 12391 407 487
482 0.253333 0.406667 10436 304 488
483 0.317500 0.410833 12624 381 493
484 0.064167 0.411667 9084 77 494
485 0.109167 0.413333 8523 131 496
486 0.257500 0.414167 10603 309 497
487 0.013333 0.414167 10157 16 497
488 0.216667 0.414167 9767 260 497
489 0.277500 0.415000 11364 333 498
490 0.295833 0.415000 11525 355 498
491 0.081667 0.415833 8474 98 499
492 0.366667 0.415833 12165 440 499
493 0.379167 0.419167 12253 455 503
494 0.171667 0.420000 9757 206 504
495 0.205000 0.420000 9783 246 504
496 0.217500 0.420833 9898 261 505
497 0.310000 0.421667 12152 372 506
498 0.436667 0.421667 12198 524 506
499 0.085000 0.423333 8503 102 508
500 0.337500 0.426667 12211 405 512
501 0.455000 0.429167 11853 546 515
502 0.165833 0.430000 9156 199 516
503 0.539167 0.430000 9609 647 516
504 0.485000 0.430833 10990 582 517
505 0.000833 0.432500 8405 1 519
506 0.303333 0.433333 11797 364 520
507 0.036667 0.434167 8727 44 521
508 0.015833 0.436667 9087 19 524
509 0.088333 0.436667 8812 106 524
510 0.430000 0.438333 12103 516 526
511 0.467500 0.440833 11630 561 529
512 0.081667 0.442500 8467 98 531
513 0.293333 0.442500 11919 352 531
514 0.363333 0.442500 11778 436 531
515 0.000000 0.443333 8287 0 532
516 0.201667 0.445000 9944 242 534
517 0.434167 0.445833 11916 521 535
518 0.000000 0.451667 8087 0 542
519 0.080833 0.451667 8261 97 542
520 0.484167 0.451667 11079 581 542
521 0.102500 0.453333 8441 123 544
522 0.290833 0.453333 11653 349 544
523 0.000000 0.454167 8149 0 545
524 0.535833 0.454167 9888 643 545
525 0.176667 0.455833 9232 212 547
526 0.104167 0.456667 8441 125 548
527 0.435833 0.456667 11932 523 548
528 0.185833 0.457500 9360 223 549
529 0.412500 0.457500 11243 495 549
530 0.539167 0.460000 9901 647 552
531 0.404167 0.460833 11345 485 553
532 0.043333 0.461667 8231 52 554
533 0.000000 0.463333 8126 0 556
534 0.250000 0.464167 11217 300 557
535 0.091667 0.465000 7890 110 558
536 0.216667 0.465000 10849 260 558
537 0.345000 0.465000 9983 414 558
538 0.430833 0.465000 11922 517 558
539 0.539167 0.465833 9944 647 559
540 0.241667 0.466667 11125 290 560
541 0.035000 0.467500 8375 42 561
542 0.393333 0.468333 11807 472 562
543 0.062500 0.470000 7867 75 564
544 0.276667 0.470833 11059 332 565
545 0.216667 0.473333 10895 260 568
546 0.000000 0.475000 7811 0 570
547 0.263333 0.475000 11519 316 570
548 0.249167 0.477500 11240 299 573
549 0.420000 0.479167 11942 504 575
550 0.279167 0.484167 10915 335 581
551 0.000000 0.486667 7890 0 584
552 0.073333 0.486667 7568 88 584
553 0.000000 0.490000 7880 0 588
554 0.254167 0.490833 10879 305 589
555 0.205833 0.491667 10810 247 590
556 0.423333 0.492500 12070 508 591
557 0.025833 0.495833 7427 31 595
558 0.379167 0.497500 11893 455 597
559 0.395000 0.497500 11322 474 597
560 0.422500 0.500833 11899 507 601
561 0.443333 0.500833 12142 532 601
562 0.319167 0.502500 8628 383 603
563 0.205833 0.503333 10154 247 604
564 0.036667 0.504167 7683 44 605
565 0.435000 0.504167 11738 522 605
566 0.451667 0.504167 11774 542 605
567 0.277500 0.505000 10547 333 606
568 0.409167 0.505833 11594 491 607
569 0.460833 0.507500 11742 553 609
570 0.233333 0.509167 10219 280 611
571 0.100000 0.510000 8822 120 612
572 0.120000 0.510000 8940 144 612
573 0.269167 0.511667 10219 323 614
574 0.468333 0.511667 12391 562 614
575 0.420833 0.513333 11889 505 616
576 0.490000 0.513333 11473 588 616
577 0.097500 0.515833 8828 117 619
578 0.502500 0.516667 11482 603 620
579 0.411667 0.517500 11558 494 621
580 0.275000 0.518333 10022 330 622
581 0.478333 0.519167 12290 574 623
582 0.343333 0.520000 10032 412 624
583 0.538333 0.520833 10091 646 625
584 0.167500 0.522500 9668 201 627
585 0.448333 0.522500 12178 538 627
586 0.208333 0.524167 9934 250 629
587 0.403333 0.527500 11656 484 633
588 0.482500 0.529167 12601 579 635
589 0.539167 0.529167 10321 647 635
590 0.155000 0.530000 9730 186 636
591 0.202500 0.530000 10068 243 636
592 0.420833 0.531667 11971 505 638
593 0.009167 0.532500 8136 11 639
594 0.145000 0.532500 9895 174 639
595 0.473333 0.532500 12696 568 639
596 0.395000 0.534167 11338 474 641
597 0.250000 0.535833 8671 300 643
598 0.423333 0.535833 11955 508 643
599 0.046667 0.538333 7568 56 646
600 0.106667 0.538333 9445 128 646
601 0.173333 0.538333 8937 208 646
602 0.303333 0.538333 8625 364 646
603 0.516667 0.538333 10833 620 646
604 0.537500 0.539167 10337 645 647
605 0.038333 0.539167 7316 46 647
606 0.053333 0.539167 8005 64 647
607 0.057500 0.539167 7687 69 647
608 0.068333 0.539167 8592 82 647
609 0.071667 0.539167 8562 86 647
610 0.094167 0.539167 8261 113 647
611 0.095833 0.539167 8280 115 647
612 0.117500 0.539167 9970 141 647
613 0.120833 0.539167 9986 145 647
614 0.124167 0.539167 9842 149 647
615 0.190833 0.539167 10242 229 647
616 0.307500 0.539167 9019 369 647
617 0.315833 0.539167 9333 379 647
618 0.318333 0.539167 9268 382 647
619 0.320833 0.539167 9163 385 647
620 0.325000 0.539167 9261 390 647
621 0.329167 0.539167 9183 395 647
622 0.339167 0.539167 9160 407 647
623 0.345833 0.539167 9183 415 647
624 0.351667 0.539167 9127 422 647
625 0.355833 0.539167 9232 427 647
626 0.374167 0.539167 10459 449 647
627 0.523333 0.539167 10567 628 647
628 0.526667 0.539167 10515 632 647
629 0.532500 0.539167 10380 639 647
BasinSaddles 0
Runoffs 191
1 0.000000 0.000000 10590 0 0
2 0.002500 0.000000 10708 3 0
3 0.015833 0.000000 9671 19 0
4 0.032500 0.000000 9717 39 0
5 0.057500 0.000000 11220 69 0
6 0.067500 0.000000 11912 81 0
7 0.092500 0.000000 9376 111 0
8 0.101667 0.000000 9619 122 0
9 0.110833 0.000000 8746 133 0
10 0.124167 0.000000 8566 149 0
11 0.151667 0.000000 10626 182 0
12 0.158333 0.000000 10987 190 0
13 0.170833 0.000000 11010 205 0
14 0.179167 0.000000 12142 215 0
15 0.193333 0.000000 10974 232 0
16 0.205000 0.000000 11253 246 0
17 0.210833 0.000000 11020 253 0
18 0.234167 0.000000 9898 281 0
19 0.240000 0.000000 9412 288 0
20 0.250833 0.000000 10583 301 0
21 0.258333 0.000000 10610 310 0
22 0.274167 0.000000 11325 329 0
23 0.283333 0.000000 11594 340 0
24 0.290000 0.000000 11640 348 0
25 0.303333 0.000000 11761 364 0
26 0.321667 0.000000 10016 386 0
27 0.336667 0.000000 10193 404 0
28 0.344167 0.000000 11040 413 0
29 0.354167 0.000000 10157 425 0
30 0.360833 0.000000 9999 433 0
31 0.365000 0.000000 9947 438 0
32 0.369167 0.000000 9954 443 0
33 0.372500 0.000000 9977 447 0
34 0.374167 0.000000 9963 449 0
35 0.385000 0.000000 9921 462 0
36 0.386667 0.000000 9901 464 0
37 0.395833 0.000000 9724 475 0
38 0.403333 0.000000 10154 484 0
39 0.411667 0.000000 10078 494 0
40 0.413333 0.000000 10078 496 0
41 0.419167 0.000000 9888 503 0
42 0.460000 0.000000 10718 552 0
43 0.483333 0.000000 12742 580 0
44 0.490000 0.000000 12040 588 0
45 0.510833 0.000000 11200 613 0
46 0.515833 0.000000 11154 619 0
47 0.539167 0.000000 10364 647 0
48 0.539167 0.010833 11712 647 13
49 0.539167 0.015833 11833 647 19
50 0.539167 0.047500 12706 647 57
51 0.539167 0.056667 12417 647 68
52 0.539167 0.062500 11751 647 75
53 0.539167 0.101667 13031 647 122
54 0.539167 0.123333 11630 647 148
55 0.539167 0.143333 13490 647 172
56 0.539167 0.150833 13533 647 181
57 0.539167 0.215000 12545 647 258
58 0.539167 0.230000 11991 647 276
59 0.539167 0.231667 11991 647 278
60 0.539167 0.246667 10810 647 296
61 0.539167 0.259167 10075 647 311
62 0.539167 0.269167 9242 647 323
63 0.539167 0.271667 9209 647 326
64 0.539167 0.294167 9678 647 353
65 0.539167 0.301667 9678 647 362
66 0.539167 0.326667 9632 647 392
67 0.539167 0.330000 9652 647 396
68 0.539167 0.335833 9691 647 403
69 0.539167 0.343333 9698 647 412
70 0.539167 0.354167 9675 647 425
71 0.539167 0.378333 9514 647 454
72 0.539167 0.389167 9425 647 467
73 0.539167 0.429167 9612 647 515
74 0.539167 0.431667 9616 647 518
75 0.539167 0.450000 9895 647 540
76 0.539167 0.457500 9960 647 549
77 0.539167 0.465000 9950 647 558
78 0.539167 0.469167 10029 647 563
79 0.539167 0.511667 10091 647 614
80 0.539167 0.519167 10111 647 623
81 0.539167 0.528333 10328 647 634
82 0.539167 0.532500 10341 647 639
83 0.539167 0.539167 10354 647 647
84 0.000000 0.027500 11227 0 33
85 0.000000 0.035833 11676 0 43
86 0.000000 0.047500 9812 0 57
87 0.000000 0.070833 11443 0 85
88 0.000000 0.079167 11925 0 95
89 0.000000 0.088333 11236 0 106
90 0.000000 0.104167 10180 0 125
91 0.000000 0.137500 10515 0 165
92 0.000000 0.153333 11227 0 184
93 0.000000 0.165000 11095 0 198
94 0.000000 0.180000 12601 0 216
95 0.000000 0.185833 12706 0 223
96 0.000000 0.190833 12559 0 229
97 0.000000 0.207500 10862 0 249
98 0.000000 0.222500 11158 0 267
99 0.000000 0.234167 12037 0 281
100 0.000000 0.239167 12181 0 287
101 0.000000 0.252500 11689 0 303
102 0.000000 0.260833 11338 0 313
103 0.000000 0.264167 11322 0 317
104 0.000000 0.284167 11650 0 341
105 0.000000 0.293333 12627 0 352
106 0.000000 0.300833 11971 0 361
107 0.000000 0.305833 11555 0 367
108 0.000000 0.315833 12890 0 379
109 0.000000 0.330833 10830 0 397
110 0.000000 0.340000 12637 0 408
111 0.000000 0.350833 11758 0 421
112 0.000000 0.353333 11666 0 424
113 0.000000 0.357500 11578 0 429
114 0.000000 0.380833 10442 0 457
115 0.000000 0.384167 10793 0 461
116 0.000000 0.391667 11315 0 470
117 0.000000 0.402500 10419 0 483
118 0.000000 0.435833 8585 0 523
119 0.000000 0.444167 8297 0 533
120 0.000000 0.453333 8156 0 544
121 0.000000 0.458333 8208 0 550
122 0.000000 0.465833 8149 0 559
123 0.000000 0.481667 8054 0 578
124 0.000000 0.488333 7975 0 586
125 0.000000 0.503333 8612 0 604
126 0.000000 0.524167 7381 0 629
127 0.000000 0.534167 7749 0 641
128 0.000000 0.537500 7824 0 645
129 0.000000 0.539167 7716 0 647
130 0.006667 0.539167 7746 8 647
131 0.010833 0.539167 7673 13 647
132 0.022500 0.539167 6738 27 647
133 0.037500 0.539167 7378 45 647
134 0.044167 0.539167 7949 53 647
135 0.050833 0.539167 8202 61 647
136 0.054167 0.539167 8087 65 647
137 0.066667 0.539167 8717 80 647
138 0.069167 0.539167 8658 83 647
139 0.085000 0.539167 9432 102 647
140 0.095000 0.539167 8303 114 647
141 0.105833 0.539167 9445 127 647
142 0.115833 0.539167 10029 139 647
143 0.120000 0.539167 9990 144 647
144 0.121667 0.539167 9990 146 647
145 0.130000 0.539167 10157 156 647
146 0.139167 0.539167 9599 167 647
147 0.146667 0.539167 9366 176 647
148 0.153333 0.539167 8615 184 647
149 0.159167 0.539167 9176 191 647
150 0.163333 0.539167 9307 196 647
151 0.173333 0.539167 8940 208 647
152 0.190000 0.539167 10259 228 647
153 0.195000 0.539167 10154 234 647
154 0.204167 0.539167 9265 245 647
155 0.213333 0.539167 9320 256 647
156 0.219167 0.539167 8894 263 647
157 0.222500 0.539167 8805 267 647
158 0.226667 0.539167 8608 272 647
159 0.232500 0.539167 8297 279 647
160 0.236667 0.539167 8454 284 647
161 0.238333 0.539167 8458 286 647
162 0.242500 0.539167 8192 291 647
163 0.250833 0.539167 8772 301 647
164 0.260833 0.539167 8710 313 647
165 0.270000 0.539167 8802 324 647
166 0.274167 0.539167 8799 329 647
167 0.299167 0.539167 9022 359 647
168 0.305833 0.539167 9101 367 647
169 0.315000 0.539167 9343 378 647
170 0.316667 0.539167 9347 380 647
171 0.319167 0.539167 9271 383 647
172 0.324167 0.539167 9268 389 647
173 0.326667 0.539167 9288 392 647
174 0.335000 0.539167 9278 402 647
175 0.342500 0.539167 9258 411 647
176 0.347500 0.539167 9229 417 647
177 0.354167 0.539167 9265 425 647
178 0.370833 0.539167 10652 445 647
179 0.390000 0.539167 11725 468 647
180 0.418333 0.539167 12293 502 647
181 0.425833 0.539167 11594 511 647
182 0.430833 0.539167 11427 517 647
183 0.452500 0.539167 11453 543 647
184 0.474167 0.539167 12949 569 647
185 0.480000 0.539167 11998 576 647
186 0.499167 0.539167 11246 599 647
187 0.506667 0.539167 11207 608 647
188 0.519167 0.539167 10892 623 647
189 0.525000 0.539167 10613 630 647
190 0.527500 0.539167 10544 633 647
191 0.534167 0.539167 10400 641 647
Edges 629
1 54 36
2 1 1
3 2 2
4 37 3
5 4 4
6 5 5
7 8 6
8 9 7
9 48 39
10 9 8
11 10 9
12 11 10
13 14 11
14 15 12
15 16 13
16 17 14
17 40 32
18 19 15
19 20 16
20 21 17
21 22 18
22 23 19
23 24 20
24 25 21
25 26 30
26 27 22
27 28 23
28 29 24
29 30 25
30 31 26
31 32 27
32 45 28
33 45 33
34 33 31
35 44 29
36 33 35
37 39 34
38 42 38
39 38 37
40 51 43
41 46 41
42 52 44
43 46 40
44 41 42
45 56 46
46 55 49
47 63 48
48 65 58
49 53 47
50 78 52
51 58 51
52 54 50
53 78 53
54 64 60
55 57 54
56 43 45
57 66 59
58 71 61
59 51 55
60 78 62
61 56 57
62 52 56
63 67 63
64 79 67
65 69 64
66 72 66
67 69 73
68 77 68
69 85 80
70 63 65
71 84 71
72 74 70
73 71 69
74 87 76
75 69 72
76 81 79
77 90 74
78 92 85
79 83 75
80 121 109
81 78 78
82 71 77
83 91 84
84 90 81
85 114 94
86 90 82
87 88 83
88 99 86
89 125 87
90 97 88
91 103 93
92 117 113
93 147 92
94 80 90
95 108 95
96 95 91
97 120 112
98 90 89
99 104 96
100 109 101
101 100 97
102 111 103
103 125 117
104 119 110
105 99 100
106 101 98
107 98 99
108 106 102
109 116 105
110 107 107
111 118 111
112 106 104
113 108 106
114 123 116
115 147 114
116 126 121
117 142 123
118 113 115
119 102 108
120 131 129
121 145 130
122 118 118
123 131 122
124 150 127
125 153 125
126 133 128
127 119 120
128 116 119
129 127 126
130 144 137
131 138 135
132 142 136
133 130 133
134 122 124
135 158 132
136 139 134
137 127 131
138 154 146
139 140 139
140 161 143
141 133 138
142 156 149
143 154 142
144 162 156
145 149 145
146 134 141
147 169 151
148 146 144
149 187 164
150 165 152
151 137 148
152 137 140
153 187 155
154 160 162
155 141 147
156 173 161
157 169 159
158 144 150
159 155 154
160 156 153
161 176 165
162 177 163
163 148 157
164 157 158
165 190 181
166 197 169
167 159 160
168 174 166
169 175 168
170 154 167
171 174 172
172 167 170
173 180 177
174 189 175
175 171 171
176 173 174
177 203 185
178 192 182
179 170 173
180 181 178
181 193 184
182 177 179
183 176 176
184 182 183
185 188 186
186 175 180
187 195 187
188 196 188
189 190 194
190 197 189
191 192 192
192 202 199
193 248 245
194 196 193
195 201 198
196 208 205
197 213 203
198 191 195
199 202 200
200 184 191
201 229 222
202 210 206
203 198 201
204 183 197
205 182 196
206 189 202
207 220 209
208 215 212
209 208 210
210 256 227
211 217 214
212 203 208
213 211 211
214 199 207
215 230 219
216 200 204
217 183 190
218 245 231
219 212 216
220 227 225
221 222 223
222 214 217
223 210 218
224 207 215
225 206 213
226 217 221
227 252 236
228 249 244
229 228 226
230 206 220
231 219 228
232 248 240
233 222 232
234 237 242
235 238 246
236 193 233
237 224 230
238 226 239
239 234 243
240 230 238
241 235 237
242 216 229
243 239 249
244 225 235
245 280 260
246 238 247
247 221 241
248 273 264
249 254 252
250 242 248
251 255 253
252 216 224
253 269 255
254 260 259
255 240 251
256 271 265
257 273 268
258 244 250
259 247 257
260 251 256
261 246 254
262 250 258
263 220 234
264 258 263
265 239 262
266 255 267
267 283 280
268 263 269
269 286 285
270 273 274
271 318 308
272 260 266
273 279 275
274 247 261
275 274 277
276 262 271
277 280 282
278 266 273
279 284 281
280 274 276
281 275 279
282 269 283
283 261 278
284 298 295
285 252 272
286 297 289
287 261 284
288 272 287
289 267 291
290 278 288
291 264 270
292 283 290
293 275 286
294 292 294
295 271 296
296 295 304
297 272 299
298 277 292
299 290 298
300 271 301
301 292 305
302 273 297
303 274 293
304 282 307
305 293 303
306 296 302
307 299 306
308 300 310
309 307 311
310 305 313
311 291 309
312 304 316
313 301 312
314 294 314
315 298 315
316 288 300
317 309 317
318 326 324
319 312 320
320 315 318
321 302 319
322 298 321
323 316 322
324 320 323
325 316 327
326 329 332
327 317 325
328 322 328
329 342 341
330 329 330
331 311 326
332 321 334
333 324 335
334 323 329
335 317 336
336 338 339
337 344 342
338 326 337
339 321 333
340 333 338
341 325 331
342 379 361
343 330 340
344 370 364
345 324 343
346 334 345
347 343 347
348 341 346
349 331 344
350 345 348
351 355 350
352 357 355
353 347 349
354 374 352
355 370 366
356 374 353
357 368 367
358 351 359
359 353 360
360 344 356
361 348 357
362 349 358
363 348 365
364 366 369
365 374 354
366 359 363
367 357 362
368 346 351
369 363 371
370 380 378
371 339 370
372 367 373
373 370 372
374 358 368
375 368 377
376 362 374
377 375 379
378 369 376
379 393 387
380 390 386
381 375 381
382 339 375
383 378 382
384 377 384
385 380 385
386 376 383
387 372 380
388 383 388
389 396 392
390 400 394
391 388 391
392 381 389
393 404 398
394 402 401
395 384 390
396 405 400
397 388 396
398 387 395
399 413 403
400 412 404
401 392 397
402 399 402
403 394 393
404 411 407
405 409 406
406 395 405
407 426 421
408 397 399
409 411 408
410 417 409
411 418 417
412 420 412
413 422 415
414 408 411
415 412 413
416 401 410
417 407 416
418 423 422
419 426 425
420 448 434
421 415 419
422 410 420
423 429 426
424 414 418
425 403 414
426 435 430
427 441 429
428 424 427
429 430 424
430 420 428
431 418 423
432 416 432
433 431 436
434 422 435
435 440 439
436 430 433
437 434 438
438 428 431
439 433 437
440 439 440
441 451 445
442 406 441
443 440 444
444 442 448
445 432 447
446 429 442
447 436 450
448 466 454
449 450 452
450 435 446
451 459 455
452 425 443
453 386 451
454 452 460
455 443 449
456 446 453
457 450 457
458 447 458
459 466 466
460 438 456
461 457 461
462 455 459
463 460 462
464 461 464
465 458 463
466 510 510
467 463 467
468 462 469
469 456 465
470 467 471
471 465 468
472 468 473
473 453 470
474 468 474
475 487 482
476 469 475
477 471 477
478 444 476
479 406 472
480 444 480
481 442 478
482 472 479
483 474 481
484 489 488
485 482 483
486 493 495
487 490 489
488 481 485
489 487 486
490 485 490
491 467 487
492 479 491
493 489 496
494 486 494
495 479 484
496 466 498
497 476 492
498 476 493
499 485 497
500 513 504
501 521 503
502 494 502
503 496 501
504 492 499
505 491 505
506 504 509
507 491 508
508 491 507
509 499 506
510 518 517
511 531 516
512 483 500
513 503 511
514 505 515
515 504 512
516 509 513
517 497 514
518 535 527
519 513 520
520 514 518
521 528 524
522 526 525
523 516 522
524 515 519
525 506 521
526 531 528
527 520 523
528 537 530
529 525 526
530 533 531
531 534 536
532 544 534
533 510 529
534 532 540
535 542 538
536 527 533
537 570 539
538 508 532
539 538 541
540 517 537
541 530 542
542 551 549
543 534 545
544 547 547
545 506 535
546 508 543
547 523 544
548 536 546
549 544 548
550 548 551
551 555 556
552 543 555
553 547 550
554 547 554
555 571 565
556 565 568
557 556 559
558 566 566
559 545 552
560 575 564
561 572 571
562 550 553
563 557 558
564 580 562
565 555 560
566 570 569
567 552 563
568 552 572
569 553 567
570 590 581
571 558 561
572 605 577
573 569 573
574 570 574
575 536 557
576 570 576
577 565 575
578 576 578
579 549 570
580 563 582
581 586 583
582 569 580
583 565 579
584 579 586
585 571 585
586 587 589
587 626 603
588 552 584
589 583 587
590 587 588
591 588 590
592 575 593
593 584 591
594 596 598
595 605 600
596 577 592
597 598 605
598 599 599
599 600 606
600 601 607
601 602 608
602 603 609
603 604 610
604 595 611
605 606 612
606 607 613
607 608 614
608 591 594
609 552 601
610 593 615
611 554 597
612 613 602
613 614 616
614 615 617
615 616 618
616 617 619
617 618 620
618 619 621
619 620 622
620 621 623
621 622 624
622 623 625
623 624 626
624 589 596
625 590 595
626 627 627
628 627 628
629 628 629
630 629 604
RunoffEdges 191
1 0
2 1
3 2
42 3
38 4
37 5
4 6
5 7
6 8
60 9
7 10
7 11
8 12
9 13
10 14
11 15
12 16
12 17
12 18
13 19
14 20
15 21
16 22
17 23
40 24
40 25
18 26
19 27
20 28
21 29
22 30
23 31
24 32
25 33
26 34
27 35
28 36
29 37
30 38
31 39
32 40
33 41
33 42
34 43
41 44
41 45
35 46
44 47
44 48
66 49
72 50
74 51
105 52
137 53
152 54
152 55
243 56
265 57
265 58
265 59
265 60
265 61
265 62
356 63
365 64
374 65
374 66
374 67
374 68
374 69
374 70
374 71
501 72
521 73
521 74
528 75
537 76
570 77
578 78
581 79
586 80
587 81
630 82
54 83
54 84
64 85
79 86
83 87
91 88
103 89
153 90
153 91
187 92
187 93
195 94
201 95
229 96
253 97
269 98
282 99
304 100
312 101
319 102
348 103
348 104
363 105
369 106
378 107
397 108
408 109
424 110
428 111
438 112
460 113
463 114
467 115
467 116
505 117
514 118
520 119
527 120
536 121
548 122
550 123
562 124
592 125
592 126
592 127
592 128
592 129
575 130
575 131
597 132
598 133
599 134
600 135
601 136
602 137
603 138
604 139
595 140
605 141
606 142
607 143
608 144
608 145
591 146
591 147
588 148
588 149
609 150
610 151
593 152
593 153
579 154
579 155
579 156
579 157
579 158
579 159
579 160
579 161
611 162
582 163
582 164
582 165
612 166
613 167
614 168
615 169
616 170
617 171
618 172
619 173
620 174
621 175
622 176
623 177
624 178
596 179
594 180
594 181
585 182
625 183
625 184
587 185
587 186
626 187
627 188
628 189
629 190
