Peaks 483
1 0.015000 0.000000 3054 18 0
2 0.018333 0.000000 3070 22 0
3 0.020833 0.000000 3070 25 0
4 0.022500 0.000000 3070 27 0
5 0.030000 0.000000 3395 36 0
6 0.040000 0.000000 3057 48 0
7 0.048333 0.000000 3149 58 0
8 0.061667 0.000000 3188 74 0
9 0.075833 0.000000 3152 91 0
10 0.099167 0.000000 3336 119 0
11 0.125000 0.000000 3113 150 0
12 0.167500 0.000000 3267 201 0
13 0.189167 0.000000 3034 227 0
14 0.193333 0.000000 3064 232 0
15 0.203333 0.000000 3280 244 0
16 0.221667 0.000000 3044 266 0
17 0.228333 0.000000 3175 274 0
18 0.235833 0.000000 3152 283 0
19 0.237500 0.000000 3159 285 0
20 0.262500 0.000000 3133 315 0
21 0.286667 0.000000 3156 344 0
22 0.295000 0.000000 3103 354 0
23 0.303333 0.000000 3116 364 0
24 0.313333 0.000000 3162 376 0
25 0.318333 0.000000 3156 382 0
26 0.320000 0.000000 3156 384 0
27 0.341667 0.000000 3185 410 0
28 0.357500 0.000000 3051 429 0
29 0.373333 0.000000 3290 448 0
30 0.375000 0.000000 3284 450 0
31 0.398333 0.000000 3041 478 0
32 0.412500 0.000000 3257 495 0
33 0.438333 0.000000 3362 526 0
34 0.460833 0.000000 2965 553 0
35 0.465000 0.000000 2949 558 0
36 0.467500 0.000000 2946 561 0
37 0.487500 0.000000 3330 585 0
38 0.499167 0.000000 2952 599 0
39 0.506667 0.000000 2952 608 0
40 0.534167 0.000000 2956 641 0
41 0.536667 0.000000 2939 644 0
42 0.539167 0.000000 2933 647 0
43 0.153333 0.000833 3067 184 1
44 0.456667 0.000833 2962 548 1
45 0.511667 0.000833 2946 614 1
46 0.078333 0.001667 3159 94 2
47 0.170833 0.001667 3274 205 2
48 0.244167 0.001667 3303 293 2
49 0.280833 0.001667 3241 337 2
50 0.350833 0.002500 3162 421 3
51 0.464167 0.002500 2949 557 3
52 0.410833 0.003333 3277 493 4
53 0.538333 0.003333 2942 646 4
54 0.080000 0.005000 3156 96 6
55 0.000833 0.005833 3362 1 7
56 0.070000 0.006667 3208 84 8
57 0.137500 0.006667 3313 165 8
58 0.064167 0.007500 3244 77 9
59 0.089167 0.009167 3182 107 11
60 0.274167 0.013333 3333 329 16
61 0.410000 0.013333 3336 492 16
62 0.476667 0.014167 3412 572 17
63 0.538333 0.018333 2926 646 22
64 0.068333 0.019167 3346 82 23
65 0.045833 0.020000 3316 55 24
66 0.539167 0.020833 2926 647 25
67 0.000000 0.022500 3126 0 27
68 0.105000 0.022500 3408 126 27
69 0.539167 0.023333 2926 647 28
70 0.536667 0.024167 2942 644 29
71 0.336667 0.025000 3339 404 30
72 0.000000 0.025833 3133 0 31
73 0.129167 0.026667 3287 155 32
74 0.539167 0.029167 2923 647 35
75 0.379167 0.031667 3382 455 38
76 0.513333 0.031667 3366 616 38
77 0.539167 0.032500 2916 647 39
78 0.417500 0.035833 3402 501 43
79 0.151667 0.036667 3382 182 44
80 0.182500 0.037500 3333 219 45
81 0.030000 0.038333 3415 36 46
82 0.000000 0.040000 3254 0 48
83 0.268333 0.040000 3356 322 48
84 0.536667 0.044167 2923 644 53
85 0.539167 0.045833 2906 647 55
86 0.000000 0.046667 3228 0 56
87 0.297500 0.049167 3392 357 59
88 0.145000 0.050000 3234 174 60
89 0.538333 0.050000 2916 646 60
90 0.000000 0.051667 3248 0 62
91 0.538333 0.053333 2913 646 64
92 0.000000 0.055833 3293 0 67
93 0.207500 0.058333 3412 249 70
94 0.081667 0.060833 3385 98 73
95 0.502500 0.067500 3310 603 81
96 0.450833 0.070000 3369 541 84
97 0.026667 0.072500 3389 32 87
98 0.062500 0.075000 3395 75 90
99 0.132500 0.075000 3362 159 90
100 0.168333 0.075000 3349 202 90
101 0.486667 0.076667 3310 584 92
102 0.539167 0.080833 3231 647 97
103 0.329167 0.083333 3356 395 100
104 0.245833 0.084167 3402 295 101
105 0.098333 0.088333 3398 118 106
106 0.005000 0.090000 3379 6 108
107 0.125833 0.093333 3359 151 112
108 0.539167 0.093333 2890 647 112
109 0.539167 0.096667 2893 647 116
110 0.521667 0.101667 3316 626 122
111 0.277500 0.102500 3375 333 123
112 0.445000 0.103333 3211 534 124
113 0.346667 0.105000 3412 416 126
114 0.419167 0.107500 3346 503 129
115 0.539167 0.108333 3051 647 130
116 0.308333 0.109167 3408 370 131
117 0.256667 0.114167 3277 308 137
118 0.136667 0.115000 3346 164 138
119 0.157500 0.116667 3349 189 140
120 0.189167 0.116667 3356 227 140
121 0.382500 0.116667 3428 459 140
122 0.539167 0.117500 3110 647 141
123 0.505000 0.119167 3346 606 143
124 0.045833 0.120833 3382 55 145
125 0.475833 0.120833 3041 571 145
126 0.025833 0.123333 3313 31 148
127 0.000000 0.124167 2998 0 149
128 0.001667 0.125000 2995 2 150
129 0.114167 0.126667 3346 137 152
130 0.223333 0.129167 3402 268 155
131 0.536667 0.130000 3349 644 156
132 0.000000 0.130833 2998 0 157
133 0.410000 0.130833 3339 492 157
134 0.000833 0.134167 2992 1 161
135 0.251667 0.135000 3428 302 162
136 0.391667 0.136667 3143 470 164
137 0.402500 0.138333 3221 483 166
138 0.010833 0.140000 3375 13 168
139 0.490833 0.140000 3330 589 168
140 0.153333 0.140833 3280 184 169
141 0.105833 0.143333 3349 127 172
142 0.324167 0.146667 3336 389 176
143 0.393333 0.147500 3375 472 177
144 0.195833 0.150000 3375 235 180
145 0.030833 0.151667 3398 37 182
146 0.135000 0.154167 3316 162 185
147 0.292500 0.154167 3418 351 185
148 0.456667 0.155833 3339 548 187
149 0.000000 0.156667 3412 0 188
150 0.000000 0.160000 3418 0 192
151 0.000000 0.162500 3395 0 195
152 0.100000 0.163333 3234 120 196
153 0.529167 0.163333 3297 635 196
154 0.426667 0.165000 3326 512 198
155 0.172500 0.167500 3323 207 201
156 0.359167 0.168333 3392 431 202
157 0.068333 0.170833 3448 82 205
158 0.231667 0.173333 3339 278 208
159 0.120000 0.174167 3366 144 209
160 0.481667 0.176667 3333 578 212
161 0.255000 0.180833 3293 306 217
162 0.205000 0.183333 3353 246 220
163 0.058333 0.185000 3330 70 222
164 0.539167 0.185833 3097 647 223
165 0.539167 0.190833 3139 647 229
166 0.167500 0.191667 3254 201 230
167 0.106667 0.193333 3356 128 232
168 0.000833 0.194167 3300 1 233
169 0.417500 0.194167 3257 501 233
170 0.245000 0.195833 3356 294 235
171 0.459167 0.196667 3244 551 236
172 0.081667 0.199167 3261 98 239
173 0.192500 0.199167 3330 231 239
174 0.004167 0.200833 3385 5 241
175 0.385000 0.200833 3238 462 241
176 0.508333 0.200833 3326 610 241
177 0.277500 0.202500 3353 333 243
178 0.457500 0.202500 3136 549 243
179 0.341667 0.203333 3205 410 244
180 0.029167 0.204167 3284 35 245
181 0.141667 0.206667 3389 170 248
182 0.335833 0.206667 3343 403 248
183 0.539167 0.206667 3195 647 248
184 0.231667 0.207500 3254 278 249
185 0.452500 0.207500 3254 543 249
186 0.095833 0.208333 3221 115 250
187 0.539167 0.208333 3192 647 250
188 0.424167 0.210000 3234 509 252
189 0.051667 0.211667 3254 62 254
190 0.474167 0.213333 3261 569 256
191 0.539167 0.213333 3188 647 256
192 0.175000 0.215833 3339 210 259
193 0.539167 0.215833 3202 647 259
194 0.065000 0.216667 3225 78 260
195 0.497500 0.218333 3143 597 262
196 0.539167 0.218333 3185 647 262
197 0.119167 0.220000 3274 143 264
198 0.214167 0.220833 3326 257 265
199 0.098333 0.222500 3330 118 267
200 0.441667 0.222500 3133 530 267
201 0.000000 0.223333 3185 0 268
202 0.142500 0.227500 3231 171 273
203 0.363333 0.227500 3333 436 273
204 0.511667 0.227500 3195 614 273
205 0.130000 0.230000 3300 156 276
206 0.435000 0.233333 3159 522 280
207 0.074167 0.234167 3287 89 281
208 0.535833 0.235833 3211 643 283
209 0.000000 0.237500 3241 0 285
210 0.488333 0.237500 3103 586 285
211 0.302500 0.238333 3215 363 286
212 0.044167 0.239167 3323 53 287
213 0.000000 0.240000 3231 0 288
214 0.539167 0.244167 3113 647 293
215 0.351667 0.245833 3175 422 295
216 0.407500 0.245833 3346 489 295
217 0.000000 0.249167 3175 0 299
218 0.031667 0.250000 3264 38 300
219 0.165833 0.250833 3297 199 301
220 0.115833 0.251667 3323 139 302
221 0.539167 0.254167 3087 647 305
222 0.471667 0.258333 3293 566 310
223 0.238333 0.259167 3448 286 311
224 0.537500 0.261667 3139 645 314
225 0.000000 0.262500 2962 0 315
226 0.358333 0.264167 3228 430 317
227 0.149167 0.266667 3290 179 320
228 0.298333 0.266667 3379 358 320
229 0.380833 0.266667 3323 457 320
230 0.000000 0.268333 2956 0 322
231 0.177500 0.268333 3343 213 322
232 0.088333 0.270000 3225 106 324
233 0.270000 0.270000 3428 324 324
234 0.333333 0.270833 3375 400 325
235 0.508333 0.271667 3264 610 326
236 0.107500 0.273333 3284 129 328
237 0.414167 0.273333 3343 497 328
238 0.000000 0.274167 3018 0 329
239 0.539167 0.274167 3064 647 329
240 0.160000 0.275000 3251 192 330
241 0.206667 0.276667 3293 248 332
242 0.539167 0.277500 3074 647 333
243 0.092500 0.280833 3162 111 337
244 0.027500 0.284167 3244 33 341
245 0.213333 0.285000 3218 256 342
246 0.110000 0.285833 3287 132 343
247 0.137500 0.288333 3412 165 346
248 0.173333 0.291667 3293 208 350
249 0.538333 0.291667 3008 646 350
250 0.468333 0.292500 3051 562 351
251 0.001667 0.293333 3398 2 352
252 0.488333 0.295000 3264 586 354
253 0.228333 0.298333 3349 274 358
254 0.538333 0.300000 2900 646 360
255 0.127500 0.301667 3316 153 362
256 0.175833 0.301667 3287 211 362
257 0.445833 0.301667 3313 535 362
258 0.047500 0.302500 3372 57 363
259 0.539167 0.305000 2831 647 366
260 0.070833 0.309167 3418 85 371
261 0.198333 0.310000 3323 238 372
262 0.000000 0.310833 2942 0 373
263 0.105000 0.312500 3323 126 375
264 0.283333 0.312500 3389 340 375
265 0.376667 0.312500 3333 452 375
266 0.539167 0.312500 2828 647 375
267 0.000000 0.315000 3051 0 378
268 0.136667 0.315000 3179 164 378
269 0.000000 0.322500 2956 0 387
270 0.041667 0.327500 3421 50 393
271 0.016667 0.328333 3362 20 394
272 0.470833 0.328333 3225 565 394
273 0.495833 0.328333 3215 595 394
274 0.115000 0.333333 3320 138 400
275 0.255000 0.333333 3284 306 400
276 0.000000 0.334167 2975 0 401
277 0.316667 0.335000 3346 380 402
278 0.195000 0.335833 3231 234 403
279 0.093333 0.338333 3231 112 406
280 0.538333 0.339167 2821 646 407
281 0.406667 0.340833 3389 488 409
282 0.225000 0.341667 3202 270 410
283 0.523333 0.341667 3300 628 410
284 0.201667 0.344167 3195 242 413
285 0.505000 0.346667 3238 606 416
286 0.048333 0.348333 3359 58 418
287 0.152500 0.350000 3313 183 420
288 0.263333 0.350833 3264 316 421
289 0.437500 0.351667 3343 525 422
290 0.480000 0.352500 3320 576 423
291 0.000000 0.353333 3366 0 424
292 0.243333 0.354167 3287 292 425
293 0.352500 0.354167 3297 423 425
294 0.122500 0.355000 3274 147 426
295 0.287500 0.357500 3218 345 429
296 0.053333 0.359167 3336 64 431
297 0.077500 0.359167 3369 93 431
298 0.240833 0.360833 3169 289 433
299 0.157500 0.362500 3310 189 435
300 0.099167 0.365000 3264 119 438
301 0.390000 0.365000 3267 468 438
302 0.275833 0.366667 3248 331 440
303 0.000000 0.368333 3287 0 442
304 0.216667 0.368333 3287 260 442
305 0.317500 0.369167 3300 381 443
306 0.000000 0.370000 3287 0 444
307 0.302500 0.372500 3175 363 447
308 0.000000 0.374167 3395 0 449
309 0.028333 0.374167 3372 34 449
310 0.193333 0.374167 3307 232 449
311 0.240833 0.376667 3326 289 452
312 0.444167 0.376667 3097 533 452
313 0.477500 0.379167 3320 573 455
314 0.079167 0.384167 3405 95 461
315 0.420833 0.388333 3241 505 466
316 0.539167 0.390000 2811 647 468
317 0.364167 0.394167 3274 437 473
318 0.444167 0.394167 3277 533 473
319 0.538333 0.395000 2814 646 474
320 0.051667 0.396667 3349 62 476
321 0.517500 0.396667 3293 621 476
322 0.539167 0.396667 2811 647 476
323 0.000833 0.398333 2919 1 478
324 0.390833 0.398333 3152 469 478
325 0.486667 0.398333 3307 584 478
326 0.325833 0.400000 3349 391 480
327 0.120000 0.400833 3369 144 481
328 0.000000 0.402500 2913 0 483
329 0.170833 0.402500 3264 205 483
330 0.539167 0.402500 2811 647 483
331 0.010833 0.405000 3395 13 486
332 0.240833 0.405000 3257 289 486
333 0.357500 0.405000 3188 429 486
334 0.539167 0.406667 2864 647 488
335 0.539167 0.408333 2864 647 490
336 0.539167 0.411667 2893 647 494
337 0.197500 0.413333 3218 237 496
338 0.381667 0.414167 3231 458 497
339 0.539167 0.414167 2887 647 497
340 0.404167 0.415833 3241 485 499
341 0.018333 0.419167 3359 22 503
342 0.441667 0.419167 3143 530 503
343 0.159167 0.420000 3307 191 504
344 0.264167 0.420000 3254 317 504
345 0.224167 0.420833 3333 269 505
346 0.539167 0.420833 2860 647 505
347 0.107500 0.421667 3133 129 506
348 0.468333 0.421667 3139 562 506
349 0.050000 0.423333 3402 60 508
350 0.299167 0.423333 3359 359 508
351 0.092500 0.425000 3326 111 510
352 0.321667 0.427500 3339 386 513
353 0.119167 0.429167 3120 143 515
354 0.187500 0.429167 3290 225 515
355 0.377500 0.429167 3041 453 515
356 0.000000 0.430000 2913 0 516
357 0.539167 0.430000 3215 647 516
358 0.460000 0.431667 3228 552 518
359 0.000000 0.433333 2910 0 520
360 0.430833 0.433333 3202 517 520
361 0.539167 0.434167 3270 647 521
362 0.539167 0.437500 3254 647 525
363 0.000000 0.438333 2913 0 526
364 0.212500 0.438333 3277 255 526
365 0.086667 0.439167 3297 104 527
366 0.141667 0.439167 3320 170 527
367 0.502500 0.440000 3254 603 528
368 0.006667 0.440833 2910 8 529
369 0.021667 0.440833 3441 26 529
370 0.380000 0.441667 3310 456 530
371 0.466667 0.441667 3156 560 530
372 0.003333 0.443333 2919 4 532
373 0.000000 0.444167 2913 0 533
374 0.242500 0.446667 3313 291 536
375 0.000000 0.447500 2913 0 537
376 0.223333 0.449167 3310 268 539
377 0.278333 0.450833 3369 334 541
378 0.443333 0.451667 3202 532 542
379 0.410000 0.452500 3274 492 543
380 0.539167 0.454167 2814 647 545
381 0.116667 0.455833 3211 140 547
382 0.186667 0.458333 3172 224 550
383 0.468333 0.458333 3231 562 550
384 0.538333 0.458333 2821 646 550
385 0.000000 0.459167 3067 0 551
386 0.000000 0.460833 3077 0 553
387 0.161667 0.461667 3359 194 554
388 0.539167 0.464167 2837 647 557
389 0.425833 0.465000 3175 511 558
390 0.263333 0.466667 3198 316 560
391 0.311667 0.466667 3231 374 560
392 0.000833 0.467500 3205 1 561
393 0.199167 0.467500 3326 239 561
394 0.105833 0.469167 3310 127 563
395 0.071667 0.474167 3215 86 569
396 0.009167 0.475000 3385 11 570
397 0.353333 0.476667 3349 424 572
398 0.539167 0.478333 3133 647 574
399 0.486667 0.480000 3208 584 576
400 0.000000 0.480833 2906 0 577
401 0.239167 0.481667 3290 287 578
402 0.145833 0.482500 3372 175 579
403 0.282500 0.484167 3211 339 581
404 0.000000 0.485000 2913 0 582
405 0.043333 0.485833 3428 52 583
406 0.175000 0.486667 3343 210 584
407 0.518333 0.486667 3300 622 584
408 0.433333 0.488333 3257 520 586
409 0.539167 0.488333 2818 647 586
410 0.497500 0.490833 3008 597 589
411 0.099167 0.493333 3064 119 592
412 0.390833 0.494167 3353 469 593
413 0.000000 0.495000 3218 0 594
414 0.079167 0.495000 3362 95 594
415 0.539167 0.496667 2808 647 596
416 0.000000 0.499167 3287 0 599
417 0.195000 0.500000 3293 234 600
418 0.230000 0.500000 3261 276 600
419 0.000000 0.502500 3290 0 603
420 0.444167 0.503333 3225 533 604
421 0.306667 0.504167 3326 368 605
422 0.365833 0.505833 3336 439 607
423 0.000000 0.506667 3248 0 608
424 0.177500 0.507500 3297 213 609
425 0.424167 0.508333 3175 509 610
426 0.038333 0.512500 3300 46 615
427 0.113333 0.514167 3339 136 617
428 0.495833 0.515833 3254 595 619
429 0.137500 0.517500 3234 165 621
430 0.537500 0.517500 3110 645 621
431 0.340833 0.518333 3280 409 622
432 0.000000 0.520833 3425 0 625
433 0.438333 0.520833 3234 526 625
434 0.199167 0.521667 3339 239 626
435 0.087500 0.522500 3415 105 627
436 0.521667 0.522500 3248 626 627
437 0.164167 0.523333 3323 197 628
438 0.000000 0.524167 3418 0 629
439 0.539167 0.526667 2808 647 632
440 0.000000 0.530833 3330 0 637
441 0.053333 0.532500 3175 64 639
442 0.216667 0.532500 3264 260 639
443 0.030833 0.533333 3333 37 640
444 0.000833 0.535000 3346 1 642
445 0.151667 0.535000 3264 182 642
446 0.080000 0.535833 2887 96 643
447 0.442500 0.535833 3257 531 643
448 0.349167 0.536667 2841 419 644
449 0.097500 0.537500 3303 117 645
450 0.306667 0.537500 3297 368 645
451 0.335000 0.537500 3185 402 645
452 0.005000 0.538333 3297 6 646
453 0.066667 0.538333 3316 80 646
454 0.145000 0.538333 3129 174 646
455 0.240833 0.538333 2867 289 646
456 0.322500 0.538333 2851 387 646
457 0.389167 0.538333 2933 467 646
458 0.405833 0.538333 3287 487 646
459 0.425000 0.538333 2841 510 646
460 0.475833 0.538333 3264 571 646
461 0.505000 0.538333 3198 606 646
462 0.532500 0.538333 3156 639 646
463 0.020833 0.539167 2893 25 647
464 0.025000 0.539167 2893 30 647
465 0.080000 0.539167 2890 96 647
466 0.102500 0.539167 3179 123 647
467 0.123333 0.539167 3320 148 647
468 0.178333 0.539167 3208 214 647
469 0.199167 0.539167 3248 239 647
470 0.246667 0.539167 3330 296 647
471 0.263333 0.539167 2857 316 647
472 0.267500 0.539167 2857 321 647
473 0.280833 0.539167 3293 337 647
474 0.336667 0.539167 3169 404 647
475 0.360833 0.539167 3287 433 647
476 0.380833 0.539167 2831 457 647
477 0.393333 0.539167 2906 472 647
478 0.400000 0.539167 2962 480 647
479 0.465000 0.539167 2847 558 647
480 0.480833 0.539167 3182 577 647
481 0.494167 0.539167 2814 593 647
482 0.520000 0.539167 2903 624 647
483 0.539167 0.539167 2992 647 647
PromSaddles 482
1 0.015833 0.000000 3051 19 0
2 0.019167 0.000000 3067 23 0
3 0.021667 0.000000 3064 26 0
4 0.025000 0.000000 3054 30 0
5 0.040833 0.000000 3054 49 0
6 0.049167 0.000000 3146 59 0
7 0.075000 0.000000 3149 90 0
8 0.151667 0.000000 3054 182 0
9 0.168333 0.000000 3264 202 0
10 0.194167 0.000000 3047 233 0
11 0.224167 0.000000 3038 269 0
12 0.233333 0.000000 3100 280 0
13 0.236667 0.000000 3149 284 0
14 0.240000 0.000000 3129 288 0
15 0.285833 0.000000 3149 343 0
16 0.293333 0.000000 3100 352 0
17 0.300000 0.000000 3080 360 0
18 0.313333 0.000833 3159 376 1
19 0.317500 0.000000 3152 381 0
20 0.319167 0.000833 3152 383 1
21 0.345833 0.000000 3146 415 0
22 0.374167 0.000000 3280 449 0
23 0.399167 0.000000 3021 479 0
24 0.411667 0.000833 3244 494 1
25 0.459167 0.000000 2952 551 0
26 0.462500 0.000833 2946 555 1
27 0.466667 0.000000 2942 560 0
28 0.465000 0.001667 2942 558 2
29 0.486667 0.000000 3307 584 0
30 0.497500 0.000000 2946 597 0
31 0.532500 0.000000 2936 639 0
32 0.535833 0.000000 2933 643 0
33 0.060833 0.000833 3182 73 1
34 0.079167 0.001667 3146 95 2
35 0.265000 0.000833 3080 318 1
36 0.356667 0.000833 3047 428 1
37 0.505000 0.000833 2933 606 1
38 0.538333 0.000833 2926 646 1
39 0.123333 0.001667 3090 148 2
40 0.187500 0.001667 3031 225 2
41 0.280000 0.001667 3231 336 2
42 0.455000 0.001667 2952 546 2
43 0.082500 0.003333 3146 99 4
44 0.306667 0.003333 3106 368 4
45 0.510000 0.002500 2929 612 3
46 0.535833 0.003333 2926 643 4
47 0.350000 0.003333 3156 420 4
48 0.410833 0.005000 3238 493 6
49 0.055833 0.005833 3211 67 7
50 0.069167 0.007500 3195 83 9
51 0.090833 0.009167 3149 109 11
52 0.081667 0.009167 3156 98 11
53 0.378333 0.009167 3169 454 11
54 0.065000 0.010833 3195 78 13
55 0.101667 0.012500 3166 122 15
56 0.210833 0.013333 3146 253 16
57 0.165000 0.015833 3179 198 19
58 0.146667 0.016667 3146 176 20
59 0.260833 0.019167 3080 313 23
60 0.537500 0.020000 2919 645 24
61 0.537500 0.019167 2923 645 23
62 0.535833 0.020000 2923 643 24
63 0.130833 0.020000 3179 157 24
64 0.179167 0.020000 3195 215 24
65 0.419167 0.020000 3179 503 24
66 0.030000 0.020833 3277 36 25
67 0.000000 0.021667 3120 0 26
68 0.040000 0.022500 3074 48 27
69 0.241667 0.023333 3162 290 28
70 0.538333 0.022500 2923 646 27
71 0.000000 0.023333 3116 0 28
72 0.275833 0.025000 3185 331 30
73 0.538333 0.029167 2910 646 35
74 0.000000 0.030833 3093 0 37
75 0.451667 0.032500 3195 542 39
76 0.475000 0.033333 3011 570 40
77 0.539167 0.034167 2913 647 41
78 0.507500 0.038333 3093 609 46
79 0.533333 0.038333 2913 640 46
80 0.083333 0.038333 3166 100 46
81 0.537500 0.046667 2903 645 56
82 0.000000 0.045833 3215 0 55
83 0.149167 0.045833 3228 179 55
84 0.000000 0.049167 3218 0 59
85 0.340833 0.049167 3159 409 59
86 0.536667 0.050000 2910 644 60
87 0.537500 0.050833 2910 645 61
88 0.358333 0.051667 3090 430 62
89 0.143333 0.052500 3228 172 63
90 0.000000 0.052500 3241 0 63
91 0.367500 0.054167 3123 441 65
92 0.002500 0.058333 3257 3 70
93 0.029167 0.056667 3264 35 68
94 0.175833 0.058333 3228 211 70
95 0.400000 0.059167 3120 480 71
96 0.534167 0.060833 3051 641 73
97 0.298333 0.065833 3182 358 79
98 0.430833 0.072500 3156 517 87
99 0.491667 0.072500 3208 590 87
100 0.199167 0.075000 3103 239 90
101 0.219167 0.078333 3218 263 94
102 0.105000 0.080833 3238 126 97
103 0.535000 0.081667 3103 642 98
104 0.118333 0.083333 3113 142 100
105 0.164167 0.084167 3166 197 101
106 0.132500 0.087500 3185 159 105
107 0.029167 0.092500 3136 35 111
108 0.320000 0.091667 3195 384 110
109 0.537500 0.093333 2887 645 112
110 0.470000 0.095000 2998 564 114
111 0.455833 0.095833 3110 547 115
112 0.073333 0.097500 3202 88 117
113 0.539167 0.097500 2887 647 117
114 0.048333 0.100000 3097 58 120
115 0.060000 0.099167 3090 72 119
116 0.132500 0.104167 3211 159 125
117 0.513333 0.109167 3113 616 131
118 0.539167 0.110000 3008 647 132
119 0.114167 0.112500 3129 137 135
120 0.255833 0.112500 3267 307 135
121 0.257500 0.115000 3267 309 138
122 0.445000 0.117500 3100 534 141
123 0.472500 0.118333 3018 567 142
124 0.480000 0.118333 3018 576 142
125 0.539167 0.118333 3103 647 142
126 0.415833 0.119167 3182 499 143
127 0.001667 0.120833 2995 2 145
128 0.002500 0.123333 2992 3 148
129 0.292500 0.124167 3064 351 149
130 0.307500 0.124167 3061 369 149
131 0.014167 0.125000 3077 17 150
132 0.021667 0.127500 3110 26 153
133 0.499167 0.129167 3149 599 155
134 0.003333 0.132500 2988 4 159
135 0.114167 0.134167 3218 137 161
136 0.190000 0.133333 3244 228 160
137 0.390833 0.135000 3136 469 162
138 0.405000 0.136667 3205 486 164
139 0.000833 0.137500 2988 1 165
140 0.322500 0.137500 3106 387 165
141 0.391667 0.137500 3136 470 165
142 0.047500 0.138333 3126 57 166
143 0.402500 0.139167 3205 483 167
144 0.160000 0.141667 3149 192 170
145 0.359167 0.145833 3280 431 175
146 0.003333 0.146667 3185 4 176
147 0.145000 0.146667 3152 174 176
148 0.533333 0.152500 3113 640 183
149 0.234167 0.155833 3182 281 187
150 0.000000 0.158333 3398 0 190
151 0.490833 0.159167 3156 589 191
152 0.000000 0.161667 3389 0 194
153 0.202500 0.163333 3129 243 196
154 0.116667 0.164167 3221 140 197
155 0.275000 0.167500 3093 330 201
156 0.263333 0.170000 3166 316 204
157 0.523333 0.174167 3090 628 209
158 0.148333 0.175000 3156 178 210
159 0.063333 0.176667 3228 76 212
160 0.099167 0.176667 3129 119 212
161 0.110000 0.178333 3146 132 214
162 0.158333 0.179167 3087 190 215
163 0.395833 0.181667 3110 475 218
164 0.228333 0.183333 3103 274 220
165 0.005833 0.185000 3139 7 222
166 0.250833 0.185000 3175 301 222
167 0.239167 0.185000 3123 287 222
168 0.075833 0.185833 3143 91 223
169 0.414167 0.185833 3097 497 223
170 0.539167 0.186667 3093 647 224
171 0.171667 0.187500 3136 206 225
172 0.201667 0.187500 3143 242 225
173 0.428333 0.187500 3005 514 225
174 0.458333 0.191667 3133 550 230
175 0.035000 0.194167 3116 42 233
176 0.539167 0.195833 2919 647 235
177 0.003333 0.196667 3257 4 236
178 0.424167 0.200000 3090 509 240
179 0.458333 0.200833 3126 550 241
180 0.342500 0.202500 3188 411 243
181 0.340833 0.203333 3188 409 244
182 0.456667 0.203333 3126 548 244
183 0.185000 0.205833 3123 222 247
184 0.539167 0.207500 3188 647 249
185 0.223333 0.210000 3100 268 252
186 0.495833 0.210000 3008 595 252
187 0.539167 0.210833 3182 647 253
188 0.237500 0.211667 3090 285 254
189 0.449167 0.215000 3018 539 258
190 0.539167 0.215000 3175 647 258
191 0.418333 0.215833 3120 502 259
192 0.095833 0.216667 3120 115 260
193 0.118333 0.216667 3159 142 260
194 0.081667 0.217500 3129 98 261
195 0.372500 0.217500 3120 447 261
196 0.539167 0.217500 3182 647 261
197 0.275000 0.218333 3129 330 262
198 0.460833 0.221667 3015 553 266
199 0.515833 0.221667 3067 619 266
200 0.057500 0.225000 3077 69 270
201 0.139167 0.225833 3106 167 271
202 0.003333 0.226667 3038 4 272
203 0.159167 0.226667 3120 191 272
204 0.048333 0.227500 3090 58 273
205 0.309167 0.228333 3106 371 274
206 0.539167 0.227500 2965 647 273
207 0.439167 0.229167 3031 527 275
208 0.038333 0.230000 3090 46 276
209 0.010000 0.230833 3077 12 277
210 0.494167 0.231667 2995 593 278
211 0.120000 0.232500 3090 144 279
212 0.000000 0.239167 3228 0 287
213 0.348333 0.240000 3070 418 288
214 0.090833 0.240833 3097 109 289
215 0.520833 0.241667 3031 625 290
216 0.530833 0.241667 2975 637 290
217 0.538333 0.243333 3110 646 292
218 0.000000 0.245000 3116 0 294
219 0.137500 0.245000 3126 165 294
220 0.474167 0.245833 3044 569 295
221 0.300000 0.249167 3080 360 299
222 0.539167 0.250000 2939 647 300
223 0.080833 0.251667 3083 97 302
224 0.351667 0.251667 3041 422 302
225 0.381667 0.251667 3129 458 302
226 0.051667 0.253333 3136 62 304
227 0.539167 0.255000 3083 647 306
228 0.170000 0.256667 3103 204 308
229 0.013333 0.257500 3133 16 309
230 0.000833 0.260833 2959 1 313
231 0.208333 0.261667 3123 250 314
232 0.084167 0.264167 3093 101 317
233 0.000833 0.265833 2952 1 319
234 0.031667 0.268333 3090 38 322
235 0.413333 0.268333 3198 496 322
236 0.154167 0.270833 3113 185 325
237 0.539167 0.271667 3038 647 326
238 0.147500 0.273333 3136 177 328
239 0.000833 0.275833 2979 1 331
240 0.539167 0.275833 3047 647 331
241 0.091667 0.277500 3057 110 333
242 0.106667 0.280000 3175 128 336
243 0.210833 0.280000 3106 253 336
244 0.482500 0.280000 3093 579 336
245 0.203333 0.282500 3159 244 339
246 0.163333 0.282500 3116 196 339
247 0.235000 0.282500 3090 282 339
248 0.511667 0.283333 3162 614 340
249 0.539167 0.285000 2942 647 342
250 0.101667 0.285833 3070 122 343
251 0.178333 0.285833 3129 214 343
252 0.380000 0.286667 3202 456 344
253 0.278333 0.291667 3267 334 350
254 0.412500 0.295000 3120 495 354
255 0.311667 0.295833 3139 374 355
256 0.132500 0.296667 3198 159 356
257 0.183333 0.296667 3087 220 356
258 0.472500 0.298333 2933 567 358
259 0.539167 0.299167 2887 647 359
260 0.173333 0.300000 3139 208 360
261 0.357500 0.300000 3054 429 360
262 0.482500 0.302500 3038 579 363
263 0.035000 0.303333 3090 42 364
264 0.537500 0.304167 2824 645 365
265 0.044167 0.306667 3182 53 368
266 0.441667 0.308333 3149 530 370
267 0.536667 0.313333 2824 644 376
268 0.000000 0.311667 2939 0 374
269 0.135000 0.313333 3074 162 376
270 0.002500 0.315833 3005 3 379
271 0.491667 0.318333 3024 590 382
272 0.000000 0.320833 2939 0 385
273 0.014167 0.321667 3169 17 386
274 0.354167 0.321667 3172 425 386
275 0.111667 0.323333 3211 134 388
276 0.156667 0.323333 3162 188 388
277 0.188333 0.325000 3106 226 390
278 0.258333 0.329167 3179 310 395
279 0.240833 0.332500 3097 289 399
280 0.000000 0.335000 2965 0 402
281 0.230000 0.335833 3074 276 403
282 0.192500 0.339167 3116 231 407
283 0.199167 0.339167 3074 239 407
284 0.537500 0.340000 2818 645 408
285 0.090833 0.340833 3093 109 409
286 0.045000 0.341667 3251 54 410
287 0.502500 0.341667 3106 603 410
288 0.073333 0.345000 3166 88 414
289 0.242500 0.345000 3090 291 414
290 0.477500 0.345000 3077 573 414
291 0.260000 0.346667 3103 312 416
292 0.039167 0.350833 3120 47 421
293 0.128333 0.350833 3149 154 421
294 0.050833 0.354167 3234 61 425
295 0.291667 0.354167 3077 350 425
296 0.298333 0.355833 3028 358 427
297 0.154167 0.360000 3182 185 432
298 0.241667 0.360000 3166 290 432
299 0.282500 0.360833 3113 339 433
300 0.475833 0.361667 3205 571 434
301 0.241667 0.361667 3166 290 434
302 0.122500 0.364167 3106 147 437
303 0.081667 0.365833 3225 98 439
304 0.001667 0.365833 3234 2 439
305 0.530000 0.366667 3123 636 440
306 0.000000 0.369167 3284 0 443
307 0.418333 0.369167 2988 502 443
308 0.000000 0.370833 3284 0 445
309 0.353333 0.374167 3031 424 449
310 0.376667 0.374167 3028 452 449
311 0.444167 0.375833 3087 533 451
312 0.443333 0.378333 3087 532 454
313 0.170833 0.380833 3083 205 457
314 0.331667 0.382500 3080 398 459
315 0.319167 0.385000 3136 383 462
316 0.055833 0.387500 3133 67 465
317 0.535833 0.390000 2808 643 468
318 0.535000 0.392500 2808 642 471
319 0.243333 0.390000 3090 292 468
320 0.030000 0.390833 3113 36 469
321 0.487500 0.391667 3195 585 470
322 0.397500 0.392500 3005 477 471
323 0.205000 0.395000 3097 246 474
324 0.014167 0.395000 3182 17 474
325 0.405833 0.395000 3087 487 474
326 0.535833 0.395833 2811 643 475
327 0.101667 0.396667 3018 122 476
328 0.270000 0.397500 3126 324 477
329 0.002500 0.398333 2916 3 478
330 0.539167 0.403333 2808 647 484
331 0.001667 0.402500 2910 2 483
332 0.362500 0.400833 3083 435 481
333 0.370000 0.401667 3044 444 482
334 0.222500 0.402500 3149 267 483
335 0.093333 0.406667 3162 112 488
336 0.175833 0.407500 3061 211 489
337 0.539167 0.407500 2851 647 489
338 0.056667 0.409167 3195 68 491
339 0.539167 0.409167 2857 647 491
340 0.475833 0.412500 3005 571 495
341 0.328333 0.413333 3136 394 496
342 0.539167 0.413333 2880 647 496
343 0.539167 0.413333 2880 647 496
344 0.014167 0.415000 3254 17 498
345 0.438333 0.415000 3034 526 498
346 0.105000 0.415833 3018 126 499
347 0.270833 0.415833 3070 325 499
348 0.256667 0.418333 3064 308 502
349 0.285833 0.419167 3038 343 503
350 0.342500 0.420000 3038 411 504
351 0.538333 0.420000 2847 646 504
352 0.456667 0.423333 3083 548 508
353 0.001667 0.427500 2903 2 513
354 0.120833 0.427500 3100 145 513
355 0.377500 0.427500 3028 453 513
356 0.000000 0.431667 2906 0 518
357 0.168333 0.430000 3106 202 516
358 0.440000 0.429167 3031 528 515
359 0.117500 0.430000 3100 141 516
360 0.377500 0.430000 3028 453 516
361 0.000833 0.431667 2903 1 518
362 0.538333 0.430833 3208 646 517
363 0.019167 0.432500 3241 23 519
364 0.507500 0.433333 3011 609 520
365 0.090833 0.434167 3195 109 521
366 0.465000 0.435833 3008 558 523
367 0.470000 0.435000 3031 564 522
368 0.497500 0.435000 3093 597 522
369 0.539167 0.435833 3221 647 523
370 0.000000 0.439167 2906 0 527
371 0.532500 0.439167 3041 639 527
372 0.003333 0.440000 2903 4 528
373 0.196667 0.440833 3113 236 529
374 0.000833 0.442500 2903 1 531
375 0.441667 0.445000 2995 530 534
376 0.000833 0.446667 2906 1 536
377 0.136667 0.446667 3166 164 536
378 0.212500 0.446667 3113 255 536
379 0.220833 0.446667 3162 265 536
380 0.469167 0.448333 2959 563 538
381 0.192500 0.452500 3067 231 543
382 0.016667 0.454167 3041 20 545
383 0.101667 0.454167 3100 122 545
384 0.536667 0.458333 2814 644 550
385 0.538333 0.454167 2811 646 545
386 0.385833 0.456667 3120 463 548
387 0.323333 0.457500 3103 388 549
388 0.000000 0.460000 3057 0 552
389 0.257500 0.460000 3067 309 552
390 0.115000 0.460833 3100 138 553
391 0.000000 0.463333 3061 0 556
392 0.535833 0.463333 2811 643 556
393 0.068333 0.465000 3097 82 558
394 0.230000 0.465000 3169 276 558
395 0.409167 0.465000 3041 491 558
396 0.539167 0.465833 2811 647 559
397 0.476667 0.466667 2975 572 560
398 0.507500 0.466667 3005 609 560
399 0.076667 0.468333 3103 92 562
400 0.038333 0.469167 3264 46 563
401 0.002500 0.470833 3166 3 565
402 0.136667 0.471667 3080 164 566
403 0.285833 0.475000 3067 343 570
404 0.172500 0.475833 3185 207 571
405 0.108333 0.476667 3077 130 572
406 0.431667 0.477500 3064 518 573
407 0.000833 0.480833 2900 1 577
408 0.537500 0.484167 2808 645 581
409 0.315833 0.482500 3113 379 579
410 0.233333 0.483333 3097 280 580
411 0.009167 0.485833 2906 11 583
412 0.000833 0.486667 2906 1 584
413 0.202500 0.486667 3070 243 584
414 0.536667 0.496667 2805 644 596
415 0.103333 0.488333 2959 124 586
416 0.496667 0.490000 2995 596 588
417 0.498333 0.492500 2995 598 591
418 0.274167 0.495833 3100 329 595
419 0.441667 0.495000 3113 530 594
420 0.000000 0.495833 3215 0 595
421 0.179167 0.499167 3110 215 599
422 0.250000 0.499167 3061 300 599
423 0.430833 0.499167 3001 517 599
424 0.000000 0.500000 3270 0 600
425 0.363333 0.500000 3221 436 600
426 0.530000 0.500833 3054 636 601
427 0.479167 0.502500 2979 575 603
428 0.210000 0.505000 3044 252 606
429 0.000000 0.505833 3241 0 607
430 0.088333 0.505833 3129 106 607
431 0.000833 0.510000 3205 1 612
432 0.032500 0.510833 3113 39 613
433 0.535833 0.511667 2956 643 614
434 0.231667 0.514167 3116 278 617
435 0.169167 0.515000 3179 203 618
436 0.159167 0.516667 3162 191 620
437 0.305833 0.517500 3136 367 621
438 0.452500 0.519167 3008 543 623
439 0.459167 0.519167 2972 551 623
440 0.118333 0.520833 3103 142 625
441 0.000000 0.522500 3395 0 627
442 0.037500 0.524167 3188 45 629
443 0.070000 0.524167 3159 84 629
444 0.402500 0.524167 3202 483 629
445 0.539167 0.525000 2805 647 630
446 0.504167 0.525000 3074 605 630
447 0.370000 0.527500 3080 444 633
448 0.158333 0.528333 3028 190 634
449 0.440833 0.528333 3103 529 634
450 0.000000 0.530000 3320 0 636
451 0.341667 0.531667 3126 410 638
452 0.000833 0.532500 3300 1 639
453 0.082500 0.532500 2883 99 639
454 0.148333 0.532500 3067 178 639
455 0.356667 0.533333 3070 428 640
456 0.095833 0.535000 3241 115 642
457 0.529167 0.535000 3120 635 642
458 0.262500 0.538333 2854 315 646
459 0.352500 0.536667 2837 423 644
460 0.175833 0.536667 3061 211 644
461 0.269167 0.538333 2854 323 646
462 0.388333 0.536667 2900 466 644
463 0.423333 0.538333 2828 508 646
464 0.148333 0.537500 3100 178 645
465 0.197500 0.537500 3215 237 645
466 0.380000 0.538333 2828 456 646
467 0.401667 0.537500 2959 482 645
468 0.463333 0.538333 2818 556 646
469 0.492500 0.537500 2811 591 645
470 0.524167 0.537500 2867 629 645
471 0.004167 0.538333 3277 5 646
472 0.019167 0.539167 2890 23 647
473 0.027500 0.538333 2887 33 646
474 0.063333 0.538333 3067 76 646
475 0.079167 0.539167 2880 95 647
476 0.320000 0.538333 2844 384 646
477 0.391667 0.538333 2903 470 646
478 0.538333 0.539167 2972 646 647
479 0.101667 0.539167 3172 122 647
480 0.242500 0.539167 2860 291 647
481 0.335833 0.539167 3162 403 647
482 0.480000 0.539167 3166 576 647
BasinSaddles 0
Runoffs 326
1 0.000000 0.000000 3274 0 0
2 0.015000 0.000000 3054 18 0
3 0.018333 0.000000 3070 22 0
4 0.020833 0.000000 3070 25 0
5 0.022500 0.000000 3070 27 0
6 0.030000 0.000000 3395 36 0
7 0.040000 0.000000 3057 48 0
8 0.048333 0.000000 3149 58 0
9 0.055833 0.000000 3221 67 0
10 0.061667 0.000000 3188 74 0
11 0.068333 0.000000 3211 82 0
12 0.075833 0.000000 3152 91 0
13 0.078333 0.000000 3149 94 0
14 0.085000 0.000000 3175 102 0
15 0.099167 0.000000 3336 119 0
16 0.125000 0.000000 3113 150 0
17 0.136667 0.000000 3257 164 0
18 0.140000 0.000000 3267 168 0
19 0.153333 0.000000 3064 184 0
20 0.167500 0.000000 3267 201 0
21 0.170833 0.000000 3277 205 0
22 0.189167 0.000000 3034 227 0
23 0.193333 0.000000 3064 232 0
24 0.203333 0.000000 3280 244 0
25 0.222500 0.000000 3044 267 0
26 0.228333 0.000000 3175 274 0
27 0.235833 0.000000 3152 283 0
28 0.238333 0.000000 3159 286 0
29 0.242500 0.000000 3270 291 0
30 0.262500 0.000000 3133 315 0
31 0.276667 0.000000 3202 332 0
32 0.280000 0.000000 3234 336 0
33 0.286667 0.000000 3156 344 0
34 0.295833 0.000000 3103 355 0
35 0.304167 0.000000 3116 365 0
36 0.307500 0.000000 3103 369 0
37 0.313333 0.000000 3162 376 0
38 0.315833 0.000000 3162 379 0
39 0.318333 0.000000 3156 382 0
40 0.320000 0.000000 3156 384 0
41 0.323333 0.000000 3146 388 0
42 0.325833 0.000000 3133 391 0
43 0.341667 0.000000 3185 410 0
44 0.348333 0.000000 3175 418 0
45 0.357500 0.000000 3051 429 0
46 0.361667 0.000000 3018 434 0
47 0.373333 0.000000 3290 448 0
48 0.375000 0.000000 3284 450 0
49 0.387500 0.000000 2988 465 0
50 0.390833 0.000000 2979 469 0
51 0.398333 0.000000 3041 478 0
52 0.409167 0.000000 3254 491 0
53 0.412500 0.000000 3257 495 0
54 0.438333 0.000000 3362 526 0
55 0.452500 0.000000 2959 543 0
56 0.458333 0.000000 2962 550 0
57 0.460833 0.000000 2965 553 0
58 0.463333 0.000000 2946 556 0
59 0.465833 0.000000 2949 559 0
60 0.468333 0.000000 2946 562 0
61 0.484167 0.000000 3333 581 0
62 0.488333 0.000000 3330 586 0
63 0.499167 0.000000 2952 599 0
64 0.506667 0.000000 2952 608 0
65 0.511667 0.000000 2942 614 0
66 0.520833 0.000000 3316 625 0
67 0.535000 0.000000 2956 642 0
68 0.536667 0.000000 2939 644 0
69 0.539167 0.000000 2933 647 0
70 0.539167 0.003333 2939 647 4
71 0.539167 0.008333 2923 647 10
72 0.539167 0.010833 2923 647 13
73 0.539167 0.015000 2939 647 18
74 0.539167 0.019167 2926 647 23
75 0.539167 0.020833 2926 647 25
76 0.539167 0.023333 2926 647 28
77 0.539167 0.026667 2903 647 32
78 0.539167 0.029167 2923 647 35
79 0.539167 0.032500 2916 647 39
80 0.539167 0.036667 2939 647 44
81 0.539167 0.042500 2903 647 51
82 0.539167 0.045833 2906 647 55
83 0.539167 0.047500 2910 647 57
84 0.539167 0.050000 2910 647 60
85 0.539167 0.054167 2913 647 65
86 0.539167 0.065833 3172 647 79
87 0.539167 0.067500 3179 647 81
88 0.539167 0.070000 3182 647 84
89 0.539167 0.075000 3179 647 90
90 0.539167 0.081667 3231 647 98
91 0.539167 0.090000 2900 647 108
92 0.539167 0.093333 2890 647 112
93 0.539167 0.096667 2893 647 116
94 0.539167 0.108333 3051 647 130
95 0.539167 0.117500 3110 647 141
96 0.539167 0.125833 3248 647 151
97 0.539167 0.129167 3267 647 155
98 0.539167 0.131667 3284 647 158
99 0.539167 0.136667 3231 647 164
100 0.539167 0.142500 3175 647 171
101 0.539167 0.146667 3156 647 176
102 0.539167 0.148333 3152 647 178
103 0.539167 0.159167 2933 647 191
104 0.539167 0.164167 2900 647 197
105 0.539167 0.172500 2893 647 207
106 0.539167 0.185833 3097 647 223
107 0.539167 0.190833 3139 647 229
108 0.539167 0.206667 3195 647 248
109 0.539167 0.209167 3192 647 251
110 0.539167 0.214167 3188 647 257
111 0.539167 0.215833 3202 647 259
112 0.539167 0.218333 3185 647 262
113 0.539167 0.235833 3116 647 283
114 0.539167 0.240000 3139 647 288
115 0.539167 0.242500 3106 647 291
116 0.539167 0.244167 3113 647 293
117 0.539167 0.254167 3087 647 305
118 0.539167 0.256667 3103 647 308
119 0.539167 0.259167 3113 647 311
120 0.539167 0.262500 3100 647 315
121 0.539167 0.265000 3100 647 318
122 0.539167 0.274167 3064 647 329
123 0.539167 0.277500 3074 647 333
124 0.539167 0.289167 3024 647 347
125 0.539167 0.292500 3001 647 351
126 0.539167 0.300000 2890 647 360
127 0.539167 0.305000 2831 647 366
128 0.539167 0.312500 2828 647 375
129 0.539167 0.315833 2818 647 379
130 0.539167 0.318333 2821 647 382
131 0.539167 0.320000 2821 647 384
132 0.539167 0.325833 2831 647 391
133 0.539167 0.329167 2824 647 395
134 0.539167 0.330833 2818 647 397
135 0.539167 0.334167 2818 647 401
136 0.539167 0.336667 2821 647 404
137 0.539167 0.340000 2818 647 408
138 0.539167 0.344167 2821 647 413
139 0.539167 0.348333 2814 647 418
140 0.539167 0.351667 2824 647 422
141 0.539167 0.354167 2821 647 425
142 0.539167 0.363333 2982 647 436
143 0.539167 0.366667 2965 647 440
144 0.539167 0.375833 2814 647 451
145 0.539167 0.377500 2814 647 453
146 0.539167 0.380000 2814 647 456
147 0.539167 0.381667 2811 647 458
148 0.539167 0.384167 2814 647 461
149 0.539167 0.386667 2814 647 464
150 0.539167 0.390000 2811 647 468
151 0.539167 0.395000 2814 647 474
152 0.539167 0.396667 2811 647 476
153 0.539167 0.402500 2811 647 483
154 0.539167 0.406667 2864 647 488
155 0.539167 0.408333 2864 647 490
156 0.539167 0.411667 2893 647 494
157 0.539167 0.414167 2887 647 497
158 0.539167 0.420833 2860 647 505
159 0.539167 0.430000 3215 647 516
160 0.539167 0.434167 3270 647 521
161 0.539167 0.437500 3254 647 525
162 0.539167 0.450833 2811 647 541
163 0.539167 0.454167 2814 647 545
164 0.539167 0.458333 2821 647 550
165 0.539167 0.464167 2837 647 557
166 0.539167 0.478333 3133 647 574
167 0.539167 0.488333 2818 647 586
168 0.539167 0.496667 2808 647 596
169 0.539167 0.503333 2834 647 604
170 0.539167 0.506667 2851 647 608
171 0.539167 0.515000 3077 647 618
172 0.539167 0.516667 3087 647 620
173 0.539167 0.526667 2808 647 632
174 0.539167 0.533333 2887 647 640
175 0.539167 0.539167 2992 647 647
176 0.000000 0.007500 3353 0 9
177 0.000000 0.022500 3126 0 27
178 0.000000 0.025833 3133 0 31
179 0.000000 0.040833 3254 0 49
180 0.000000 0.046667 3228 0 56
181 0.000000 0.051667 3248 0 62
182 0.000000 0.055833 3293 0 67
183 0.000000 0.063333 3021 0 76
184 0.000000 0.066667 3015 0 80
185 0.000000 0.070833 3057 0 85
186 0.000000 0.075000 3080 0 90
187 0.000000 0.083333 3015 0 100
188 0.000000 0.085833 3021 0 103
189 0.000000 0.090000 3015 0 108
190 0.000000 0.097500 3159 0 117
191 0.000000 0.100000 3182 0 120
192 0.000000 0.101667 3182 0 122
193 0.000000 0.108333 3251 0 130
194 0.000000 0.110000 3257 0 132
195 0.000000 0.111667 3254 0 134
196 0.000000 0.124167 2998 0 149
197 0.000000 0.126667 2992 0 152
198 0.000000 0.129167 2992 0 155
199 0.000000 0.130833 2998 0 157
200 0.000000 0.133333 2988 0 160
201 0.000000 0.136667 2992 0 164
202 0.000000 0.156667 3412 0 188
203 0.000000 0.160833 3418 0 193
204 0.000000 0.162500 3395 0 195
205 0.000000 0.188333 3349 0 226
206 0.000000 0.201667 2982 0 242
207 0.000000 0.206667 3097 0 248
208 0.000000 0.224167 3185 0 269
209 0.000000 0.237500 3241 0 285
210 0.000000 0.240000 3231 0 288
211 0.000000 0.249167 3175 0 299
212 0.000000 0.260000 2962 0 312
213 0.000000 0.262500 2962 0 315
214 0.000000 0.264167 2959 0 317
215 0.000000 0.268333 2956 0 322
216 0.000000 0.274167 3018 0 329
217 0.000000 0.295833 3353 0 355
218 0.000000 0.310833 2942 0 373
219 0.000000 0.315000 3051 0 378
220 0.000000 0.322500 2956 0 387
221 0.000000 0.326667 2933 0 392
222 0.000000 0.334167 2975 0 401
223 0.000000 0.353333 3366 0 424
224 0.000000 0.368333 3287 0 442
225 0.000000 0.370000 3287 0 444
226 0.000000 0.375000 3395 0 450
227 0.000000 0.386667 3169 0 464
228 0.000000 0.394167 2916 0 473
229 0.000000 0.396667 2916 0 476
230 0.000000 0.398333 2913 0 478
231 0.000000 0.400000 2906 0 480
232 0.000000 0.402500 2913 0 483
233 0.000000 0.405000 2913 0 486
234 0.000000 0.406667 2910 0 488
235 0.000000 0.410000 2913 0 492
236 0.000000 0.412500 2916 0 495
237 0.000000 0.417500 2906 0 501
238 0.000000 0.419167 2910 0 503
239 0.000000 0.422500 2946 0 507
240 0.000000 0.426667 2910 0 512
241 0.000000 0.430000 2913 0 516
242 0.000000 0.433333 2910 0 520
243 0.000000 0.435833 2919 0 523
244 0.000000 0.438333 2913 0 526
245 0.000000 0.440833 2913 0 529
246 0.000000 0.444167 2913 0 533
247 0.000000 0.448333 2913 0 538
248 0.000000 0.459167 3067 0 551
249 0.000000 0.461667 3077 0 554
250 0.000000 0.466667 3188 0 560
251 0.000000 0.473333 3120 0 568
252 0.000000 0.480833 2906 0 577
253 0.000000 0.485000 2913 0 582
254 0.000000 0.487500 2929 0 585
255 0.000000 0.495000 3218 0 594
256 0.000000 0.499167 3287 0 599
257 0.000000 0.502500 3290 0 603
258 0.000000 0.506667 3248 0 608
259 0.000000 0.515000 3366 0 618
260 0.000000 0.520833 3425 0 625
261 0.000000 0.524167 3418 0 629
262 0.000000 0.530833 3330 0 637
263 0.000000 0.535000 3310 0 642
264 0.000000 0.539167 3083 0 647
265 0.005833 0.539167 3290 7 647
266 0.020833 0.539167 2893 25 647
267 0.025000 0.539167 2893 30 647
268 0.035000 0.539167 3300 42 647
269 0.050000 0.539167 2890 60 647
270 0.058333 0.539167 3106 70 647
271 0.067500 0.539167 3287 81 647
272 0.080000 0.539167 2890 96 647
273 0.082500 0.539167 2883 99 647
274 0.088333 0.539167 2903 106 647
275 0.097500 0.539167 3277 117 647
276 0.104167 0.539167 3179 125 647
277 0.115000 0.539167 2874 138 647
278 0.123333 0.539167 3320 148 647
279 0.133333 0.539167 2887 160 647
280 0.145000 0.539167 3129 174 647
281 0.152500 0.539167 3225 183 647
282 0.161667 0.539167 2874 194 647
283 0.164167 0.539167 2870 197 647
284 0.170000 0.539167 3103 204 647
285 0.178333 0.539167 3208 214 647
286 0.192500 0.539167 3044 231 647
287 0.199167 0.539167 3248 239 647
288 0.211667 0.539167 2870 254 647
289 0.222500 0.539167 3215 267 647
290 0.240833 0.539167 2864 289 647
291 0.247500 0.539167 3330 297 647
292 0.264167 0.539167 2857 317 647
293 0.267500 0.539167 2857 321 647
294 0.280833 0.539167 3293 337 647
295 0.294167 0.539167 2851 353 647
296 0.298333 0.539167 2851 358 647
297 0.307500 0.539167 3290 369 647
298 0.318333 0.539167 2847 382 647
299 0.320833 0.539167 2844 385 647
300 0.322500 0.539167 2844 387 647
301 0.334167 0.539167 3172 401 647
302 0.336667 0.539167 3169 404 647
303 0.350833 0.539167 2834 421 647
304 0.353333 0.539167 2837 424 647
305 0.355000 0.539167 2837 426 647
306 0.360833 0.539167 3287 433 647
307 0.375000 0.539167 2841 450 647
308 0.380833 0.539167 2831 457 647
309 0.390000 0.539167 2919 468 647
310 0.393333 0.539167 2906 472 647
311 0.400000 0.539167 2962 480 647
312 0.407500 0.539167 3277 489 647
313 0.425833 0.539167 2841 511 647
314 0.433333 0.539167 2821 520 647
315 0.441667 0.539167 3248 530 647
316 0.449167 0.539167 3123 539 647
317 0.460000 0.539167 2844 552 647
318 0.465833 0.539167 2847 559 647
319 0.476667 0.539167 3264 572 647
320 0.480833 0.539167 3182 577 647
321 0.491667 0.539167 2821 590 647
322 0.495833 0.539167 2814 595 647
323 0.505000 0.539167 3195 606 647
324 0.520833 0.539167 2903 625 647
325 0.526667 0.539167 2814 632 647
326 0.532500 0.539167 3146 639 647
Edges 482
1 2 1
2 3 2
3 4 3
4 5 4
5 81 66
6 7 5
7 58 6
8 58 33
9 56 7
10 59 51
11 57 39
12 47 9
13 47 40
14 15 10
15 93 56
16 17 11
17 18 12
18 19 13
19 48 14
20 60 35
21 49 15
22 21 16
23 22 17
24 87 18
25 87 19
26 87 20
27 50 21
28 50 36
29 30 22
30 75 53
31 52 23
32 52 24
33 96 75
34 44 25
35 51 28
36 35 27
37 62 29
38 37 30
39 38 37
40 76 31
41 40 32
42 41 38
43 57 8
44 33 42
45 39 45
46 54 34
47 79 57
48 104 69
49 60 41
50 71 47
51 34 26
52 61 48
53 40 46
54 59 43
55 67 67
56 64 50
57 79 58
58 65 49
59 64 52
60 104 59
61 78 65
62 96 76
63 76 61
64 58 54
65 81 68
66 76 60
67 72 71
68 10 55
69 70 70
70 76 62
71 103 85
72 82 74
73 57 63
74 76 73
75 113 91
76 95 78
77 84 77
78 114 98
79 88 83
80 47 64
81 97 93
82 86 82
83 60 72
84 76 79
85 76 81
86 90 84
87 23 44
88 99 89
89 76 86
90 92 90
91 89 87
92 106 92
93 130 101
94 64 80
95 101 99
96 112 111
97 124 114
98 124 115
99 107 106
100 80 94
101 125 124
102 76 96
103 116 108
104 117 120
105 68 102
106 138 131
107 68 104
108 110 109
109 110 113
110 102 103
111 87 97
112 154 122
113 71 88
114 133 126
115 122 118
116 147 130
117 135 121
118 107 116
119 100 105
120 93 100
121 75 95
122 131 125
123 110 117
124 145 142
125 148 123
126 97 107
127 106 127
128 106 128
129 105 119
130 158 149
131 153 148
132 106 134
133 137 138
134 149 139
135 161 156
136 121 137
137 143 143
138 126 132
139 123 133
140 119 144
141 129 135
142 116 140
143 136 141
144 120 136
145 180 175
146 140 147
147 111 129
148 96 110
149 138 146
150 149 150
151 150 152
152 167 160
153 176 157
154 169 173
155 166 171
156 113 145
157 98 112
158 184 164
159 141 154
160 139 151
161 170 166
162 144 153
163 157 159
164 165 170
165 183 176
166 146 162
167 159 161
168 151 165
169 143 169
170 158 167
171 148 174
172 157 168
173 162 172
174 168 177
175 143 163
176 204 199
177 135 155
178 171 179
179 142 180
180 212 208
181 146 158
182 179 181
183 187 184
184 198 185
185 178 182
186 199 192
187 191 187
188 169 178
189 212 204
190 222 220
191 193 190
192 173 183
193 196 196
194 189 200
195 160 186
196 208 206
197 167 193
198 241 231
199 207 214
200 185 189
201 209 202
202 205 201
203 175 195
204 235 215
205 227 219
206 200 207
207 172 194
208 235 216
209 174 209
210 195 210
211 147 205
212 258 226
213 209 212
214 208 217
215 182 213
216 188 191
217 213 218
218 244 234
219 181 203
220 197 211
221 214 222
222 185 198
223 184 188
224 221 227
225 251 230
226 215 224
227 240 236
228 211 221
229 203 225
230 251 233
231 219 228
232 207 232
233 177 197
234 226 261
235 283 248
236 246 242
237 216 235
238 251 239
239 224 237
240 248 246
241 261 245
242 239 240
243 232 241
244 270 263
245 241 243
246 263 250
247 227 238
248 231 251
249 242 249
250 272 258
251 174 229
252 222 244
253 223 247
254 249 259
255 247 256
256 248 260
257 289 266
258 270 265
259 254 264
260 207 223
261 256 257
262 267 268
263 274 275
264 233 253
265 229 252
266 283 267
267 251 270
268 255 269
269 267 272
270 286 286
271 251 273
272 252 262
273 252 271
274 294 293
275 223 278
276 291 280
277 228 255
278 256 277
279 297 285
280 283 284
281 237 254
282 253 281
283 321 305
284 278 283
285 273 287
286 309 292
287 248 276
288 275 291
289 312 311
290 272 290
291 303 304
292 304 289
293 234 274
294 327 302
295 264 295
296 286 294
297 260 288
298 292 298
299 287 297
300 351 327
301 324 322
302 295 299
303 306 306
304 253 279
305 326 315
306 308 308
307 264 296
308 331 324
309 331 320
310 278 282
311 298 301
312 318 312
313 290 300
314 297 303
315 281 307
316 321 317
317 333 332
318 358 352
319 321 326
320 296 316
321 367 364
322 321 318
323 331 329
324 293 310
325 313 321
326 277 314
327 353 354
328 331 331
329 299 313
330 334 330
331 341 344
332 311 319
333 277 309
334 335 337
335 336 339
336 321 342
337 310 323
338 317 333
339 321 343
340 301 325
341 369 363
342 315 345
343 387 357
344 302 328
345 304 334
346 321 351
347 351 346
348 325 340
349 320 338
350 377 349
351 314 335
352 326 341
353 394 359
354 329 336
355 338 355
356 331 353
357 361 362
358 371 366
359 356 356
360 342 358
361 407 371
362 361 369
363 372 370
364 393 378
365 351 365
366 402 377
367 325 368
368 356 361
369 396 382
370 355 360
371 348 367
372 368 372
373 372 374
374 344 348
375 373 376
376 364 379
377 344 347
378 360 375
379 412 395
380 384 385
381 394 390
382 393 381
383 371 380
384 407 384
385 386 388
386 392 391
387 406 404
388 407 392
389 408 406
390 374 389
391 352 387
392 396 401
393 354 373
394 365 383
395 349 393
396 413 411
397 326 350
398 388 396
399 383 397
400 396 407
401 376 394
402 427 402
403 377 403
404 413 412
405 369 400
406 424 421
407 367 398
408 420 419
409 398 408
410 399 416
411 427 415
412 370 386
413 416 420
414 395 399
415 407 414
416 419 424
417 393 413
418 401 410
419 423 429
420 447 438
421 391 409
422 397 425
423 432 431
424 437 435
425 408 423
426 396 432
427 394 405
428 410 417
429 445 454
430 436 433
431 475 455
432 438 441
433 447 449
434 393 428
435 414 430
436 407 426
437 402 436
438 440 450
439 430 445
440 444 452
441 453 474
442 418 434
443 426 442
444 452 471
445 437 448
446 435 453
447 460 439
448 475 459
449 435 456
450 421 437
451 431 451
453 405 443
454 445 464
455 470 480
456 450 476
457 422 462
458 412 444
459 458 463
460 399 427
461 428 446
462 436 457
463 452 472
464 443 473
465 453 475
466 449 479
467 427 440
468 437 460
469 434 465
470 401 422
471 470 458
472 473 461
473 403 418
474 451 481
475 422 447
476 475 466
477 457 477
478 458 467
479 447 468
480 460 482
481 480 469
482 436 470
483 462 478
RunoffEdges 326
55 0
1 1
2 2
3 3
4 4
5 5
6 6
7 7
58 8
8 9
56 10
9 11
46 12
59 13
10 14
11 15
57 16
57 17
43 18
12 19
47 20
13 21
14 22
15 23
16 24
17 25
18 26
19 27
48 28
20 29
60 30
49 31
21 32
22 33
23 34
24 35
24 36
87 37
25 38
26 39
87 40
87 41
27 42
50 43
28 44
71 45
29 46
30 47
30 48
30 49
31 50
52 51
32 52
33 53
33 54
44 55
34 56
51 57
35 58
36 59
62 60
37 61
38 62
39 63
45 64
76 65
40 66
41 67
42 68
53 69
76 70
76 71
76 72
63 73
66 74
69 75
70 76
74 77
77 78
84 79
84 80
85 81
76 82
89 83
91 84
102 85
102 86
102 87
102 88
102 89
110 90
108 91
109 92
115 93
122 94
131 95
131 96
131 97
131 98
131 99
131 100
131 101
131 102
153 103
153 104
164 105
165 106
183 107
187 108
191 109
193 110
196 111
208 112
208 113
208 114
214 115
221 116
224 117
224 118
224 119
224 120
239 121
242 122
249 123
249 124
254 125
259 126
266 127
266 128
283 129
283 130
283 131
283 132
283 133
283 134
283 135
280 136
283 137
283 138
283 139
283 140
283 141
283 142
321 143
321 144
321 145
321 146
321 147
321 148
316 149
319 150
322 151
330 152
334 153
335 154
336 155
339 156
346 157
357 158
361 159
362 160
407 161
380 162
384 163
388 164
398 165
409 166
415 167
436 168
436 169
430 170
430 171
439 172
462 173
483 174
55 175
67 176
72 177
82 178
86 179
90 180
92 181
106 182
106 183
106 184
106 185
106 186
106 187
106 188
106 189
106 190
106 191
106 192
106 193
106 194
127 195
128 196
106 197
132 198
134 199
134 200
149 201
150 202
151 203
168 204
174 205
174 206
201 207
209 208
213 209
217 210
251 211
225 212
251 213
230 214
238 215
251 216
262 217
267 218
269 219
276 220
276 221
291 222
303 223
306 224
308 225
308 226
308 227
323 228
323 229
323 230
328 231
331 232
331 233
331 234
331 235
331 236
331 237
331 238
331 239
356 240
359 241
368 242
363 243
372 244
373 245
375 246
385 247
386 248
392 249
396 250
400 251
404 252
413 253
413 254
416 255
419 256
423 257
432 258
432 259
438 260
440 261
444 262
444 263
452 264
463 265
464 266
443 267
441 268
441 269
453 270
465 271
446 272
435 273
449 274
466 275
467 276
467 277
454 278
454 279
445 280
445 281
445 282
437 283
468 284
434 285
469 286
442 287
442 288
455 289
470 290
471 291
472 292
473 293
473 294
473 295
450 296
450 297
456 298
456 299
451 300
474 301
448 302
448 303
448 304
475 305
475 306
476 307
457 308
477 309
478 310
458 311
459 312
433 313
447 314
447 315
447 316
479 317
460 318
480 319
480 320
481 321
461 322
482 323
462 324
462 325
