Peaks 484
1 0.153333 0.000000 1715 184 0
2 0.220000 0.000000 2142 264 0
3 0.226667 0.000000 1961 272 0
4 0.232500 0.000000 2247 279 0
5 0.283333 0.000000 1564 340 0
6 0.320000 0.000000 2290 384 0
7 0.323333 0.000000 2253 388 0
8 0.435000 0.000000 1364 522 0
9 0.460000 0.000833 748 552 1
10 0.485833 0.000833 1784 583 1
11 0.106667 0.001667 2171 128 2
12 0.127500 0.001667 2477 153 2
13 0.373333 0.001667 1729 448 2
14 0.445000 0.001667 1423 534 2
15 0.539167 0.002500 1236 647 3
16 0.039167 0.003333 1732 47 4
17 0.000000 0.004167 1282 0 5
18 0.215833 0.004167 2342 259 5
19 0.435833 0.004167 1338 523 5
20 0.205833 0.007500 2595 247 9
21 0.296667 0.007500 2142 356 9
22 0.077500 0.010000 3143 93 12
23 0.176667 0.010000 1961 212 12
24 0.539167 0.010000 1604 647 12
25 0.012500 0.012500 1843 15 15
26 0.131667 0.013333 2946 158 16
27 0.484167 0.013333 2240 581 16
28 0.089167 0.015833 2381 107 19
29 0.053333 0.017500 1663 64 21
30 0.351667 0.017500 2240 422 21
31 0.518333 0.019167 2372 622 23
32 0.291667 0.022500 2637 350 27
33 0.190000 0.023333 2837 228 28
34 0.492500 0.023333 2467 591 28
35 0.242500 0.024167 1879 291 29
36 0.255000 0.026667 2437 306 32
37 0.100833 0.030833 3418 121 37
38 0.420000 0.030833 2086 504 37
39 0.173333 0.031667 2568 208 38
40 0.180000 0.031667 2637 216 38
41 0.510000 0.031667 2408 612 38
42 0.019167 0.032500 1998 23 39
43 0.280000 0.033333 2467 336 40
44 0.085833 0.034167 3471 103 41
45 0.224167 0.035000 2614 269 42
46 0.001667 0.038333 2125 2 46
47 0.136667 0.040000 2362 164 48
48 0.523333 0.040833 2267 628 49
49 0.166667 0.041667 2493 200 50
50 0.108333 0.042500 3654 130 51
51 0.390833 0.045000 2775 469 54
52 0.491667 0.047500 2536 590 57
53 0.375833 0.050833 3100 451 61
54 0.348333 0.051667 3011 418 62
55 0.012500 0.053333 2923 15 64
56 0.539167 0.054167 1791 647 65
57 0.137500 0.056667 2296 165 68
58 0.271667 0.056667 3185 326 68
59 0.539167 0.057500 1863 647 69
60 0.148333 0.058333 2791 178 70
61 0.232500 0.060833 2857 279 73
62 0.466667 0.061667 2933 560 74
63 0.000000 0.062500 2650 0 75
64 0.026667 0.062500 2942 32 75
65 0.323333 0.063333 2959 388 76
66 0.522500 0.065000 2247 627 78
67 0.056667 0.065833 3106 68 79
68 0.127500 0.066667 2083 153 80
69 0.539167 0.066667 2178 647 80
70 0.085833 0.068333 2375 103 82
71 0.178333 0.068333 3428 214 82
72 0.509167 0.070833 2421 611 85
73 0.215000 0.071667 2946 258 86
74 0.071667 0.072500 2801 86 87
75 0.419167 0.072500 2864 503 87
76 0.229167 0.075833 3188 275 91
77 0.282500 0.075833 3497 339 91
78 0.025000 0.077500 2831 30 93
79 0.201667 0.077500 2742 242 93
80 0.428333 0.078333 2755 514 94
81 0.158333 0.079167 3353 190 95
82 0.001667 0.080000 3284 2 96
83 0.134167 0.080000 2450 161 96
84 0.253333 0.081667 3015 304 98
85 0.079167 0.082500 2726 95 99
86 0.187500 0.082500 2798 225 99
87 0.539167 0.082500 1617 647 99
88 0.368333 0.084167 2837 442 101
89 0.046667 0.085833 2874 56 103
90 0.176667 0.085833 3225 212 103
91 0.194167 0.085833 2828 233 103
92 0.013333 0.089167 2900 16 107
93 0.000000 0.090833 3034 0 109
94 0.505833 0.091667 2171 607 110
95 0.539167 0.091667 1555 647 110
96 0.483333 0.093333 2230 580 112
97 0.445000 0.094167 2486 534 113
98 0.517500 0.095000 2119 621 114
99 0.190833 0.095833 3097 229 115
100 0.324167 0.095833 3136 389 115
101 0.101667 0.096667 2240 122 116
102 0.173333 0.096667 3405 208 116
103 0.062500 0.097500 2309 75 117
104 0.299167 0.097500 3474 359 117
105 0.252500 0.098333 2965 303 118
106 0.437500 0.100000 2634 525 120
107 0.388333 0.102500 2391 466 123
108 0.204167 0.104167 3080 245 125
109 0.403333 0.104167 2621 484 125
110 0.539167 0.106667 830 647 128
111 0.060833 0.107500 2516 73 129
112 0.320833 0.107500 3110 385 129
113 0.139167 0.109167 2208 167 131
114 0.220833 0.110000 3057 265 132
115 0.443333 0.110000 2729 532 132
116 0.539167 0.110000 856 647 132
117 0.288333 0.110833 3330 346 133
118 0.370833 0.111667 2506 445 134
119 0.026667 0.114167 2585 32 137
120 0.471667 0.114167 2306 566 137
121 0.497500 0.117500 2270 597 141
122 0.014167 0.118333 2975 17 142
123 0.096667 0.118333 2604 116 142
124 0.125833 0.118333 1794 151 142
125 0.000000 0.119167 2673 0 143
126 0.040000 0.120000 2778 48 144
127 0.538333 0.120833 1489 646 145
128 0.347500 0.121667 3228 417 146
129 0.422500 0.121667 2532 507 146
130 0.275833 0.122500 2690 331 147
131 0.340833 0.127500 3205 409 153
132 0.010833 0.128333 2736 13 154
133 0.235833 0.128333 2893 283 154
134 0.330833 0.130000 3267 397 156
135 0.000833 0.130833 2601 1 157
136 0.410000 0.130833 2467 492 157
137 0.471667 0.130833 2322 566 157
138 0.194167 0.131667 2916 233 158
139 0.160000 0.133333 2837 192 160
140 0.177500 0.133333 3090 213 160
141 0.072500 0.134167 3287 87 161
142 0.115000 0.135000 2457 138 162
143 0.046667 0.138333 3248 56 166
144 0.230833 0.143333 2575 277 172
145 0.270833 0.143333 2719 325 172
146 0.034167 0.144167 2929 41 173
147 0.000000 0.145000 2135 0 174
148 0.142500 0.145000 2299 171 174
149 0.317500 0.145833 3421 381 175
150 0.097500 0.148333 2470 117 178
151 0.335000 0.148333 3631 402 178
152 0.386667 0.148333 2319 464 178
153 0.459167 0.149167 2240 551 179
154 0.325833 0.150833 3402 391 181
155 0.151667 0.152500 2417 182 183
156 0.363333 0.152500 3526 436 183
157 0.184167 0.157500 2536 221 189
158 0.350000 0.159167 3753 420 191
159 0.244167 0.160000 2703 293 192
160 0.437500 0.160833 2349 525 193
161 0.364167 0.161667 3129 437 194
162 0.296667 0.163333 2765 356 196
163 0.162500 0.164167 2664 195 197
164 0.200000 0.164167 1860 240 197
165 0.002500 0.166667 2772 3 200
166 0.381667 0.166667 2818 458 200
167 0.289167 0.168333 2585 347 202
168 0.223333 0.169167 2296 268 203
169 0.496667 0.171667 3031 596 206
170 0.348333 0.172500 3139 418 207
171 0.020833 0.173333 2388 25 208
172 0.330833 0.175833 2867 397 211
173 0.419167 0.175833 1673 503 211
174 0.512500 0.175833 2903 615 211
175 0.219167 0.177500 2040 263 213
176 0.531667 0.178333 2470 638 214
177 0.402500 0.181667 1689 483 218
178 0.249167 0.183333 2808 299 220
179 0.000000 0.185833 2093 0 223
180 0.290833 0.185833 2555 349 223
181 0.461667 0.185833 2319 554 223
182 0.330833 0.186667 2673 397 224
183 0.537500 0.188333 2286 645 226
184 0.398333 0.189167 1791 478 227
185 0.415000 0.193333 1712 498 232
186 0.434167 0.193333 1519 521 232
187 0.335000 0.197500 1961 402 237
188 0.101667 0.198333 3047 122 238
189 0.280833 0.198333 2237 337 238
190 0.330000 0.202500 1899 396 243
191 0.516667 0.205000 2083 620 246
192 0.135833 0.205833 2637 163 247
193 0.212500 0.205833 2178 255 247
194 0.345000 0.206667 1712 414 248
195 0.425000 0.208333 1916 510 250
196 0.470833 0.209167 2276 565 251
197 0.529167 0.210000 2017 635 252
198 0.370833 0.211667 1952 445 254
199 0.160000 0.212500 2414 192 255
200 0.274167 0.212500 1729 329 255
201 0.089167 0.213333 3782 107 256
202 0.129167 0.213333 2342 155 256
203 0.025000 0.214167 3333 30 257
204 0.312500 0.214167 1827 375 257
205 0.420833 0.215833 1811 505 259
206 0.343333 0.222500 1456 412 267
207 0.295833 0.224167 2053 355 269
208 0.489167 0.225000 1975 587 270
209 0.325000 0.226667 1522 390 272
210 0.362500 0.227500 1443 435 273
211 0.400833 0.228333 1748 481 274
212 0.010833 0.229167 2578 13 275
213 0.074167 0.229167 3638 89 275
214 0.243333 0.230000 2670 292 276
215 0.358333 0.234167 1332 430 281
216 0.058333 0.237500 3011 70 285
217 0.185000 0.237500 2549 222 285
218 0.295000 0.237500 1991 354 285
219 0.106667 0.238333 3205 128 286
220 0.125000 0.239167 3372 150 287
221 0.480833 0.239167 1955 577 287
222 0.397500 0.240000 1676 477 288
223 0.519167 0.240000 1729 623 288
224 0.150833 0.242500 2890 181 291
225 0.423333 0.242500 1456 508 291
226 0.328333 0.245833 1916 394 295
227 0.242500 0.246667 2385 291 296
228 0.409167 0.247500 1578 491 297
229 0.528333 0.247500 1591 634 297
230 0.095000 0.249167 3973 114 299
231 0.440833 0.250000 1164 529 300
232 0.034167 0.255000 3438 41 306
233 0.095833 0.256667 4202 115 308
234 0.537500 0.256667 1246 645 308
235 0.456667 0.258333 1289 548 310
236 0.175833 0.259167 3028 211 311
237 0.087500 0.260000 4074 105 312
238 0.073333 0.265000 4146 88 318
239 0.144167 0.265000 3756 173 318
240 0.270000 0.268333 2818 324 322
241 0.000000 0.269167 1807 0 323
242 0.246667 0.269167 3159 296 323
243 0.040833 0.270833 3599 49 325
244 0.211667 0.271667 3858 254 326
245 0.396667 0.271667 2421 476 326
246 0.118333 0.272500 4294 142 327
247 0.150833 0.275000 3192 181 330
248 0.302500 0.275833 2936 363 331
249 0.523333 0.276667 718 628 332
250 0.536667 0.277500 590 644 333
251 0.003333 0.279167 1958 4 335
252 0.085000 0.279167 4219 102 335
253 0.139167 0.279167 3592 167 335
254 0.538333 0.280000 554 646 336
255 0.453333 0.281667 1778 544 338
256 0.505833 0.281667 1085 607 338
257 0.042500 0.282500 3615 51 339
258 0.350000 0.282500 1870 420 339
259 0.327500 0.285000 2276 393 342
260 0.539167 0.286667 541 647 344
261 0.095833 0.287500 3871 115 345
262 0.210833 0.290000 3914 253 348
263 0.438333 0.290000 1706 526 348
264 0.024167 0.292500 3005 29 351
265 0.366667 0.293333 1574 440 352
266 0.168333 0.295833 3530 202 355
267 0.454167 0.295833 1840 545 355
268 0.472500 0.296667 1952 567 356
269 0.485833 0.296667 1975 583 356
270 0.539167 0.297500 567 647 357
271 0.150000 0.298333 3832 180 358
272 0.179167 0.299167 3313 215 359
273 0.014167 0.300833 2421 17 361
274 0.426667 0.301667 1699 512 362
275 0.538333 0.301667 547 646 362
276 0.246667 0.302500 3756 296 363
277 0.114167 0.305000 3969 137 366
278 0.285833 0.305833 2513 343 367
279 0.410833 0.305833 1607 493 367
280 0.124167 0.309167 3835 149 371
281 0.099167 0.312500 3385 119 375
282 0.385000 0.312500 2129 462 375
283 0.000000 0.317500 902 0 381
284 0.265833 0.318333 3336 319 382
285 0.043333 0.319167 2772 52 383
286 0.132500 0.319167 4064 159 383
287 0.000000 0.323333 925 0 388
288 0.425000 0.325000 2066 510 390
289 0.465833 0.325000 2847 559 390
290 0.155833 0.326667 3326 187 392
291 0.178333 0.326667 2887 214 392
292 0.326667 0.326667 2716 392 392
293 0.389167 0.327500 2421 467 393
294 0.071667 0.328333 2391 86 394
295 0.093333 0.330000 2539 112 396
296 0.536667 0.330833 941 644 397
297 0.288333 0.331667 2047 346 398
298 0.277500 0.332500 2969 333 399
299 0.307500 0.334167 2608 369 401
300 0.234167 0.335000 2316 281 402
301 0.380000 0.335000 2214 456 402
302 0.006667 0.335833 1092 8 403
303 0.165000 0.340000 3533 198 408
304 0.419167 0.340000 2434 503 408
305 0.445000 0.340000 2221 534 408
306 0.429167 0.340833 2444 515 409
307 0.000000 0.341667 718 0 410
308 0.370833 0.341667 2283 445 410
309 0.096667 0.342500 2073 116 411
310 0.024167 0.343333 1272 29 412
311 0.000000 0.348333 826 0 418
312 0.307500 0.350000 2372 369 420
313 0.342500 0.350833 2303 411 421
314 0.361667 0.350833 1965 434 421
315 0.492500 0.355000 1617 591 426
316 0.225000 0.355833 2411 270 427
317 0.029167 0.356667 1374 35 428
318 0.015833 0.359167 1141 19 431
319 0.539167 0.359167 1105 647 431
320 0.048333 0.360000 1102 58 432
321 0.385833 0.360000 1476 463 432
322 0.260000 0.360833 2408 312 433
323 0.462500 0.361667 1479 555 434
324 0.539167 0.361667 1112 647 434
325 0.000000 0.362500 715 0 435
326 0.141667 0.364167 2411 170 437
327 0.000833 0.368333 813 1 442
328 0.321667 0.368333 1758 386 442
329 0.517500 0.370000 1538 621 444
330 0.539167 0.370833 1587 647 445
331 0.287500 0.374167 2050 345 449
332 0.130833 0.375000 2017 157 450
333 0.257500 0.375000 2329 309 450
334 0.455000 0.375000 1719 546 450
335 0.240833 0.380000 2257 289 456
336 0.539167 0.381667 1341 647 458
337 0.000000 0.382500 1755 0 459
338 0.426667 0.384167 1249 512 461
339 0.295833 0.385000 2316 355 462
340 0.117500 0.385833 2627 141 463
341 0.381667 0.385833 2198 458 463
342 0.539167 0.387500 1282 647 465
343 0.175833 0.389167 2618 211 467
344 0.105833 0.390000 2395 127 468
345 0.018333 0.390833 1597 22 469
346 0.483333 0.391667 1361 580 470
347 0.071667 0.392500 1387 86 471
348 0.330833 0.392500 2595 397 471
349 0.410000 0.394167 1876 492 473
350 0.539167 0.394167 1013 647 473
351 0.315833 0.395000 2257 379 474
352 0.280000 0.395833 2171 336 475
353 0.097500 0.396667 2299 117 476
354 0.248333 0.396667 2014 298 476
355 0.000833 0.397500 2322 1 477
356 0.050000 0.398333 872 60 478
357 0.207500 0.398333 2683 249 478
358 0.061667 0.400000 1427 74 480
359 0.237500 0.401667 2011 285 482
360 0.534167 0.402500 1066 641 483
361 0.435833 0.404167 1309 523 485
362 0.339167 0.405833 2549 407 487
363 0.415000 0.405833 1745 498 487
364 0.508333 0.405833 1338 610 487
365 0.352500 0.408333 2545 423 490
366 0.190833 0.410000 2076 229 492
367 0.423333 0.410833 1814 508 493
368 0.539167 0.411667 839 647 494
369 0.160000 0.412500 1640 192 495
370 0.491667 0.413333 1368 590 496
371 0.300000 0.415833 1883 360 499
372 0.401667 0.415833 1781 482 499
373 0.133333 0.417500 1535 160 501
374 0.228333 0.417500 2247 274 501
375 0.469167 0.417500 1817 563 501
376 0.376667 0.418333 2349 452 502
377 0.411667 0.418333 1850 494 502
378 0.180000 0.420833 1614 216 505
379 0.014167 0.422500 1889 17 507
380 0.456667 0.424167 1640 548 509
381 0.537500 0.424167 1210 645 509
382 0.000000 0.427500 1991 0 513
383 0.353333 0.430000 2598 424 516
384 0.447500 0.433333 1876 537 520
385 0.115833 0.436667 1115 139 524
386 0.490000 0.436667 1545 588 524
387 0.281667 0.437500 1719 338 525
388 0.518333 0.437500 1604 622 525
389 0.030000 0.439167 1876 36 527
390 0.433333 0.439167 1978 520 527
391 0.460000 0.439167 1286 552 527
392 0.360833 0.440833 2611 433 529
393 0.250000 0.441667 1912 300 530
394 0.409167 0.445000 2155 491 534
395 0.539167 0.448333 725 647 538
396 0.387500 0.449167 2004 465 539
397 0.223333 0.453333 1735 268 544
398 0.364167 0.453333 2634 437 544
399 0.102500 0.455000 862 123 546
400 0.177500 0.455833 1345 213 547
401 0.194167 0.455833 1850 233 547
402 0.321667 0.455833 1929 386 547
403 0.440833 0.458333 1427 529 550
404 0.472500 0.461667 2066 567 554
405 0.027500 0.464167 1427 33 557
406 0.247500 0.464167 1564 297 557
407 0.393333 0.465833 2434 472 559
408 0.462500 0.465833 2070 555 559
409 0.052500 0.467500 1240 63 561
410 0.539167 0.467500 744 647 561
411 0.539167 0.469167 744 647 563
412 0.378333 0.474167 2582 454 569
413 0.067500 0.475000 1318 81 570
414 0.271667 0.475000 1525 326 570
415 0.350833 0.475833 1482 421 571
416 0.237500 0.477500 1486 285 573
417 0.436667 0.477500 1853 524 573
418 0.077500 0.479167 1227 93 575
419 0.000000 0.481667 1302 0 578
420 0.426667 0.482500 1955 512 579
421 0.156667 0.484167 1492 188 581
422 0.171667 0.484167 1453 206 581
423 0.143333 0.485000 1272 172 582
424 0.115833 0.490000 961 139 588
425 0.247500 0.492500 1555 297 591
426 0.399167 0.492500 2181 479 591
427 0.439167 0.492500 2060 527 591
428 0.212500 0.494167 2267 255 593
429 0.269167 0.494167 1528 323 593
430 0.111667 0.496667 935 134 596
431 0.333333 0.496667 1601 400 596
432 0.008333 0.498333 1158 10 598
433 0.495000 0.500833 2322 594 601
434 0.049167 0.502500 1286 59 603
435 0.217500 0.502500 2342 261 603
436 0.322500 0.502500 1309 387 603
437 0.401667 0.505833 1945 482 607
438 0.260000 0.506667 1482 312 608
439 0.153333 0.507500 1099 184 609
440 0.331667 0.509167 1213 398 611
441 0.423333 0.509167 2011 508 611
442 0.287500 0.510833 1840 345 613
443 0.038333 0.513333 1400 46 616
444 0.000000 0.515000 1640 0 618
445 0.185833 0.517500 1174 223 621
446 0.000833 0.520000 1840 1 624
447 0.385833 0.520000 2227 463 624
448 0.365833 0.522500 2398 439 627
449 0.125833 0.523333 1266 151 628
450 0.275000 0.523333 1496 330 628
451 0.431667 0.527500 1781 518 633
452 0.289167 0.529167 1778 347 635
453 0.500000 0.530000 1564 600 636
454 0.530000 0.530833 1423 636 637
455 0.167500 0.532500 705 201 639
456 0.340000 0.532500 1899 408 639
457 0.065000 0.533333 1312 78 640
458 0.013333 0.535000 2066 16 642
459 0.116667 0.535833 1525 140 643
460 0.436667 0.536667 1870 524 644
461 0.171667 0.537500 708 206 645
462 0.018333 0.538333 2027 22 646
463 0.058333 0.538333 1072 70 646
464 0.008333 0.539167 2040 10 647
465 0.012500 0.539167 2024 15 647
466 0.034167 0.539167 1627 41 647
467 0.039167 0.539167 1456 47 647
468 0.046667 0.539167 1568 56 647
469 0.060833 0.539167 1069 73 647
470 0.073333 0.539167 1118 88 647
471 0.080000 0.539167 1089 96 647
472 0.095833 0.539167 908 115 647
473 0.138333 0.539167 1013 166 647
474 0.157500 0.539167 731 189 647
475 0.162500 0.539167 715 195 647
476 0.242500 0.539167 2070 291 647
477 0.314167 0.539167 994 377 647
478 0.374167 0.539167 2066 449 647
479 0.395833 0.539167 2473 475 647
480 0.403333 0.539167 2185 484 647
481 0.451667 0.539167 1499 542 647
482 0.494167 0.539167 1538 593 647
483 0.498333 0.539167 1525 598 647
484 0.526667 0.539167 1282 632 647
PromSaddles 483
1 0.151667 0.000833 1702 182 1
2 0.223333 0.000000 1827 268 0
3 0.228333 0.000000 1906 274 0
4 0.322500 0.000000 2250 387 0
5 0.461667 0.000833 721 554 1
6 0.219167 0.000833 2135 263 1
7 0.370000 0.000833 1486 444 1
8 0.285833 0.001667 1437 343 2
9 0.435000 0.002500 1335 522 3
10 0.113333 0.003333 1994 136 4
11 0.127500 0.003333 2460 153 4
12 0.440833 0.005000 1272 529 6
13 0.485833 0.003333 1742 583 4
14 0.539167 0.003333 1233 647 4
15 0.000000 0.005000 1279 0 6
16 0.435833 0.005000 1335 523 6
17 0.326667 0.009167 1925 392 11
18 0.210833 0.009167 2129 253 11
19 0.044167 0.011667 1305 53 14
20 0.178333 0.010833 1784 214 13
21 0.539167 0.010833 1594 647 13
22 0.203333 0.011667 2260 244 14
23 0.010833 0.015833 1722 13 19
24 0.295833 0.015833 2024 355 19
25 0.487500 0.016667 2040 585 20
26 0.085833 0.019167 2234 103 23
27 0.111667 0.020000 1847 134 24
28 0.057500 0.022500 1535 69 27
29 0.346667 0.022500 1971 416 27
30 0.080000 0.024167 2532 96 29
31 0.503333 0.025000 2171 604 30
32 0.507500 0.025000 2237 609 30
33 0.245000 0.028333 1637 294 34
34 0.286667 0.028333 2007 344 34
35 0.184167 0.030000 2424 221 36
36 0.415833 0.032500 1824 499 39
37 0.175833 0.034167 2444 211 41
38 0.498333 0.034167 2076 598 41
39 0.127500 0.035000 1519 153 42
40 0.102500 0.035833 3284 123 43
41 0.258333 0.035833 2227 310 43
42 0.096667 0.036667 2795 116 44
43 0.015833 0.037500 1817 19 45
44 0.519167 0.037500 2073 623 45
45 0.169167 0.038333 2388 203 46
46 0.275000 0.038333 2211 330 46
47 0.230000 0.039167 1994 276 47
48 0.001667 0.042500 1893 2 51
49 0.159167 0.044167 2381 191 53
50 0.385833 0.050833 2312 463 61
51 0.365833 0.052500 2657 439 63
52 0.135833 0.054167 2089 163 65
53 0.486667 0.054167 2362 584 65
54 0.539167 0.055000 1788 647 66
55 0.341667 0.055833 2746 410 67
56 0.539167 0.058333 1856 647 70
57 0.126667 0.060000 1965 152 72
58 0.158333 0.060000 2591 190 72
59 0.138333 0.060833 2122 166 73
60 0.274167 0.060833 2992 329 73
61 0.000000 0.063333 2647 0 76
62 0.004167 0.063333 2582 5 76
63 0.082500 0.065833 2145 99 79
64 0.519167 0.066667 2122 623 80
65 0.535833 0.067500 2050 643 81
66 0.068333 0.070000 2578 82 84
67 0.226667 0.070000 2709 272 84
68 0.497500 0.070833 2116 597 85
69 0.138333 0.071667 2070 166 86
70 0.025833 0.072500 2700 31 87
71 0.328333 0.072500 2680 394 87
72 0.425000 0.074167 2650 510 89
73 0.436667 0.074167 2575 524 89
74 0.217500 0.076667 2808 261 92
75 0.073333 0.077500 2381 88 93
76 0.167500 0.077500 2549 201 93
77 0.539167 0.078333 1437 647 94
78 0.045000 0.079167 2618 54 95
79 0.184167 0.080000 2641 221 96
80 0.199167 0.080000 2624 239 96
81 0.021667 0.081667 2424 26 98
82 0.185000 0.084167 2634 222 101
83 0.213333 0.084167 2224 256 101
84 0.260000 0.084167 2224 312 101
85 0.500000 0.085000 2030 600 102
86 0.538333 0.085000 1522 646 102
87 0.289167 0.086667 3100 347 104
88 0.246667 0.088333 2650 296 106
89 0.010000 0.089167 2795 12 107
90 0.484167 0.089167 2112 581 107
91 0.174167 0.090000 2992 209 108
92 0.511667 0.090833 1968 614 109
93 0.001667 0.090833 3001 2 109
94 0.193333 0.090833 2588 232 109
95 0.347500 0.090833 2444 417 109
96 0.186667 0.091667 2798 224 110
97 0.443333 0.091667 2358 532 110
98 0.248333 0.092500 2631 298 111
99 0.099167 0.093333 1919 119 112
100 0.204167 0.095833 2496 245 115
101 0.314167 0.098333 2910 377 118
102 0.405833 0.099167 2391 487 119
103 0.429167 0.100000 2421 515 120
104 0.059167 0.100000 2083 71 120
105 0.316667 0.101667 2910 380 122
106 0.424167 0.102500 2411 509 123
107 0.035833 0.105000 2129 43 126
108 0.214167 0.105000 2942 257 126
109 0.435833 0.105833 2444 523 127
110 0.385000 0.107500 2155 462 129
111 0.473333 0.107500 1729 568 129
112 0.539167 0.107500 826 647 129
113 0.005000 0.108333 2250 6 130
114 0.325833 0.108333 2877 391 130
115 0.174167 0.109167 2503 209 131
116 0.295833 0.109167 3139 355 131
117 0.389167 0.109167 2139 467 131
118 0.059167 0.110000 2408 71 132
119 0.539167 0.110833 853 647 133
120 0.146667 0.112500 2093 176 135
121 0.362500 0.115833 2309 435 139
122 0.128333 0.117500 1597 154 141
123 0.023333 0.118333 2473 28 142
124 0.123333 0.118333 1683 148 142
125 0.406667 0.119167 2191 488 143
126 0.281667 0.120000 2470 338 144
127 0.093333 0.120833 2450 112 145
128 0.342500 0.122500 3067 411 147
129 0.340000 0.123333 3074 408 148
130 0.045000 0.124167 2608 54 149
131 0.111667 0.124167 2244 134 149
132 0.536667 0.124167 1387 644 149
133 0.228333 0.125000 2493 274 150
134 0.014167 0.126667 2601 17 152
135 0.060000 0.126667 2332 72 152
136 0.000000 0.127500 2578 0 153
137 0.005000 0.126667 2486 6 152
138 0.185833 0.130833 2549 223 157
139 0.494167 0.130833 2083 593 157
140 0.025833 0.132500 2444 31 159
141 0.165833 0.133333 2723 199 160
142 0.279167 0.135833 2155 335 163
143 0.038333 0.137500 2808 46 165
144 0.320833 0.139167 3070 385 167
145 0.462500 0.140000 2043 555 168
146 0.232500 0.140833 2463 279 169
147 0.429167 0.141667 2106 515 170
148 0.090000 0.141667 2365 108 170
149 0.145833 0.141667 2152 175 170
150 0.000000 0.144167 2132 0 173
151 0.455833 0.144167 2135 547 173
152 0.382500 0.145833 2181 459 175
153 0.000000 0.146667 2096 0 176
154 0.175000 0.146667 2290 210 176
155 0.306667 0.147500 2404 368 177
156 0.320833 0.149167 3166 385 179
157 0.156667 0.151667 2303 188 182
158 0.242500 0.151667 2303 291 182
159 0.346667 0.153333 3402 416 184
160 0.329167 0.155000 3290 395 186
161 0.359167 0.155000 3412 431 186
162 0.161667 0.158333 2454 194 190
163 0.362500 0.160000 3015 435 192
164 0.200833 0.161667 1722 241 194
165 0.229167 0.162500 2142 275 195
166 0.375000 0.162500 2250 450 195
167 0.290000 0.163333 2263 348 196
168 0.018333 0.167500 1984 22 201
169 0.056667 0.166667 1751 68 200
170 0.453333 0.168333 2119 544 202
171 0.347500 0.169167 2962 417 203
172 0.504167 0.170000 2509 605 204
173 0.250000 0.170833 2519 300 205
174 0.334167 0.171667 2621 401 206
175 0.421667 0.171667 1555 506 206
176 0.464167 0.171667 2076 557 206
177 0.520000 0.174167 2283 624 209
178 0.220000 0.175000 1814 264 210
179 0.289167 0.176667 2185 347 212
180 0.396667 0.182500 1463 476 219
181 0.000000 0.184167 2089 0 221
182 0.333333 0.185000 2536 400 222
183 0.400833 0.185000 1535 481 222
184 0.532500 0.185833 2155 639 223
185 0.410833 0.188333 1463 493 226
186 0.433333 0.190000 1368 520 228
187 0.280000 0.190833 1948 336 229
188 0.426667 0.192500 1217 512 231
189 0.335833 0.193333 1742 403 232
190 0.462500 0.195833 2155 555 235
191 0.515833 0.197500 1827 619 237
192 0.374167 0.198333 1709 449 238
193 0.331667 0.199167 1778 398 239
194 0.100000 0.201667 2847 120 242
195 0.344167 0.202500 1397 413 243
196 0.523333 0.203333 1755 628 244
197 0.130000 0.209167 2230 156 251
198 0.153333 0.209167 2257 184 251
199 0.276667 0.210833 1387 332 253
200 0.301667 0.211667 1177 362 254
201 0.425000 0.213333 1706 510 256
202 0.339167 0.214167 1197 407 257
203 0.081667 0.215833 3205 98 259
204 0.318333 0.219167 1338 382 263
205 0.390833 0.220833 1338 469 265
206 0.485833 0.220000 1856 583 264
207 0.186667 0.220833 1722 224 265
208 0.124167 0.223333 1902 149 268
209 0.360000 0.223333 1328 432 268
210 0.015000 0.229167 2431 18 275
211 0.360833 0.230000 1184 433 276
212 0.479167 0.230000 1827 575 276
213 0.294167 0.232500 1729 353 279
214 0.030000 0.233333 3015 36 280
215 0.500833 0.234167 1525 601 281
216 0.423333 0.235833 1269 508 283
217 0.398333 0.236667 1538 478 284
218 0.102500 0.239167 3001 123 287
219 0.290000 0.239167 1646 348 287
220 0.054167 0.240833 2880 65 289
221 0.524167 0.242500 1489 629 291
222 0.059167 0.243333 2896 71 292
223 0.437500 0.243333 912 525 292
224 0.071667 0.244167 2959 86 293
225 0.233333 0.244167 1968 280 293
226 0.150833 0.245833 2732 181 295
227 0.178333 0.246667 2230 214 296
228 0.400833 0.247500 948 481 297
229 0.094167 0.252500 3818 113 303
230 0.533333 0.252500 1161 640 303
231 0.324167 0.253333 1738 389 304
232 0.241667 0.255833 2188 290 307
233 0.090833 0.257500 3749 109 309
234 0.255000 0.256667 1942 306 308
235 0.116667 0.257500 2660 140 309
236 0.080000 0.259167 3687 96 311
237 0.036667 0.260833 3326 44 313
238 0.459167 0.262500 836 551 315
239 0.001667 0.268333 1715 2 322
240 0.289167 0.269167 2152 347 323
241 0.520833 0.271667 590 625 326
242 0.174167 0.272500 2785 209 327
243 0.245000 0.271667 2975 294 326
244 0.357500 0.272500 1414 429 327
245 0.532500 0.272500 564 639 327
246 0.140000 0.273333 3336 168 328
247 0.148333 0.274167 3077 178 329
248 0.005000 0.275833 1696 6 331
249 0.208333 0.276667 3700 250 332
250 0.042500 0.277500 3444 51 333
251 0.079167 0.278333 3986 95 334
252 0.136667 0.279167 3451 164 335
253 0.342500 0.280000 1758 411 336
254 0.537500 0.279167 551 645 335
255 0.095000 0.284167 3713 114 341
256 0.319167 0.284167 2024 383 341
257 0.500000 0.285000 908 600 342
258 0.538333 0.285833 534 646 343
259 0.158333 0.287500 2447 190 345
260 0.184167 0.287500 2732 221 345
261 0.025833 0.288333 2874 31 346
262 0.135000 0.289167 3044 162 347
263 0.453333 0.290000 1519 544 348
264 0.114167 0.291667 3690 137 350
265 0.363333 0.292500 1400 436 351
266 0.440833 0.291667 1581 529 350
267 0.103333 0.294167 2765 124 353
268 0.234167 0.294167 3179 281 353
269 0.537500 0.296667 541 645 356
270 0.175833 0.298333 3123 211 358
271 0.016667 0.299167 2244 20 359
272 0.279167 0.301667 2339 335 362
273 0.536667 0.301667 538 644 362
274 0.476667 0.303333 1538 572 364
275 0.040833 0.306667 2513 49 368
276 0.120000 0.306667 3648 144 368
277 0.406667 0.308333 1387 488 370
278 0.425000 0.308333 1482 510 370
279 0.100000 0.310000 3270 120 372
280 0.450833 0.311667 1617 541 374
281 0.485000 0.311667 1683 582 374
282 0.126667 0.313333 3605 152 376
283 0.144167 0.313333 2650 173 376
284 0.262500 0.313333 3218 315 376
285 0.386667 0.315833 1984 464 379
286 0.070833 0.317500 2080 85 381
287 0.000000 0.318333 869 0 382
288 0.295833 0.322500 1594 355 387
289 0.000000 0.324167 921 0 389
290 0.286667 0.325000 1863 344 390
291 0.222500 0.327500 2132 267 393
292 0.095833 0.328333 2368 115 394
293 0.170833 0.328333 2408 205 394
294 0.381667 0.328333 2076 458 394
295 0.313333 0.329167 2440 376 395
296 0.425833 0.329167 1899 511 395
297 0.024167 0.331667 928 29 398
298 0.379167 0.330833 2080 455 397
299 0.448333 0.331667 1860 538 398
300 0.160833 0.333333 3080 193 400
301 0.275000 0.332500 2791 330 399
302 0.356667 0.332500 2030 428 399
303 0.395833 0.332500 1778 475 399
304 0.011667 0.335833 918 14 403
305 0.425000 0.340000 2175 510 408
306 0.438333 0.339167 2080 526 407
307 0.523333 0.339167 649 628 407
308 0.095833 0.340000 1929 115 408
309 0.000833 0.342500 715 1 411
310 0.005000 0.343333 725 6 412
311 0.341667 0.345833 2116 410 415
312 0.025000 0.346667 892 30 416
313 0.360000 0.346667 1794 432 416
314 0.304167 0.347500 2234 365 417
315 0.001667 0.348333 813 2 418
316 0.487500 0.349167 1433 585 419
317 0.052500 0.351667 990 63 422
318 0.206667 0.351667 2139 248 422
319 0.385000 0.351667 1371 462 422
320 0.459167 0.357500 1377 551 429
321 0.000833 0.359167 695 1 431
322 0.247500 0.358333 2194 297 430
323 0.294167 0.358333 1505 353 430
324 0.539167 0.360000 1102 647 432
325 0.139167 0.360833 2155 167 433
326 0.011667 0.362500 731 14 435
327 0.505833 0.362500 1220 607 435
328 0.539167 0.362500 1105 647 435
329 0.451667 0.364167 1427 542 437
330 0.000000 0.369167 797 0 443
331 0.524167 0.369167 1282 629 443
332 0.135833 0.370833 1896 163 445
333 0.320833 0.372500 1646 385 447
334 0.181667 0.375000 2162 218 450
335 0.539167 0.376667 1161 647 452
336 0.290000 0.378333 1929 348 454
337 0.254167 0.380000 2093 305 456
338 0.430000 0.381667 1125 516 458
339 0.236667 0.384167 1860 284 461
340 0.131667 0.385000 1259 158 462
341 0.000000 0.385833 1528 0 463
342 0.539167 0.385833 1263 647 463
343 0.110833 0.386667 2057 133 464
344 0.480833 0.387500 1253 577 465
345 0.015833 0.390000 1473 19 468
346 0.508333 0.389167 1095 610 467
347 0.046667 0.391667 725 56 470
348 0.305833 0.390833 2103 367 469
349 0.200000 0.391667 2204 240 470
350 0.285833 0.391667 1847 343 470
351 0.245833 0.392500 1751 295 471
352 0.539167 0.392500 921 647 471
353 0.103333 0.393333 2185 124 472
354 0.406667 0.393333 1640 488 472
355 0.320833 0.395833 2099 385 475
356 0.070000 0.395833 1204 84 475
357 0.076667 0.397500 1062 92 477
358 0.331667 0.399167 2280 398 479
359 0.363333 0.399167 1853 436 479
360 0.236667 0.400000 1909 284 480
361 0.530000 0.400833 938 636 481
362 0.188333 0.401667 1883 226 482
363 0.347500 0.401667 2093 417 482
364 0.225000 0.405000 1794 270 486
365 0.431667 0.405000 1200 518 486
366 0.498333 0.408333 1122 598 490
367 0.412500 0.410000 1640 495 492
368 0.000000 0.410833 1784 0 493
369 0.126667 0.411667 1315 152 494
370 0.307500 0.411667 1761 369 494
371 0.168333 0.413333 1269 202 496
372 0.537500 0.413333 770 645 496
373 0.009167 0.414167 1669 11 497
374 0.420833 0.415000 1620 505 498
375 0.395833 0.416667 1538 475 500
376 0.406667 0.416667 1656 488 500
377 0.180833 0.419167 1433 217 503
378 0.253333 0.420833 1545 304 505
379 0.350000 0.421667 2319 420 506
380 0.366667 0.421667 2080 440 506
381 0.460000 0.421667 1272 552 506
382 0.453333 0.426667 1492 544 512
383 0.288333 0.427500 1571 346 513
384 0.531667 0.427500 977 638 513
385 0.120833 0.430000 882 145 516
386 0.025000 0.434167 1578 30 521
387 0.356667 0.438333 2454 428 526
388 0.442500 0.438333 1505 531 526
389 0.486667 0.440833 1351 584 529
390 0.461667 0.441667 1105 554 530
391 0.216667 0.442500 1522 260 531
392 0.427500 0.444167 1394 513 533
393 0.105000 0.445833 754 126 535
394 0.360833 0.445833 2503 433 535
395 0.334167 0.446667 1666 401 536
396 0.538333 0.446667 721 646 536
397 0.214167 0.449167 1305 257 539
398 0.518333 0.449167 1400 622 539
399 0.385000 0.452500 1873 462 543
400 0.245833 0.453333 1295 295 544
401 0.404167 0.454167 1925 485 545
402 0.180833 0.457500 1217 217 549
403 0.026667 0.459167 1305 32 551
404 0.043333 0.460000 931 52 552
405 0.272500 0.460833 1079 327 553
406 0.377500 0.460833 2395 453 553
407 0.441667 0.461667 1318 530 554
408 0.469167 0.464167 1948 563 557
409 0.205000 0.465833 1443 246 559
410 0.387500 0.466667 2276 465 560
411 0.538333 0.466667 741 646 560
412 0.538333 0.467500 741 646 561
413 0.060833 0.470000 1089 73 564
414 0.450000 0.470000 1555 540 564
415 0.354167 0.472500 1309 425 567
416 0.240833 0.473333 1223 289 568
417 0.483333 0.474167 1843 580 569
418 0.005833 0.476667 997 7 572
419 0.073333 0.479167 1115 88 575
420 0.305833 0.480833 1240 367 577
421 0.147500 0.480833 1085 177 577
422 0.177500 0.481667 1167 213 578
423 0.243333 0.482500 1227 292 579
424 0.420833 0.483333 1830 505 580
425 0.433333 0.483333 1729 520 580
426 0.168333 0.486667 1312 202 584
427 0.275833 0.486667 1122 331 584
428 0.344167 0.486667 1112 413 584
429 0.431667 0.486667 1833 518 584
430 0.000000 0.488333 1148 0 586
431 0.403333 0.490000 2076 484 588
432 0.110000 0.491667 816 132 590
433 0.105000 0.498333 761 126 598
434 0.265833 0.497500 1227 319 597
435 0.315000 0.499167 1079 378 599
436 0.004167 0.501667 1138 5 602
437 0.429167 0.500000 1909 515 600
438 0.212500 0.500833 2109 255 601
439 0.400000 0.501667 1811 480 602
440 0.161667 0.502500 935 194 603
441 0.388333 0.502500 1797 466 603
442 0.045000 0.504167 1177 54 605
443 0.184167 0.506667 1000 221 608
444 0.335000 0.505000 1033 402 606
445 0.032500 0.515000 1204 39 618
446 0.000000 0.515833 1637 0 619
447 0.276667 0.520833 1391 332 625
448 0.290000 0.520833 1646 348 625
449 0.516667 0.522500 1184 620 627
450 0.002500 0.524167 1781 3 629
451 0.121667 0.524167 1161 146 629
452 0.500000 0.524167 1351 600 629
453 0.389167 0.525833 1899 467 631
454 0.431667 0.526667 1778 518 632
455 0.232500 0.530000 1738 279 636
456 0.432500 0.530000 1778 519 636
457 0.165833 0.531667 685 199 638
458 0.170000 0.534167 685 204 641
459 0.350833 0.535000 1630 421 642
460 0.497500 0.535833 1459 597 643
461 0.011667 0.537500 2020 14 645
462 0.013333 0.538333 2020 16 646
463 0.133333 0.537500 823 160 645
464 0.160833 0.539167 705 193 647
465 0.059167 0.538333 1049 71 646
466 0.061667 0.538333 1066 74 646
467 0.070000 0.539167 1102 84 647
468 0.100833 0.538333 879 121 646
469 0.156667 0.538333 721 188 646
470 0.385000 0.538333 1643 462 646
471 0.528333 0.538333 1266 634 646
472 0.015833 0.539167 1991 19 647
473 0.030833 0.539167 1482 37 647
474 0.038333 0.539167 1440 46 647
475 0.042500 0.539167 1381 51 647
476 0.056667 0.539167 1059 68 647
477 0.076667 0.539167 1026 92 647
478 0.094167 0.539167 902 113 647
479 0.318333 0.539167 935 382 647
480 0.371667 0.539167 1932 446 647
481 0.402500 0.539167 2181 483 647
482 0.447500 0.539167 1374 537 647
483 0.497500 0.539167 1522 597 647
BasinSaddles 0
Runoffs 182
1 0.000000 0.000000 1125 0 0
2 0.009167 0.000000 1601 11 0
3 0.039167 0.000000 1548 47 0
4 0.071667 0.000000 1706 86 0
5 0.106667 0.000000 2103 128 0
6 0.126667 0.000000 2480 152 0
7 0.134167 0.000000 2368 161 0
8 0.140833 0.000000 2063 169 0
9 0.153333 0.000000 1715 184 0
10 0.180833 0.000000 1722 217 0
11 0.185833 0.000000 1673 223 0
12 0.203333 0.000000 2283 244 0
13 0.215000 0.000000 2007 258 0
14 0.220000 0.000000 2142 264 0
15 0.226667 0.000000 1961 272 0
16 0.232500 0.000000 2247 279 0
17 0.243333 0.000000 1601 292 0
18 0.254167 0.000000 1125 305 0
19 0.260000 0.000000 1204 312 0
20 0.283333 0.000000 1564 340 0
21 0.294167 0.000000 2007 353 0
22 0.320000 0.000000 2290 384 0
23 0.323333 0.000000 2253 388 0
24 0.335000 0.000000 1765 402 0
25 0.350000 0.000000 2034 420 0
26 0.363333 0.000000 1870 436 0
27 0.372500 0.000000 1712 447 0
28 0.390000 0.000000 1010 468 0
29 0.395000 0.000000 984 474 0
30 0.406667 0.000000 1197 488 0
31 0.415833 0.000000 1102 499 0
32 0.423333 0.000000 1315 508 0
33 0.435000 0.000000 1364 522 0
34 0.445000 0.000000 1394 534 0
35 0.460000 0.000000 738 552 0
36 0.473333 0.000000 1594 568 0
37 0.485833 0.000000 1774 583 0
38 0.499167 0.000000 1591 599 0
39 0.513333 0.000000 1709 616 0
40 0.522500 0.000000 1459 627 0
41 0.531667 0.000000 1489 638 0
42 0.539167 0.000000 1115 647 0
43 0.539167 0.002500 1236 647 3
44 0.539167 0.010000 1604 647 12
45 0.539167 0.016667 1893 647 20
46 0.539167 0.026667 1440 647 32
47 0.539167 0.035000 1863 647 42
48 0.539167 0.054167 1791 647 65
49 0.539167 0.057500 1863 647 69
50 0.539167 0.067500 2178 647 81
51 0.539167 0.082500 1617 647 99
52 0.539167 0.091667 1555 647 110
53 0.539167 0.106667 830 647 128
54 0.539167 0.110000 856 647 132
55 0.539167 0.120833 1479 647 145
56 0.539167 0.127500 1312 647 153
57 0.539167 0.135000 1735 647 162
58 0.539167 0.147500 1866 647 177
59 0.539167 0.160833 1912 647 193
60 0.539167 0.173333 1916 647 208
61 0.539167 0.189167 2280 647 227
62 0.539167 0.214167 1145 647 257
63 0.539167 0.223333 1213 647 268
64 0.539167 0.230833 1197 647 277
65 0.539167 0.242500 1181 647 291
66 0.539167 0.255833 1227 647 307
67 0.539167 0.277500 574 647 333
68 0.539167 0.280833 551 647 337
69 0.539167 0.286667 541 647 344
70 0.539167 0.290000 534 647 348
71 0.539167 0.297500 567 647 357
72 0.539167 0.301667 544 647 362
73 0.539167 0.319167 764 647 383
74 0.539167 0.325000 787 647 390
75 0.539167 0.331667 836 647 398
76 0.539167 0.344167 623 647 413
77 0.539167 0.359167 1105 647 431
78 0.539167 0.361667 1112 647 434
79 0.539167 0.370833 1587 647 445
80 0.539167 0.381667 1341 647 458
81 0.539167 0.387500 1282 647 465
82 0.539167 0.394167 1013 647 473
83 0.539167 0.404167 734 647 485
84 0.539167 0.411667 839 647 494
85 0.539167 0.425000 1167 647 510
86 0.539167 0.437500 770 647 525
87 0.539167 0.449167 725 647 539
88 0.539167 0.461667 725 647 554
89 0.539167 0.465000 741 647 558
90 0.539167 0.467500 744 647 561
91 0.539167 0.469167 744 647 563
92 0.539167 0.479167 698 647 575
93 0.539167 0.487500 738 647 585
94 0.539167 0.492500 761 647 591
95 0.539167 0.498333 777 647 598
96 0.539167 0.507500 1276 647 609
97 0.539167 0.515000 915 647 618
98 0.539167 0.523333 1112 647 628
99 0.539167 0.528333 1092 647 634
100 0.539167 0.536667 954 647 644
101 0.539167 0.539167 869 647 647
102 0.000000 0.004167 1282 0 5
103 0.000000 0.038333 2020 0 46
104 0.000000 0.052500 2139 0 63
105 0.000000 0.062500 2650 0 75
106 0.000000 0.079167 3188 0 95
107 0.000000 0.090833 3034 0 109
108 0.000000 0.119167 2673 0 143
109 0.000000 0.130833 2598 0 157
110 0.000000 0.145000 2135 0 174
111 0.000000 0.167500 2732 0 201
112 0.000000 0.186667 2093 0 224
113 0.000000 0.194167 1305 0 233
114 0.000000 0.201667 2073 0 242
115 0.000000 0.208333 1912 0 250
116 0.000000 0.223333 1610 0 268
117 0.000000 0.240000 1266 0 288
118 0.000000 0.269167 1807 0 323
119 0.000000 0.278333 1414 0 334
120 0.000000 0.298333 987 0 358
121 0.000000 0.306667 885 0 368
122 0.000000 0.314167 846 0 377
123 0.000000 0.317500 902 0 381
124 0.000000 0.323333 925 0 388
125 0.000000 0.327500 925 0 393
126 0.000000 0.341667 718 0 410
127 0.000000 0.348333 826 0 418
128 0.000000 0.362500 715 0 435
129 0.000000 0.368333 803 0 442
130 0.000000 0.382500 1755 0 459
131 0.000000 0.399167 2286 0 479
132 0.000000 0.428333 1991 0 514
133 0.000000 0.467500 997 0 561
134 0.000000 0.481667 1302 0 578
135 0.000000 0.497500 1210 0 597
136 0.000000 0.515000 1640 0 618
137 0.000000 0.520000 1830 0 624
138 0.000000 0.530000 1804 0 636
139 0.000000 0.537500 1781 0 645
140 0.000000 0.539167 1771 0 647
141 0.008333 0.539167 2040 10 647
142 0.013333 0.539167 2024 16 647
143 0.016667 0.539167 1998 20 647
144 0.022500 0.539167 2053 27 647
145 0.034167 0.539167 1627 41 647
146 0.039167 0.539167 1456 47 647
147 0.046667 0.539167 1568 56 647
148 0.057500 0.539167 1072 69 647
149 0.060833 0.539167 1069 73 647
150 0.065833 0.539167 1246 79 647
151 0.073333 0.539167 1118 88 647
152 0.080000 0.539167 1089 96 647
153 0.096667 0.539167 908 116 647
154 0.116667 0.539167 1489 140 647
155 0.139167 0.539167 1013 167 647
156 0.158333 0.539167 731 190 647
157 0.162500 0.539167 715 195 647
158 0.170000 0.539167 682 204 647
159 0.171667 0.539167 688 206 647
160 0.175000 0.539167 662 210 647
161 0.194167 0.539167 711 233 647
162 0.205000 0.539167 816 246 647
163 0.225833 0.539167 1246 271 647
164 0.242500 0.539167 2070 291 647
165 0.274167 0.539167 974 329 647
166 0.285000 0.539167 1407 342 647
167 0.294167 0.539167 1105 353 647
168 0.300833 0.539167 1125 361 647
169 0.314167 0.539167 994 377 647
170 0.333333 0.539167 1263 400 647
171 0.342500 0.539167 1551 411 647
172 0.366667 0.539167 2352 440 647
173 0.374167 0.539167 2066 449 647
174 0.395833 0.539167 2473 475 647
175 0.403333 0.539167 2185 484 647
176 0.436667 0.539167 1801 524 647
177 0.451667 0.539167 1499 542 647
178 0.471667 0.539167 1017 566 647
179 0.494167 0.539167 1538 593 647
180 0.498333 0.539167 1525 598 647
181 0.527500 0.539167 1282 633 647
182 0.535833 0.539167 1036 643 647
Edges 483
1 26 1
2 18 6
3 2 2
4 3 3
5 21 8
6 7 4
7 65 17
8 19 9
9 27 5
10 27 13
11 26 10
12 26 11
13 30 7
14 19 12
15 24 14
16 29 19
17 46 15
18 20 18
19 38 16
20 33 22
21 32 24
22 44 30
23 33 20
24 31 21
25 46 23
26 50 27
27 34 25
28 22 26
29 44 28
30 65 29
31 41 32
32 43 34
33 40 35
34 52 38
35 36 33
36 58 41
37 50 40
38 51 36
39 49 45
40 39 37
41 34 31
42 55 43
43 58 46
44 37 42
45 61 47
46 55 48
47 57 52
48 41 44
49 60 49
50 47 39
51 53 50
52 62 53
53 54 51
54 65 55
55 63 62
56 59 54
57 60 59
58 77 60
59 69 56
60 71 58
61 76 67
62 80 73
63 82 61
64 78 70
65 100 71
66 72 64
67 89 78
68 47 57
69 66 65
70 74 63
71 86 79
72 62 68
73 76 74
74 67 66
75 109 102
76 91 83
77 84 84
78 92 81
79 91 80
80 75 72
81 90 76
82 125 113
83 60 69
84 76 88
85 74 75
86 90 82
87 69 77
88 134 95
89 119 107
90 102 91
91 99 94
92 82 89
93 82 93
94 62 85
95 87 86
96 62 90
97 80 97
98 94 92
99 90 96
100 104 101
101 85 99
102 140 115
103 111 104
104 77 87
105 84 98
106 75 103
107 118 110
108 91 100
109 107 117
110 116 112
111 143 118
112 104 105
113 124 122
114 108 108
115 106 109
116 127 119
117 104 116
118 128 121
119 122 123
120 115 111
121 137 139
122 146 140
123 141 127
124 142 124
125 135 136
126 143 130
127 176 132
128 131 128
129 75 106
130 117 126
131 134 129
132 122 134
133 114 133
134 112 114
135 132 137
136 109 125
137 153 145
138 140 138
139 140 141
140 113 120
141 143 135
142 123 131
143 213 169
144 133 146
145 130 142
146 143 143
147 135 150
148 139 149
149 134 144
150 141 148
151 154 160
152 156 152
153 115 151
154 149 156
155 139 157
156 158 161
157 140 154
158 151 159
159 133 158
160 115 147
161 156 163
162 149 155
163 139 162
164 138 164
165 147 153
166 156 166
167 162 167
168 159 165
169 181 176
170 158 171
171 165 168
172 158 174
173 160 175
174 169 172
175 168 178
176 174 177
177 184 183
178 159 173
179 165 181
180 167 179
181 160 170
182 170 182
183 176 184
184 166 180
185 177 185
186 160 186
187 170 189
188 201 194
189 180 187
190 187 193
191 174 191
192 202 197
193 217 207
194 187 195
195 160 188
196 181 190
197 191 196
198 166 192
199 192 198
200 189 199
201 213 203
202 220 208
203 232 214
204 207 200
205 195 201
206 194 202
207 218 213
208 196 206
209 204 204
210 198 209
211 198 205
212 203 210
213 237 224
214 227 225
215 210 211
216 238 222
217 236 227
218 240 219
219 230 218
220 246 235
221 196 212
222 211 217
223 208 215
224 239 226
225 205 216
226 248 231
227 242 232
228 222 228
229 223 221
230 233 229
231 205 223
232 216 220
233 237 233
234 229 230
235 255 238
236 272 242
237 238 236
238 252 251
239 253 246
240 227 234
241 232 239
242 276 243
243 232 237
244 262 249
245 248 244
246 271 262
247 239 247
248 240 240
249 256 241
250 249 245
251 232 248
252 261 255
253 246 252
254 250 254
255 267 263
256 269 257
257 243 250
258 259 253
259 248 256
260 269 258
261 277 267
262 276 268
263 267 266
264 257 261
265 258 265
266 272 270
267 289 280
268 269 274
269 289 281
270 269 269
271 266 259
272 262 260
273 264 271
274 288 278
275 269 273
276 278 272
277 246 264
278 299 288
279 293 277
280 277 276
281 277 279
282 293 285
283 287 287
284 276 284
285 257 275
286 280 282
287 302 289
288 306 296
289 305 299
290 286 283
291 303 293
292 299 295
293 308 294
294 261 286
295 281 292
296 329 307
297 298 290
298 284 301
299 331 323
300 262 291
301 308 298
302 310 304
303 290 300
304 293 303
305 306 306
306 304 305
307 311 309
308 292 302
309 295 308
310 285 297
311 302 310
312 299 314
313 292 311
314 308 313
315 289 316
316 291 318
317 310 312
318 311 315
319 324 324
320 285 317
321 301 319
322 316 322
323 305 320
324 330 328
325 318 321
326 286 325
327 337 330
328 348 333
329 315 327
330 329 331
331 339 336
332 326 332
333 335 337
334 305 329
335 357 339
336 330 335
337 318 326
338 306 338
339 351 348
340 332 340
341 365 359
342 336 342
343 303 334
344 340 343
345 355 345
346 334 344
347 353 357
348 362 358
349 341 354
350 342 352
351 348 355
352 339 350
353 344 353
354 335 351
355 337 341
356 358 347
357 343 349
358 347 356
359 357 360
360 329 361
361 367 365
362 365 363
363 377 367
364 329 346
365 383 379
366 343 362
367 377 374
368 381 372
369 343 371
370 364 366
371 351 370
372 376 375
373 340 369
374 357 364
375 380 381
376 383 380
377 372 376
378 366 377
379 355 373
380 384 382
381 388 384
382 355 368
383 392 387
384 390 388
385 373 385
386 404 389
387 371 383
388 433 398
389 379 386
390 394 392
391 404 390
392 398 394
393 374 378
394 407 401
395 388 396
396 398 399
397 374 391
398 412 406
399 385 393
400 401 402
401 397 397
402 383 395
403 417 407
404 408 408
405 389 403
406 393 400
407 426 431
408 417 414
409 389 404
410 433 411
411 433 412
412 407 410
413 409 413
414 387 405
415 398 415
416 406 416
417 420 425
418 413 419
419 382 418
420 407 424
421 422 426
422 428 422
423 421 421
424 430 432
425 416 423
426 447 441
427 420 429
428 401 409
429 402 427
430 418 433
431 415 428
432 419 430
433 404 417
434 443 442
435 428 438
436 442 435
437 426 439
438 429 434
439 421 440
440 431 444
441 427 437
442 402 420
443 462 445
444 432 436
445 428 443
446 444 446
447 479 453
449 459 451
450 442 447
451 441 454
452 442 448
453 433 452
454 433 449
455 473 457
456 448 459
457 469 466
458 446 450
459 472 468
460 451 456
461 455 458
462 458 472
463 468 476
464 458 461
465 458 462
466 462 473
467 466 474
468 467 475
469 463 465
470 457 467
471 470 477
472 471 478
473 449 463
474 473 469
475 474 464
476 435 455
477 456 479
478 448 480
479 478 470
480 479 481
481 460 482
482 453 460
483 482 483
484 454 471
RunoffEdges 182
17 0
25 1
16 2
22 3
11 4
12 5
26 6
26 7
1 8
33 9
33 10
20 11
18 12
2 13
3 14
4 15
4 16
36 17
36 18
5 19
21 20
6 21
7 22
65 23
30 24
30 25
13 26
53 27
51 28
51 29
51 30
38 31
8 32
14 33
9 34
27 35
10 36
31 37
31 38
31 39
31 40
15 41
15 42
24 43
31 44
48 45
48 46
56 47
59 48
69 49
87 50
95 51
110 52
116 53
127 54
176 55
176 56
176 57
176 58
176 59
183 60
197 61
197 62
197 63
229 64
234 65
250 66
254 67
260 68
269 69
270 70
275 71
296 72
296 73
296 74
329 75
319 76
324 77
330 78
336 79
342 80
350 81
360 82
368 83
381 84
388 85
395 86
433 87
433 88
410 89
411 90
433 91
433 92
433 93
433 94
433 95
433 96
454 97
454 98
454 99
454 100
17 101
46 102
55 103
63 104
82 105
93 106
125 107
135 108
147 109
165 110
179 111
203 112
203 113
203 114
212 115
212 116
241 117
251 118
273 119
273 120
273 121
283 122
287 123
302 124
307 125
311 126
325 127
327 128
337 129
355 130
382 131
382 132
419 133
432 134
444 135
446 136
458 137
464 138
464 139
464 140
465 141
462 142
462 143
466 144
467 145
468 146
463 147
469 148
457 149
470 150
471 151
472 152
459 153
473 154
474 155
475 156
461 157
461 158
461 159
435 160
435 161
435 162
476 163
450 164
452 165
452 166
452 167
477 168
456 169
456 170
448 171
478 172
479 173
480 174
460 175
481 176
482 177
482 178
483 179
484 180
454 181
