Peaks 776
1 0.000000 0.000000 15334 0 0
2 0.016667 0.000000 15354 20 0
3 0.021667 0.000000 15935 26 0
4 0.089167 0.000000 13408 107 0
5 0.277500 0.000000 19534 333 0
6 0.280833 0.000000 19356 337 0
7 0.301667 0.000000 16437 362 0
8 0.312500 0.000000 15354 375 0
9 0.333333 0.000000 14947 400 0
10 0.347500 0.000000 16489 417 0
11 0.350000 0.000000 16499 420 0
12 0.351667 0.000000 16509 422 0
13 0.445833 0.000000 14573 535 0
14 0.479167 0.000000 15856 575 0
15 0.491667 0.000000 14717 590 0
16 0.498333 0.000000 12910 598 0
17 0.502500 0.000000 12962 603 0
18 0.174167 0.000833 18943 209 1
19 0.169167 0.001667 18431 203 2
20 0.029167 0.002500 16043 35 3
21 0.046667 0.002500 17808 56 3
22 0.369167 0.003333 20193 443 4
23 0.145833 0.004167 14268 175 5
24 0.273333 0.004167 19783 328 5
25 0.043333 0.006667 17946 52 8
26 0.086667 0.006667 14025 104 8
27 0.370000 0.006667 20196 444 8
28 0.539167 0.006667 15725 647 8
29 0.000000 0.007500 16020 0 9
30 0.094167 0.008333 13054 113 10
31 0.000000 0.010833 15971 0 13
32 0.041667 0.010833 18740 50 13
33 0.181667 0.010833 18930 218 13
34 0.252500 0.010833 21085 303 13
35 0.372500 0.010833 20324 447 13
36 0.434167 0.011667 14911 521 14
37 0.238333 0.014167 20410 286 17
38 0.448333 0.014167 16040 538 17
39 0.245000 0.015000 19999 294 18
40 0.080833 0.016667 14793 97 20
41 0.185000 0.017500 19363 222 21
42 0.530000 0.017500 15206 636 21
43 0.295000 0.019167 17194 354 23
44 0.184167 0.020833 19150 221 25
45 0.440833 0.022500 15853 529 27
46 0.517500 0.024167 15544 621 29
47 0.000000 0.025833 16925 0 31
48 0.438333 0.026667 15974 526 32
49 0.000000 0.027500 16948 0 33
50 0.337500 0.030000 18812 405 36
51 0.375833 0.030000 20580 451 36
52 0.135000 0.032500 13454 162 39
53 0.183333 0.032500 20767 220 39
54 0.434167 0.032500 16013 521 39
55 0.365000 0.034167 19875 438 41
56 0.026667 0.035000 21332 32 42
57 0.079167 0.035833 14606 95 43
58 0.192500 0.036667 20738 231 44
59 0.376667 0.036667 19304 452 44
60 0.079167 0.038333 14688 95 46
61 0.279167 0.039167 18208 335 47
62 0.337500 0.039167 19169 405 47
63 0.504167 0.039167 16735 605 47
64 0.165833 0.040000 18041 199 48
65 0.396667 0.042500 18257 476 51
66 0.196667 0.043333 20150 236 52
67 0.343333 0.043333 19780 412 52
68 0.000000 0.044167 18749 0 53
69 0.155000 0.044167 17158 186 53
70 0.364167 0.044167 19481 437 53
71 0.078333 0.045833 15088 94 55
72 0.000000 0.046667 18950 0 56
73 0.245833 0.048333 18218 295 58
74 0.122500 0.049167 10193 147 59
75 0.300833 0.049167 16929 361 59
76 0.243333 0.050000 18264 292 60
77 0.539167 0.050833 14235 647 61
78 0.469167 0.052500 20193 563 63
79 0.480833 0.052500 19406 577 63
80 0.281667 0.053333 19534 338 64
81 0.305000 0.054167 17339 366 65
82 0.000833 0.055833 21725 1 67
83 0.120833 0.055833 10157 145 67
84 0.212500 0.056667 22057 255 68
85 0.140833 0.058333 14406 169 70
86 0.011667 0.060000 22004 14 72
87 0.463333 0.060000 19819 556 72
88 0.289167 0.063333 21095 347 76
89 0.213333 0.069167 21755 256 83
90 0.230833 0.069167 20656 277 83
91 0.539167 0.070000 16131 647 84
92 0.025833 0.070833 18759 31 85
93 0.228333 0.070833 20544 274 85
94 0.239167 0.071667 19409 287 86
95 0.287500 0.071667 21469 345 86
96 0.069167 0.073333 19189 83 88
97 0.093333 0.073333 15026 112 88
98 0.212500 0.074167 21286 255 89
99 0.457500 0.074167 22020 549 89
100 0.288333 0.075833 21656 346 91
101 0.000000 0.076667 17460 0 92
102 0.051667 0.076667 17158 62 92
103 0.352500 0.077500 23923 423 93
104 0.063333 0.078333 19117 76 94
105 0.178333 0.078333 19107 214 94
106 0.522500 0.078333 15695 627 94
107 0.205000 0.081667 20679 246 98
108 0.269167 0.081667 19986 323 98
109 0.365833 0.082500 23139 439 99
110 0.370000 0.083333 23047 444 100
111 0.000000 0.085000 18024 0 102
112 0.539167 0.085000 17335 647 102
113 0.378333 0.085833 23648 454 103
114 0.281667 0.086667 20154 338 104
115 0.280000 0.087500 20121 336 105
116 0.335000 0.087500 17217 402 105
117 0.380833 0.087500 23618 457 105
118 0.000000 0.088333 17929 0 106
119 0.242500 0.089167 18677 291 107
120 0.428333 0.090000 17575 514 108
121 0.534167 0.090833 17483 641 109
122 0.180000 0.091667 21564 216 110
123 0.388333 0.091667 23815 466 110
124 0.059167 0.093333 19796 71 112
125 0.355000 0.093333 21046 426 112
126 0.207500 0.094167 22178 249 113
127 0.410000 0.094167 21092 492 113
128 0.053333 0.095000 20068 64 114
129 0.533333 0.095000 17089 640 114
130 0.527500 0.098333 17837 633 118
131 0.201667 0.099167 21771 242 119
132 0.242500 0.100000 20469 291 120
133 0.045833 0.101667 19691 55 122
134 0.277500 0.101667 19560 333 122
135 0.246667 0.103333 21141 296 124
136 0.000000 0.104167 20702 0 125
137 0.117500 0.104167 11666 141 125
138 0.196667 0.104167 18815 236 125
139 0.525833 0.104167 18497 631 125
140 0.013333 0.105833 21069 16 127
141 0.195000 0.106667 18832 234 128
142 0.212500 0.106667 19822 255 128
143 0.214167 0.107500 19812 257 129
144 0.304167 0.107500 19931 365 129
145 0.166667 0.108333 17280 200 130
146 0.251667 0.109167 21351 302 131
147 0.523333 0.110833 19048 628 133
148 0.260833 0.113333 20515 313 136
149 0.164167 0.115000 16358 197 138
150 0.235000 0.115000 19534 282 138
151 0.222500 0.115833 19796 267 139
152 0.287500 0.115833 19609 345 139
153 0.303333 0.115833 19803 364 139
154 0.263333 0.116667 20377 316 140
155 0.242500 0.117500 19478 291 141
156 0.271667 0.117500 20935 326 141
157 0.110833 0.118333 12851 133 142
158 0.125000 0.118333 12706 150 142
159 0.378333 0.119167 22286 454 143
160 0.115833 0.120000 12860 139 144
161 0.278333 0.120000 19750 334 144
162 0.000000 0.120833 15150 0 145
163 0.000000 0.122500 15154 0 147
164 0.103333 0.123333 13687 124 148
165 0.520833 0.123333 20810 625 148
166 0.185833 0.124167 16512 223 149
167 0.369167 0.125000 20836 443 150
168 0.513333 0.125000 20741 616 150
169 0.356667 0.125833 21525 428 151
170 0.508333 0.125833 20849 610 151
171 0.273333 0.126667 19504 328 152
172 0.470833 0.126667 19996 565 152
173 0.102500 0.127500 13828 123 153
174 0.350000 0.127500 22129 420 153
175 0.412500 0.128333 21965 495 154
176 0.216667 0.130000 17043 260 156
177 0.331667 0.130000 19393 398 156
178 0.211667 0.133333 16751 254 160
179 0.273333 0.134167 20232 328 161
180 0.357500 0.135833 21207 429 163
181 0.481667 0.135833 21043 578 163
182 0.495000 0.138333 20941 594 166
183 0.252500 0.139167 17516 303 167
184 0.410000 0.139167 21479 492 167
185 0.029167 0.141667 17490 35 170
186 0.205833 0.141667 16873 247 170
187 0.366667 0.141667 21407 440 170
188 0.393333 0.141667 21197 472 170
189 0.270833 0.142500 19527 325 171
190 0.473333 0.142500 19229 568 171
191 0.298333 0.143333 19002 358 172
192 0.304167 0.143333 18979 365 172
193 0.016667 0.145000 17555 20 174
194 0.416667 0.145000 20971 500 174
195 0.000000 0.145833 19770 0 175
196 0.479167 0.150000 18083 575 180
197 0.112500 0.150833 18622 135 181
198 0.291667 0.152500 19238 350 183
199 0.389167 0.152500 20554 467 183
200 0.315833 0.153333 18277 379 184
201 0.265833 0.155000 20636 319 186
202 0.379167 0.155000 20492 455 186
203 0.085833 0.156667 18517 103 188
204 0.080000 0.157500 17601 96 189
205 0.111667 0.157500 18313 134 189
206 0.326667 0.157500 18894 392 189
207 0.357500 0.157500 21217 429 189
208 0.465833 0.157500 21873 559 189
209 0.107500 0.159167 17939 129 191
210 0.117500 0.160833 17306 141 193
211 0.276667 0.160833 20859 332 193
212 0.309167 0.160833 18546 371 193
213 0.465833 0.161667 21893 559 194
214 0.247500 0.162500 22270 297 195
215 0.372500 0.162500 21030 447 195
216 0.000000 0.163333 17762 0 196
217 0.086667 0.163333 18064 104 196
218 0.105833 0.163333 18061 127 196
219 0.162500 0.164167 17057 195 197
220 0.361667 0.164167 22007 434 197
221 0.385833 0.165833 19924 463 199
222 0.535000 0.165833 19189 642 199
223 0.219167 0.166667 16473 263 200
224 0.530000 0.166667 19163 636 200
225 0.230833 0.167500 18116 277 201
226 0.238333 0.169167 20226 286 203
227 0.309167 0.169167 19543 371 203
228 0.330000 0.172500 22080 396 207
229 0.290833 0.173333 20200 349 208
230 0.352500 0.173333 23392 423 208
231 0.084167 0.174167 17979 101 209
232 0.102500 0.175000 18241 123 210
233 0.034167 0.176667 16400 41 212
234 0.166667 0.176667 17490 200 212
235 0.342500 0.177500 22604 411 213
236 0.000000 0.180000 14799 0 216
237 0.455833 0.180833 25659 547 217
238 0.099167 0.182500 18044 119 219
239 0.253333 0.182500 18359 304 219
240 0.451667 0.182500 25538 542 219
241 0.370833 0.183333 20318 445 220
242 0.000000 0.184167 14996 0 221
243 0.081667 0.184167 18904 98 221
244 0.150833 0.185000 17828 181 222
245 0.292500 0.185000 20324 351 222
246 0.324167 0.185000 18435 389 222
247 0.020833 0.185833 16085 25 223
248 0.296667 0.185833 20078 356 223
249 0.075000 0.187500 18854 90 225
250 0.170833 0.187500 18251 205 225
251 0.534167 0.188333 15511 641 226
252 0.099167 0.190000 18543 119 228
253 0.510833 0.190833 19593 613 229
254 0.449167 0.191667 27700 539 230
255 0.501667 0.191667 19163 602 230
256 0.275833 0.192500 17519 331 231
257 0.079167 0.194167 19074 95 233
258 0.402500 0.195833 20374 483 235
259 0.346667 0.196667 21650 416 236
260 0.098333 0.197500 18162 118 237
261 0.152500 0.197500 18648 183 237
262 0.074167 0.199167 19146 89 239
263 0.174167 0.199167 21243 209 239
264 0.522500 0.201667 17903 627 242
265 0.000000 0.202500 16781 0 243
266 0.030000 0.204167 17992 36 245
267 0.075833 0.204167 19107 91 245
268 0.087500 0.204167 18293 105 245
269 0.165833 0.204167 20659 199 245
270 0.394167 0.205833 20534 473 247
271 0.139167 0.208333 16896 167 250
272 0.520833 0.208333 16870 625 250
273 0.022500 0.209167 18343 27 251
274 0.341667 0.209167 20853 410 251
275 0.079167 0.210833 20108 95 253
276 0.345000 0.212500 21030 414 255
277 0.019167 0.213333 18907 23 256
278 0.525000 0.213333 16466 630 256
279 0.151667 0.215833 18444 182 259
280 0.440000 0.215833 25075 528 259
281 0.016667 0.217500 19104 20 261
282 0.175000 0.218333 17969 210 262
283 0.075000 0.220000 19278 90 264
284 0.534167 0.220000 17089 641 264
285 0.016667 0.220833 19265 20 265
286 0.354167 0.220833 21876 425 265
287 0.538333 0.220833 17142 646 265
288 0.100833 0.221667 17270 121 266
289 0.163333 0.221667 20918 196 266
290 0.224167 0.222500 18549 269 267
291 0.001667 0.223333 18717 2 268
292 0.313333 0.223333 20068 376 268
293 0.364167 0.223333 21046 437 268
294 0.010833 0.224167 18973 13 269
295 0.220000 0.226667 18658 264 272
296 0.222500 0.226667 18779 267 272
297 0.262500 0.227500 18113 315 273
298 0.418333 0.228333 22536 502 274
299 0.284167 0.229167 18218 341 275
300 0.151667 0.230000 18208 182 276
301 0.087500 0.230833 19760 105 277
302 0.106667 0.231667 16519 128 278
303 0.214167 0.232500 17998 257 279
304 0.465833 0.232500 25515 559 279
305 0.287500 0.233333 18887 345 280
306 0.235000 0.235000 18717 282 282
307 0.000000 0.235833 16246 0 283
308 0.075833 0.236667 19081 91 284
309 0.080833 0.236667 19320 97 284
310 0.154167 0.237500 18398 185 285
311 0.412500 0.237500 21167 495 285
312 0.000000 0.240833 16069 0 289
313 0.225000 0.240833 18881 270 289
314 0.258333 0.240833 19084 310 289
315 0.070000 0.241667 18169 84 290
316 0.459167 0.241667 24747 551 290
317 0.067500 0.244167 18129 81 293
318 0.151667 0.244167 19320 182 293
319 0.226667 0.245833 18943 272 295
320 0.176667 0.247500 17283 212 297
321 0.183333 0.247500 18106 220 297
322 0.046667 0.249167 18218 56 299
323 0.450000 0.249167 23389 540 299
324 0.235000 0.250000 19124 282 300
325 0.000000 0.250833 15869 0 301
326 0.355000 0.250833 24402 426 301
327 0.135833 0.251667 16929 163 302
328 0.400000 0.251667 21391 480 302
329 0.151667 0.252500 18589 182 303
330 0.404167 0.252500 21443 485 303
331 0.055833 0.254167 18159 67 305
332 0.067500 0.254167 18431 81 305
333 0.338333 0.257500 24780 406 309
334 0.152500 0.259167 18366 183 311
335 0.384167 0.259167 22011 461 311
336 0.479167 0.259167 18782 575 311
337 0.185000 0.260000 19783 222 312
338 0.320000 0.260000 27447 384 312
339 0.332500 0.260000 23225 399 312
340 0.288333 0.260833 24999 346 313
341 0.335833 0.260833 22339 403 313
342 0.089167 0.262500 17499 107 315
343 0.279167 0.262500 25308 335 315
344 0.315833 0.262500 27260 379 315
345 0.009167 0.263333 17926 11 316
346 0.046667 0.263333 17742 56 316
347 0.275833 0.263333 25547 331 316
348 0.310833 0.263333 27791 373 316
349 0.000000 0.264167 16817 0 317
350 0.059167 0.264167 19265 71 317
351 0.123333 0.264167 18346 148 317
352 0.240833 0.265000 19416 289 318
353 0.156667 0.266667 18159 188 320
354 0.491667 0.266667 18425 590 320
355 0.495833 0.266667 18530 595 320
356 0.075000 0.267500 18011 90 321
357 0.452500 0.268333 18375 543 322
358 0.189167 0.269167 19465 227 323
359 0.269167 0.269167 25626 323 323
360 0.086667 0.270833 17883 104 325
361 0.266667 0.270833 25416 320 325
362 0.460000 0.270833 18116 552 325
363 0.011667 0.271667 18428 14 326
364 0.055000 0.271667 18959 66 326
365 0.128333 0.271667 17962 154 326
366 0.150833 0.271667 19081 181 326
367 0.177500 0.271667 20065 213 326
368 0.510833 0.271667 18690 613 326
369 0.516667 0.271667 18992 620 326
370 0.424167 0.272500 18956 509 327
371 0.198333 0.273333 18461 238 328
372 0.262500 0.273333 25331 315 328
373 0.465000 0.273333 18008 558 328
374 0.528333 0.273333 17440 634 328
375 0.231667 0.275000 18369 278 330
376 0.392500 0.275000 18953 471 330
377 0.168333 0.275833 19822 202 331
378 0.014167 0.278333 18238 17 334
379 0.115833 0.278333 18015 139 334
380 0.005000 0.279167 18310 6 335
381 0.160000 0.280000 20121 192 336
382 0.510000 0.280000 16738 612 336
383 0.053333 0.280833 18592 64 337
384 0.371667 0.281667 18618 446 338
385 0.015000 0.285000 17719 18 342
386 0.000000 0.285833 18070 0 343
387 0.052500 0.285833 18392 63 343
388 0.138333 0.285833 19747 166 343
389 0.069167 0.286667 17499 83 344
390 0.121667 0.286667 19763 146 344
391 0.000000 0.289167 17903 0 347
392 0.303333 0.290833 28992 364 349
393 0.110000 0.291667 18126 132 350
394 0.169167 0.293333 19468 203 352
395 0.185833 0.295000 19671 223 354
396 0.001667 0.296667 17952 2 356
397 0.281667 0.296667 24409 338 356
398 0.539167 0.296667 15203 647 356
399 0.056667 0.300000 18421 68 360
400 0.483333 0.300000 16916 580 360
401 0.046667 0.300833 19416 56 361
402 0.491667 0.300833 16151 590 361
403 0.075833 0.301667 18792 91 362
404 0.000000 0.303333 16909 0 364
405 0.061667 0.303333 18776 74 364
406 0.148333 0.307500 19301 178 369
407 0.538333 0.307500 16558 646 369
408 0.214167 0.309167 20137 257 371
409 0.136667 0.310833 18536 164 373
410 0.145833 0.310833 19212 175 373
411 0.443333 0.310833 18887 532 373
412 0.429167 0.311667 18946 515 374
413 0.000000 0.312500 16627 0 375
414 0.406667 0.312500 19212 488 375
415 0.385833 0.315000 19094 463 378
416 0.465000 0.315000 18684 558 378
417 0.140833 0.315833 19235 169 379
418 0.182500 0.316667 22434 219 380
419 0.062500 0.318333 19232 75 382
420 0.217500 0.318333 23369 261 382
421 0.090000 0.320000 18024 108 384
422 0.474167 0.320000 18028 569 384
423 0.506667 0.320000 16604 608 384
424 0.021667 0.320833 18835 26 385
425 0.410833 0.320833 19954 493 385
426 0.000000 0.321667 16476 0 386
427 0.184167 0.321667 22290 221 386
428 0.074167 0.322500 18776 89 387
429 0.085000 0.322500 17995 102 387
430 0.203333 0.322500 22198 244 387
431 0.477500 0.322500 17896 573 387
432 0.007500 0.323333 17979 9 388
433 0.485833 0.323333 18366 583 388
434 0.133333 0.324167 17319 160 389
435 0.150000 0.324167 20669 180 389
436 0.256667 0.324167 21676 308 389
437 0.192500 0.325000 21541 231 390
438 0.345000 0.325000 22293 414 390
439 0.000000 0.325833 16522 0 391
440 0.065833 0.325833 19071 79 391
441 0.195000 0.325833 21525 234 391
442 0.539167 0.325833 16958 647 391
443 0.294167 0.327500 24655 353 393
444 0.457500 0.327500 19179 549 393
445 0.290833 0.328333 24527 349 394
446 0.241667 0.330000 21876 290 396
447 0.539167 0.330000 16906 647 396
448 0.016667 0.330833 18802 20 397
449 0.045833 0.335000 18290 55 402
450 0.113333 0.335000 17808 136 402
451 0.341667 0.335000 22208 410 402
452 0.373333 0.335000 21184 448 402
453 0.404167 0.335833 20406 485 403
454 0.422500 0.336667 20666 507 404
455 0.445000 0.336667 20666 534 404
456 0.155833 0.337500 22844 187 405
457 0.200000 0.337500 20777 240 405
458 0.247500 0.338333 21151 297 406
459 0.396667 0.338333 20528 476 406
460 0.429167 0.339167 20698 515 407
461 0.167500 0.340000 22703 201 408
462 0.344167 0.340000 22782 413 408
463 0.419167 0.340000 20958 503 408
464 0.018333 0.340833 18920 22 409
465 0.082500 0.340833 18083 99 409
466 0.440000 0.341667 20807 528 410
467 0.105000 0.342500 18746 126 411
468 0.113333 0.343333 17867 136 412
469 0.235833 0.343333 20725 283 412
470 0.255000 0.343333 20967 306 412
471 0.477500 0.343333 18950 573 412
472 0.102500 0.344167 18730 123 413
473 0.519167 0.345000 15764 623 414
474 0.286667 0.345833 21496 344 415
475 0.496667 0.345833 18398 596 415
476 0.149167 0.347500 22043 179 417
477 0.337500 0.347500 22627 405 417
478 0.000000 0.348333 17030 0 418
479 0.100833 0.348333 19806 121 418
480 0.250000 0.348333 21233 300 418
481 0.025000 0.349167 20620 30 419
482 0.108333 0.349167 18038 130 419
483 0.449167 0.349167 20039 539 419
484 0.460000 0.349167 19596 552 419
485 0.537500 0.350833 19189 645 421
486 0.102500 0.351667 19799 123 422
487 0.530000 0.351667 18756 636 422
488 0.500000 0.353333 18645 600 424
489 0.442500 0.355000 20055 531 426
490 0.505833 0.355833 19140 607 427
491 0.285833 0.356667 22342 343 428
492 0.461667 0.357500 19704 554 429
493 0.349167 0.359167 22011 419 431
494 0.000000 0.360000 18264 0 432
495 0.473333 0.360000 18818 568 432
496 0.480833 0.360000 18763 577 432
497 0.535833 0.360000 17473 643 432
498 0.373333 0.361667 20908 448 434
499 0.108333 0.362500 19901 130 435
500 0.349167 0.365833 23589 419 439
501 0.370000 0.365833 21164 444 439
502 0.394167 0.365833 20390 473 439
503 0.290833 0.367500 21509 349 441
504 0.445000 0.367500 19576 534 441
505 0.211667 0.370000 21420 254 444
506 0.280833 0.370000 22499 337 444
507 0.327500 0.370000 22936 393 444
508 0.335000 0.370000 22923 402 444
509 0.500833 0.370000 18261 601 444
510 0.520000 0.370833 19668 624 445
511 0.000000 0.371667 17483 0 446
512 0.515000 0.371667 20098 618 446
513 0.194167 0.372500 22096 233 447
514 0.047500 0.373333 23858 57 448
515 0.459167 0.373333 19071 551 448
516 0.473333 0.373333 18126 568 448
517 0.527500 0.374167 18018 633 449
518 0.530833 0.375000 18047 637 450
519 0.029167 0.375833 24051 35 451
520 0.161667 0.376667 22457 194 452
521 0.060000 0.377500 23848 72 453
522 0.141667 0.378333 20980 170 454
523 0.168333 0.379167 22185 202 455
524 0.110833 0.380000 21446 133 456
525 0.340000 0.380000 21755 408 456
526 0.502500 0.380000 17565 603 456
527 0.000000 0.380833 17624 0 457
528 0.275000 0.381667 21361 330 458
529 0.215833 0.383333 22595 259 460
530 0.367500 0.385000 21440 441 462
531 0.406667 0.385000 20232 488 462
532 0.220833 0.386667 21899 265 464
533 0.423333 0.387500 19865 508 465
534 0.018333 0.390000 22053 22 468
535 0.101667 0.392500 23041 122 471
536 0.204167 0.392500 22598 245 471
537 0.402500 0.392500 20216 483 471
538 0.431667 0.392500 19402 518 471
539 0.186667 0.393333 21994 224 472
540 0.023333 0.394167 21492 28 473
541 0.350833 0.395000 21578 421 474
542 0.070000 0.396667 26866 84 476
543 0.439167 0.397500 19081 527 477
544 0.482500 0.398333 18572 579 478
545 0.183333 0.399167 21745 220 479
546 0.474167 0.399167 19209 569 479
547 0.144167 0.400833 26040 173 481
548 0.403333 0.400833 20672 484 481
549 0.000000 0.403333 18674 0 484
550 0.344167 0.403333 22473 413 484
551 0.018333 0.404167 21538 22 485
552 0.220000 0.404167 21204 264 485
553 0.127500 0.405833 24202 153 487
554 0.470833 0.405833 18635 565 487
555 0.329167 0.406667 22306 395 488
556 0.343333 0.407500 22408 412 489
557 0.110000 0.408333 25311 132 490
558 0.091667 0.409167 25790 110 491
559 0.115833 0.409167 25088 139 491
560 0.309167 0.410000 22437 371 492
561 0.391667 0.410833 20377 470 493
562 0.000000 0.412500 19255 0 495
563 0.215833 0.412500 21430 259 495
564 0.460000 0.412500 19028 552 495
565 0.296667 0.413333 23047 356 496
566 0.328333 0.413333 22752 394 496
567 0.539167 0.413333 17926 647 496
568 0.340833 0.415000 22746 409 498
569 0.539167 0.415833 17949 647 499
570 0.319167 0.416667 22388 383 500
571 0.364167 0.416667 23008 437 500
572 0.528333 0.417500 18497 634 501
573 0.347500 0.418333 22427 417 502
574 0.530833 0.418333 18513 637 502
575 0.493333 0.420833 18530 592 505
576 0.195000 0.421667 20846 234 506
577 0.280833 0.421667 21384 337 506
578 0.359167 0.421667 22496 431 506
579 0.457500 0.421667 18950 549 506
580 0.172500 0.422500 21637 207 507
581 0.286667 0.423333 21610 344 508
582 0.438333 0.423333 19146 526 508
583 0.000000 0.424167 18487 0 509
584 0.218333 0.425833 20433 262 511
585 0.125833 0.426667 21259 151 512
586 0.323333 0.428333 21706 388 514
587 0.435000 0.428333 19399 522 514
588 0.454167 0.428333 19091 545 514
589 0.526667 0.428333 18943 632 514
590 0.024167 0.429167 20836 29 515
591 0.157500 0.429167 21486 189 515
592 0.190833 0.429167 20869 229 515
593 0.473333 0.429167 19192 568 515
594 0.267500 0.430000 21394 321 516
595 0.275833 0.430000 21899 331 516
596 0.369167 0.430833 20889 443 517
597 0.054167 0.431667 22854 65 518
598 0.168333 0.431667 21945 202 518
599 0.424167 0.432500 19888 509 519
600 0.451667 0.433333 19022 542 520
601 0.534167 0.433333 18513 641 520
602 0.353333 0.434167 20639 424 521
603 0.490000 0.434167 18421 588 521
604 0.035000 0.435000 21148 42 522
605 0.467500 0.435000 19091 561 522
606 0.000000 0.437500 18093 0 525
607 0.095000 0.437500 22076 114 525
608 0.322500 0.437500 21614 387 525
609 0.385833 0.438333 20291 463 526
610 0.449167 0.438333 18940 539 526
611 0.405833 0.439167 20022 487 527
612 0.028333 0.440833 20708 34 529
613 0.392500 0.440833 20754 471 529
614 0.415833 0.440833 20731 499 529
615 0.158333 0.441667 21522 190 530
616 0.046667 0.442500 21453 56 531
617 0.320000 0.442500 21289 384 531
618 0.352500 0.442500 20935 423 531
619 0.000000 0.443333 17988 0 532
620 0.273333 0.444167 20846 328 533
621 0.425833 0.444167 19494 511 533
622 0.120000 0.445833 21683 144 535
623 0.124167 0.445833 21204 149 535
624 0.126667 0.445833 21079 152 535
625 0.113333 0.446667 22880 136 536
626 0.300000 0.446667 20964 360 536
627 0.313333 0.447500 21522 376 537
628 0.388333 0.448333 20187 466 538
629 0.000000 0.449167 17933 0 539
630 0.194167 0.449167 20459 233 539
631 0.516667 0.449167 17221 620 539
632 0.041667 0.450000 21233 50 540
633 0.091667 0.450000 23871 110 540
634 0.175000 0.450000 21233 210 540
635 0.539167 0.450000 16614 647 540
636 0.384167 0.452500 20249 461 543
637 0.456667 0.453333 18956 548 544
638 0.470833 0.453333 18615 565 544
639 0.187500 0.454167 20209 225 545
640 0.205000 0.455000 20118 246 546
641 0.357500 0.455000 20495 429 546
642 0.000000 0.455833 18211 0 547
643 0.440833 0.455833 21089 529 547
644 0.300833 0.456667 21538 361 548
645 0.181667 0.458333 20971 218 550
646 0.104167 0.459167 22240 125 551
647 0.139167 0.460000 20488 167 552
648 0.420833 0.460000 22053 505 552
649 0.360000 0.461667 20265 432 554
650 0.000000 0.463333 18982 0 556
651 0.331667 0.463333 20931 398 556
652 0.463333 0.464167 18303 556 557
653 0.113333 0.465833 21729 136 559
654 0.253333 0.465833 20374 304 559
655 0.066667 0.466667 22286 80 560
656 0.175000 0.466667 20902 210 560
657 0.405000 0.466667 20403 486 560
658 0.524167 0.467500 18021 629 561
659 0.000000 0.468333 18608 0 562
660 0.166667 0.469167 20262 200 563
661 0.415000 0.469167 20423 498 563
662 0.089167 0.470833 21607 107 565
663 0.127500 0.470833 21505 153 565
664 0.400000 0.470833 20577 480 565
665 0.534167 0.472500 18195 641 567
666 0.253333 0.474167 20521 304 569
667 0.310000 0.474167 20203 372 569
668 0.529167 0.474167 18182 635 569
669 0.289167 0.475000 20374 347 570
670 0.115833 0.475833 21230 139 571
671 0.183333 0.475833 21062 220 571
672 0.448333 0.475833 19048 538 571
673 0.054167 0.476667 21112 65 572
674 0.086667 0.476667 21788 104 572
675 0.392500 0.476667 20187 471 572
676 0.240833 0.478333 19799 289 574
677 0.263333 0.479167 20462 316 575
678 0.495000 0.479167 18182 594 575
679 0.507500 0.480000 18441 609 576
680 0.000000 0.480833 17260 0 577
681 0.277500 0.480833 20738 333 577
682 0.333333 0.480833 19865 400 577
683 0.426667 0.480833 19304 512 577
684 0.075833 0.481667 20925 91 578
685 0.387500 0.481667 20449 465 578
686 0.515833 0.481667 18877 619 578
687 0.452500 0.483333 18687 543 580
688 0.465000 0.485833 17972 558 583
689 0.090833 0.486667 21833 109 584
690 0.181667 0.486667 20206 218 584
691 0.520000 0.486667 18162 624 584
692 0.471667 0.487500 18097 566 585
693 0.497500 0.487500 18398 597 585
694 0.407500 0.488333 19425 489 586
695 0.490000 0.488333 18162 588 586
696 0.284167 0.489167 19888 341 587
697 0.389167 0.489167 20295 467 587
698 0.240000 0.490000 19806 288 588
699 0.336667 0.490833 19409 404 589
700 0.381667 0.490833 19806 458 589
701 0.080000 0.491667 21397 96 590
702 0.146667 0.491667 20249 176 590
703 0.446667 0.493333 18408 536 592
704 0.515000 0.493333 17565 618 592
705 0.039167 0.495833 19842 47 595
706 0.340000 0.495833 19038 408 595
707 0.097500 0.496667 21617 117 596
708 0.392500 0.496667 20101 471 596
709 0.185000 0.497500 19717 222 597
710 0.445000 0.497500 18464 534 597
711 0.265833 0.499167 19737 319 599
712 0.127500 0.500000 21702 153 600
713 0.373333 0.500000 19842 448 600
714 0.141667 0.500833 20810 170 601
715 0.285833 0.500833 19790 343 601
716 0.110000 0.502500 21469 132 603
717 0.123333 0.504167 21840 148 605
718 0.510000 0.505000 16938 612 606
719 0.317500 0.505833 18615 381 607
720 0.187500 0.506667 19406 225 608
721 0.105833 0.507500 21532 127 609
722 0.435000 0.507500 19639 522 609
723 0.260000 0.509167 19553 312 611
724 0.102500 0.511667 21640 123 614
725 0.247500 0.511667 19773 297 614
726 0.291667 0.511667 18782 350 614
727 0.321667 0.511667 18513 386 614
728 0.120000 0.515000 20656 144 618
729 0.188333 0.515000 19599 226 618
730 0.426667 0.515000 19330 512 618
731 0.288333 0.515833 18723 346 619
732 0.314167 0.516667 18028 377 620
733 0.415833 0.518333 19097 499 622
734 0.094167 0.519167 20813 113 623
735 0.239167 0.520000 20098 287 624
736 0.000000 0.520833 16886 0 625
737 0.119167 0.520833 21085 143 625
738 0.081667 0.521667 20606 98 626
739 0.439167 0.523333 19350 527 628
740 0.000000 0.525000 16804 0 630
741 0.142500 0.525000 20866 171 630
742 0.117500 0.525833 20915 141 631
743 0.370000 0.526667 18959 444 632
744 0.433333 0.526667 18956 520 632
745 0.138333 0.527500 20800 166 633
746 0.356667 0.527500 19005 428 633
747 0.115833 0.530000 21167 139 636
748 0.242500 0.530000 19803 291 636
749 0.236667 0.530833 19465 284 637
750 0.463333 0.531667 16919 556 638
751 0.000000 0.533333 17322 0 640
752 0.123333 0.533333 21433 148 640
753 0.130000 0.533333 21400 156 640
754 0.469167 0.534167 17240 563 641
755 0.106667 0.535000 21259 128 642
756 0.000000 0.535833 17434 0 643
757 0.320833 0.535833 17496 385 643
758 0.487500 0.535833 16955 585 643
759 0.424167 0.538333 17916 509 646
760 0.063333 0.539167 18418 76 647
761 0.085833 0.539167 20209 103 647
762 0.087500 0.539167 20180 105 647
763 0.094167 0.539167 20377 113 647
764 0.157500 0.539167 19491 189 647
765 0.237500 0.539167 18907 285 647
766 0.307500 0.539167 16151 369 647
767 0.438333 0.539167 16325 526 647
768 0.448333 0.539167 17667 538 647
769 0.472500 0.539167 17201 567 647
770 0.478333 0.539167 16601 574 647
771 0.495833 0.539167 16519 595 647
772 0.501667 0.539167 16210 602 647
773 0.504167 0.539167 16276 605 647
774 0.515833 0.539167 16381 619 647
775 0.524167 0.539167 16128 629 647
776 0.539167 0.539167 17234 647 647
PromSaddles 775
1 0.017500 0.000000 15324 21 0
2 0.023333 0.000000 15695 28 0
3 0.280000 0.000000 19347 336 0
4 0.300000 0.000000 16374 360 0
5 0.311667 0.000000 15351 374 0
6 0.334167 0.000000 14927 401 0
7 0.349167 0.000000 16443 419 0
8 0.350833 0.000000 16482 421 0
9 0.352500 0.000000 16377 423 0
10 0.490000 0.000000 14455 588 0
11 0.497500 0.000000 12857 597 0
12 0.500833 0.000000 12818 601 0
13 0.000000 0.000833 15275 0 1
14 0.088333 0.000833 13372 106 1
15 0.276667 0.000833 19468 332 1
16 0.171667 0.001667 18031 206 2
17 0.446667 0.001667 14422 536 2
18 0.147500 0.002500 14146 177 3
19 0.029167 0.003333 15964 35 4
20 0.046667 0.004167 17634 56 5
21 0.178333 0.005000 18054 214 6
22 0.369167 0.005833 20049 443 7
23 0.270833 0.007500 19534 325 9
24 0.041667 0.008333 17818 50 10
25 0.092500 0.008333 12890 111 10
26 0.370000 0.008333 20049 444 10
27 0.000833 0.009167 15823 1 11
28 0.084167 0.010000 13789 101 12
29 0.435000 0.011667 14773 522 14
30 0.466667 0.012500 14475 560 15
31 0.183333 0.013333 18622 220 16
32 0.040000 0.014167 18349 48 17
33 0.243333 0.014167 19422 292 17
34 0.246667 0.014167 19875 296 17
35 0.000000 0.015000 15387 0 18
36 0.532500 0.015833 15088 639 19
37 0.293333 0.016667 16952 352 20
38 0.444167 0.016667 15288 533 20
39 0.525833 0.019167 14750 631 23
40 0.184167 0.020000 19028 221 24
41 0.376667 0.021667 18362 452 26
42 0.182500 0.023333 18815 219 28
43 0.440000 0.024167 15567 528 29
44 0.000000 0.026667 16912 0 32
45 0.000000 0.028333 16925 0 34
46 0.080000 0.028333 14133 96 34
47 0.513333 0.029167 15075 616 35
48 0.371667 0.031667 19284 446 38
49 0.434167 0.031667 15803 521 38
50 0.135833 0.033333 13310 163 40
51 0.186667 0.034167 20187 224 41
52 0.340833 0.034167 18645 409 41
53 0.275833 0.035000 17683 331 42
54 0.430000 0.035000 15675 516 42
55 0.375833 0.035833 19022 451 43
56 0.391667 0.035833 16942 470 43
57 0.079167 0.036667 14468 95 44
58 0.170833 0.036667 17683 205 44
59 0.365833 0.039167 19209 439 47
60 0.078333 0.040000 14580 94 48
61 0.195000 0.040833 20022 234 49
62 0.339167 0.040833 18950 407 49
63 0.276667 0.043333 17729 332 52
64 0.157500 0.044167 16771 189 53
65 0.343333 0.044167 19642 412 53
66 0.500833 0.044167 16391 601 53
67 0.000000 0.045000 18743 0 54
68 0.359167 0.046667 18211 431 56
69 0.000000 0.049167 18802 0 59
70 0.245000 0.049167 18064 294 59
71 0.124167 0.050000 10072 149 60
72 0.201667 0.050000 18431 242 60
73 0.300833 0.050000 16814 361 60
74 0.022500 0.050833 18677 27 61
75 0.076667 0.051667 14753 92 62
76 0.478333 0.053333 19199 574 64
77 0.539167 0.053333 13923 647 64
78 0.240000 0.055000 17919 288 66
79 0.283333 0.055833 18956 340 67
80 0.303333 0.055833 17063 364 67
81 0.465833 0.055833 19353 559 67
82 0.122500 0.057500 10042 147 69
83 0.140833 0.057500 14294 169 69
84 0.006667 0.058333 21427 8 70
85 0.462500 0.060833 19685 555 73
86 0.211667 0.061667 21322 254 74
87 0.289167 0.067500 20705 347 81
88 0.025000 0.070833 18582 30 85
89 0.229167 0.070833 20439 275 85
90 0.237500 0.070833 19245 285 85
91 0.000833 0.071667 16938 1 86
92 0.222500 0.071667 20219 267 86
93 0.539167 0.071667 16023 647 86
94 0.213333 0.072500 21069 256 87
95 0.287500 0.073333 21299 345 88
96 0.055833 0.074167 17027 67 89
97 0.066667 0.075833 18651 80 91
98 0.089167 0.076667 14839 107 92
99 0.000000 0.078333 17427 0 94
100 0.207500 0.079167 20232 249 95
101 0.524167 0.080833 15557 629 97
102 0.177500 0.082500 18900 213 99
103 0.364167 0.082500 22975 437 99
104 0.205833 0.083333 20472 247 100
105 0.368333 0.083333 22985 442 100
106 0.372500 0.083333 22985 447 100
107 0.284167 0.084167 19435 341 101
108 0.064167 0.085000 18832 77 102
109 0.272500 0.085833 19376 327 103
110 0.280833 0.086667 19921 337 104
111 0.380000 0.086667 23464 456 104
112 0.000000 0.087500 17919 0 105
113 0.429167 0.087500 17460 515 105
114 0.335000 0.088333 17116 402 106
115 0.000000 0.089167 17916 0 107
116 0.383333 0.089167 23487 460 107
117 0.427500 0.089167 17447 513 107
118 0.536667 0.089167 16574 644 107
119 0.242500 0.090000 18467 291 108
120 0.356667 0.090000 20823 428 108
121 0.058333 0.094167 19612 70 113
122 0.533333 0.094167 16968 640 113
123 0.194167 0.095833 19763 233 115
124 0.406667 0.095833 20403 488 115
125 0.530833 0.095833 16476 637 115
126 0.050000 0.096667 19146 60 116
127 0.203333 0.096667 21259 244 116
128 0.366667 0.098333 19829 440 118
129 0.275833 0.099167 19235 331 119
130 0.243333 0.100833 20344 292 121
131 0.526667 0.100833 17719 632 121
132 0.197500 0.103333 18677 237 124
133 0.035000 0.104167 18638 42 125
134 0.007500 0.105000 20383 9 126
135 0.209167 0.105000 19166 251 126
136 0.195833 0.105833 18592 235 127
137 0.116667 0.106667 11555 140 128
138 0.213333 0.106667 19701 256 128
139 0.249167 0.106667 20229 299 128
140 0.525000 0.106667 18284 630 128
141 0.166667 0.107500 17158 200 129
142 0.275000 0.107500 18868 330 129
143 0.217500 0.111667 18914 261 134
144 0.256667 0.111667 20347 308 134
145 0.302500 0.112500 19691 363 135
146 0.165000 0.113333 16151 198 136
147 0.263333 0.114167 20259 316 137
148 0.296667 0.114167 18618 356 137
149 0.522500 0.114167 18471 627 137
150 0.246667 0.115000 19225 296 138
151 0.228333 0.115833 18579 274 139
152 0.116667 0.116667 12604 140 140
153 0.238333 0.116667 18959 286 140
154 0.265833 0.117500 20246 319 141
155 0.284167 0.118333 19150 341 142
156 0.107500 0.119167 12723 129 143
157 0.276667 0.119167 19648 332 143
158 0.000000 0.120000 15147 0 144
159 0.113333 0.120833 12670 136 145
160 0.000833 0.121667 15121 1 146
161 0.186667 0.123333 16328 224 148
162 0.370000 0.123333 20695 444 148
163 0.103333 0.125000 13553 124 150
164 0.273333 0.125000 19251 328 150
165 0.512500 0.125000 20623 615 150
166 0.515000 0.125000 20449 618 150
167 0.355000 0.125833 21354 426 151
168 0.365833 0.126667 20623 439 152
169 0.000000 0.127500 15072 0 153
170 0.217500 0.128333 16909 261 154
171 0.273333 0.128333 19389 328 154
172 0.103333 0.129167 13658 124 155
173 0.339167 0.130833 18684 407 157
174 0.214167 0.131667 16420 257 158
175 0.474167 0.131667 19616 569 158
176 0.354167 0.132500 20935 425 159
177 0.502500 0.133333 19609 603 160
178 0.410833 0.135833 20941 493 163
179 0.208333 0.138333 16489 250 166
180 0.486667 0.138333 20242 584 166
181 0.359167 0.140000 20862 431 168
182 0.271667 0.140833 19307 326 169
183 0.401667 0.141667 20298 482 170
184 0.476667 0.141667 18950 572 170
185 0.254167 0.142500 17411 305 171
186 0.025000 0.143333 16653 30 172
187 0.300833 0.143333 18687 361 172
188 0.388333 0.145000 20101 466 174
189 0.415000 0.145000 20813 498 174
190 0.014167 0.145833 17214 17 175
191 0.296667 0.145833 18595 356 175
192 0.469167 0.145833 18438 563 175
193 0.269167 0.147500 19101 323 177
194 0.361667 0.149167 20075 434 179
195 0.477500 0.149167 17887 573 179
196 0.383333 0.151667 20075 460 182
197 0.110833 0.153333 17552 133 184
198 0.286667 0.155833 18943 344 187
199 0.316667 0.155833 18008 380 187
200 0.080833 0.156667 17493 97 188
201 0.260833 0.156667 19760 313 188
202 0.270000 0.156667 20183 324 188
203 0.110000 0.157500 17650 132 189
204 0.374167 0.157500 20164 449 189
205 0.000833 0.158333 16646 1 190
206 0.358333 0.159167 21049 430 191
207 0.465833 0.159167 21715 559 191
208 0.086667 0.160833 17883 104 193
209 0.106667 0.160833 17709 128 193
210 0.116667 0.160833 17122 140 193
211 0.327500 0.161667 18618 393 194
212 0.309167 0.163333 18333 371 196
213 0.358333 0.165000 21551 430 198
214 0.369167 0.164167 20892 443 197
215 0.383333 0.164167 19527 460 197
216 0.220833 0.166667 16309 265 200
217 0.465000 0.166667 21738 558 200
218 0.531667 0.166667 18900 638 200
219 0.283333 0.167500 19494 340 201
220 0.084167 0.168333 17460 101 202
221 0.164167 0.168333 16210 197 202
222 0.231667 0.168333 17929 278 202
223 0.240833 0.168333 20003 289 202
224 0.303333 0.168333 18838 364 202
225 0.310000 0.169167 19425 372 203
226 0.103333 0.170000 17119 124 204
227 0.519167 0.170000 16889 623 204
228 0.334167 0.174167 21742 401 209
229 0.010833 0.175000 14350 13 210
230 0.084167 0.176667 17791 101 212
231 0.252500 0.176667 17513 303 212
232 0.100833 0.177500 17559 121 213
233 0.345000 0.179167 22480 414 215
234 0.290833 0.180000 19619 349 216
235 0.000000 0.180833 14747 0 217
236 0.169167 0.180833 17198 203 217
237 0.025833 0.182500 15846 31 219
238 0.452500 0.182500 25396 543 219
239 0.365000 0.183333 19543 438 220
240 0.450833 0.183333 25351 541 220
241 0.324167 0.184167 18316 389 221
242 0.000000 0.185000 14973 0 222
243 0.100000 0.185000 17818 120 222
244 0.295000 0.185000 19911 354 222
245 0.078333 0.186667 18428 94 224
246 0.018333 0.188333 15849 22 226
247 0.150833 0.188333 17132 181 226
248 0.532500 0.189167 15324 639 227
249 0.346667 0.190000 20157 416 228
250 0.076667 0.190833 18490 92 229
251 0.170000 0.190833 17654 204 229
252 0.277500 0.191667 17401 333 230
253 0.499167 0.191667 19048 599 230
254 0.505833 0.192500 18897 607 231
255 0.096667 0.195000 17716 116 234
256 0.076667 0.196667 18766 92 236
257 0.520833 0.196667 17312 625 236
258 0.402500 0.198333 20183 483 238
259 0.155000 0.200000 18467 186 240
260 0.075000 0.201667 18884 90 242
261 0.091667 0.200833 17795 110 241
262 0.168333 0.202500 20288 202 243
263 0.341667 0.202500 20692 410 243
264 0.000833 0.204167 16548 1 245
265 0.085000 0.204167 18067 102 245
266 0.024167 0.206667 17604 29 248
267 0.076667 0.206667 18674 92 248
268 0.396667 0.206667 20311 476 248
269 0.520833 0.207500 16765 625 249
270 0.021667 0.209167 18169 26 251
271 0.140833 0.209167 16774 169 251
272 0.342500 0.210000 20738 411 252
273 0.438333 0.210000 24379 526 252
274 0.523333 0.212500 16325 628 255
275 0.163333 0.213333 18615 196 256
276 0.017500 0.215000 18618 21 258
277 0.153333 0.215000 18244 184 258
278 0.526667 0.215000 16148 632 258
279 0.345833 0.215833 20590 415 259
280 0.077500 0.217500 18681 93 261
281 0.173333 0.217500 17808 208 261
282 0.452500 0.217500 23654 543 261
283 0.016667 0.219167 18877 20 263
284 0.535833 0.220000 16935 643 264
285 0.013333 0.221667 18772 16 266
286 0.100000 0.222500 17162 120 267
287 0.075000 0.223333 18192 90 268
288 0.224167 0.223333 18379 269 268
289 0.361667 0.223333 20938 434 268
290 0.007500 0.224167 18185 9 269
291 0.427500 0.225833 21551 513 271
292 0.220833 0.226667 18553 265 272
293 0.154167 0.229167 17959 185 275
294 0.284167 0.230000 18087 341 276
295 0.103333 0.230833 16233 124 277
296 0.263333 0.230833 17798 316 277
297 0.351667 0.230833 20239 422 277
298 0.215833 0.231667 17893 259 278
299 0.225000 0.231667 18077 270 278
300 0.157500 0.233333 17536 189 280
301 0.084167 0.234167 19022 101 281
302 0.315833 0.234167 18694 379 281
303 0.000000 0.235000 16233 0 282
304 0.414167 0.235000 20813 497 282
305 0.079167 0.235833 18848 95 283
306 0.232500 0.235833 18523 279 283
307 0.154167 0.238333 18218 185 286
308 0.000000 0.239167 15974 0 287
309 0.285833 0.239167 18441 343 287
310 0.460833 0.239167 23999 553 287
311 0.071667 0.240000 17988 86 288
312 0.409167 0.241667 20711 491 290
313 0.226667 0.242500 18766 272 291
314 0.068333 0.243333 18024 82 292
315 0.000833 0.245000 15278 1 294
316 0.261667 0.246667 18569 314 296
317 0.453333 0.246667 23074 544 296
318 0.068333 0.247500 17539 82 297
319 0.177500 0.247500 17119 213 297
320 0.230833 0.247500 18389 277 297
321 0.150000 0.248333 18054 180 298
322 0.183333 0.249167 17657 220 299
323 0.392500 0.250000 20016 471 300
324 0.050833 0.251667 17595 61 302
325 0.402500 0.252500 21263 483 303
326 0.000000 0.253333 15728 0 304
327 0.136667 0.253333 16755 164 304
328 0.238333 0.254167 18389 286 305
329 0.065000 0.255833 17972 78 307
330 0.150833 0.255833 17690 181 307
331 0.345833 0.255833 23687 415 307
332 0.374167 0.255833 20187 449 307
333 0.058333 0.256667 17837 70 308
334 0.475833 0.256667 18540 571 308
335 0.336667 0.257500 24642 404 309
336 0.292500 0.260833 24796 351 313
337 0.331667 0.260833 22424 398 313
338 0.333333 0.260833 22109 400 313
339 0.285833 0.261667 24711 343 314
340 0.318333 0.261667 27030 382 314
341 0.278333 0.262500 25206 334 315
342 0.150833 0.263333 17604 181 316
343 0.315000 0.263333 26998 378 316
344 0.420833 0.263333 18704 505 316
345 0.485000 0.263333 17811 582 316
346 0.183333 0.264167 19107 220 317
347 0.009167 0.265000 17444 11 318
348 0.274167 0.265000 25282 329 318
349 0.000000 0.265833 16801 0 319
350 0.049167 0.265833 17565 59 319
351 0.089167 0.265833 17352 107 319
352 0.450000 0.266667 18254 540 320
353 0.493333 0.266667 18136 592 320
354 0.155833 0.267500 18034 187 321
355 0.240833 0.267500 19258 289 321
356 0.056667 0.269167 18717 68 323
357 0.070833 0.269167 17575 85 323
358 0.126667 0.269167 17746 152 323
359 0.457500 0.269167 17936 549 323
360 0.503333 0.269167 17598 604 323
361 0.523333 0.270000 16968 628 324
362 0.081667 0.270833 17355 98 325
363 0.267500 0.270833 25246 321 325
364 0.512500 0.270833 18362 615 325
365 0.185000 0.271667 18989 222 326
366 0.461667 0.271667 17831 554 326
367 0.129167 0.273333 17729 155 328
368 0.196667 0.273333 18159 236 328
369 0.263333 0.273333 25180 316 328
370 0.392500 0.273333 18802 471 328
371 0.011667 0.274167 18080 14 329
372 0.173333 0.275000 19458 208 330
373 0.233333 0.275000 18185 280 330
374 0.055000 0.276667 17860 66 332
375 0.165833 0.276667 19284 199 332
376 0.309167 0.276667 25928 371 332
377 0.369167 0.276667 18349 443 332
378 0.510833 0.277500 16502 613 333
379 0.150833 0.280000 18497 181 336
380 0.010000 0.280833 17949 12 337
381 0.116667 0.280833 17506 140 337
382 0.145833 0.282500 18054 175 339
383 0.014167 0.283333 17519 17 340
384 0.000000 0.284167 17962 0 341
385 0.052500 0.284167 18264 63 341
386 0.131667 0.285833 18480 158 343
387 0.000833 0.287500 17769 1 345
388 0.163333 0.288333 18645 196 346
389 0.066667 0.289167 17208 80 347
390 0.053333 0.290000 17739 64 348
391 0.112500 0.290833 17916 135 349
392 0.000000 0.291667 17499 0 350
393 0.185000 0.296667 19379 222 356
394 0.282500 0.296667 24297 339 356
395 0.169167 0.297500 18858 203 357
396 0.539167 0.298333 15183 647 358
397 0.489167 0.299167 16013 587 359
398 0.054167 0.300833 18264 65 361
399 0.058333 0.301667 18238 70 362
400 0.000000 0.302500 16906 0 363
401 0.071667 0.302500 17769 86 363
402 0.479167 0.304167 16289 575 365
403 0.060000 0.308333 17834 72 370
404 0.148333 0.308333 19058 178 370
405 0.001667 0.310000 16525 2 372
406 0.214167 0.310000 20016 257 372
407 0.137500 0.311667 18389 165 374
408 0.145000 0.311667 19045 174 374
409 0.260000 0.313333 19671 312 376
410 0.000000 0.315000 16394 0 378
411 0.539167 0.315000 14862 647 378
412 0.430833 0.315833 18779 517 379
413 0.407500 0.316667 19019 489 380
414 0.141667 0.317500 18986 170 381
415 0.384167 0.317500 18792 461 381
416 0.445000 0.317500 18743 534 381
417 0.465000 0.317500 18520 558 381
418 0.301667 0.319167 22969 362 383
419 0.470833 0.319167 17746 565 383
420 0.088333 0.320833 17814 106 385
421 0.183333 0.320833 22050 220 385
422 0.337500 0.321667 21338 405 386
423 0.000000 0.322500 16469 0 387
424 0.210833 0.322500 21128 253 387
425 0.476667 0.322500 17791 572 387
426 0.504167 0.322500 16161 605 387
427 0.135833 0.323333 17181 163 388
428 0.479167 0.323333 17746 575 388
429 0.065000 0.324167 18664 78 389
430 0.234167 0.324167 20019 281 389
431 0.070833 0.325000 18362 85 390
432 0.078333 0.325000 17752 94 390
433 0.190000 0.325000 21200 228 390
434 0.020833 0.325833 17890 25 391
435 0.193333 0.325833 21417 232 391
436 0.197500 0.325833 20780 237 391
437 0.410000 0.325833 19422 492 391
438 0.000000 0.326667 16512 0 392
439 0.010833 0.326667 17805 13 392
440 0.150000 0.327500 20370 180 393
441 0.343333 0.327500 21961 412 393
442 0.248333 0.328333 20111 298 394
443 0.291667 0.328333 24422 350 394
444 0.456667 0.328333 19051 548 394
445 0.539167 0.328333 16791 647 394
446 0.176667 0.329167 20154 212 395
447 0.196667 0.330833 19914 236 397
448 0.065833 0.331667 18047 79 398
449 0.016667 0.332500 18451 20 399
450 0.538333 0.333333 16437 646 400
451 0.113333 0.335833 17690 136 403
452 0.242500 0.335833 20603 291 403
453 0.365000 0.335833 20173 438 403
454 0.385000 0.336667 19924 462 404
455 0.405833 0.336667 20229 487 404
456 0.343333 0.337500 22070 412 405
457 0.401667 0.337500 20219 482 405
458 0.421667 0.337500 20521 506 405
459 0.425000 0.337500 20383 510 405
460 0.075833 0.338333 17847 91 406
461 0.433333 0.339167 20577 520 407
462 0.442500 0.339167 20311 531 407
463 0.054167 0.340000 17726 65 408
464 0.163333 0.340000 22257 196 408
465 0.240833 0.340000 20413 289 408
466 0.252500 0.341667 20629 303 410
467 0.149167 0.342500 21479 179 411
468 0.474167 0.342500 18677 569 411
469 0.520833 0.342500 15583 625 411
470 0.020000 0.343333 18369 24 412
471 0.105000 0.343333 18622 126 412
472 0.287500 0.343333 21315 345 412
473 0.488333 0.343333 16975 586 412
474 0.101667 0.344167 18592 122 413
475 0.338333 0.344167 22263 406 413
476 0.110000 0.345833 17680 132 415
477 0.252500 0.345833 20600 303 415
478 0.445833 0.347500 19898 535 417
479 0.108333 0.348333 17923 130 418
480 0.287500 0.349167 21348 345 419
481 0.457500 0.350000 19468 549 420
482 0.497500 0.349167 18133 597 419
483 0.000000 0.350000 17004 0 420
484 0.101667 0.350000 19619 122 420
485 0.533333 0.350000 18618 640 420
486 0.442500 0.351667 19829 531 422
487 0.502500 0.354167 18536 603 425
488 0.027500 0.356667 18671 33 428
489 0.458333 0.356667 19458 550 428
490 0.470000 0.357500 18556 564 429
491 0.525000 0.357500 17208 630 429
492 0.533333 0.357500 17335 640 429
493 0.105833 0.358333 19179 127 430
494 0.348333 0.358333 22007 418 430
495 0.508333 0.358333 18103 610 430
496 0.155000 0.360000 19189 186 432
497 0.349167 0.360000 22007 419 432
498 0.477500 0.360833 18497 573 433
499 0.372500 0.363333 20777 447 436
500 0.390833 0.364167 19993 469 437
501 0.444167 0.364167 19461 533 437
502 0.280833 0.365000 21525 337 438
503 0.455000 0.365833 18864 546 439
504 0.107500 0.366667 19747 129 440
505 0.365000 0.366667 20928 438 440
506 0.286667 0.368333 21286 344 442
507 0.000833 0.369167 17457 1 443
508 0.331667 0.370000 22588 398 444
509 0.469167 0.370000 17959 563 444
510 0.502500 0.370000 18067 603 444
511 0.519167 0.370833 19534 623 445
512 0.340833 0.371667 22473 409 446
513 0.000000 0.372500 17437 0 447
514 0.526667 0.373333 17916 632 448
515 0.529167 0.374167 17834 635 449
516 0.210833 0.375000 20708 253 450
517 0.053333 0.375833 23379 64 451
518 0.036667 0.376667 22427 44 452
519 0.165833 0.378333 22047 199 454
520 0.275000 0.378333 21131 330 454
521 0.339167 0.378333 21564 407 454
522 0.501667 0.378333 17375 602 454
523 0.063333 0.380000 23510 76 456
524 0.142500 0.380833 20816 171 457
525 0.157500 0.380833 21289 189 457
526 0.000000 0.381667 17598 0 458
527 0.020833 0.383333 21338 25 460
528 0.111667 0.383333 21266 134 460
529 0.365833 0.383333 21272 439 460
530 0.200000 0.384167 21706 240 461
531 0.208333 0.386667 21177 250 464
532 0.219167 0.386667 21794 263 464
533 0.347500 0.387500 20921 417 465
534 0.405833 0.387500 19940 487 465
535 0.419167 0.391667 19192 503 470
536 0.021667 0.392500 21279 26 471
537 0.100000 0.393333 22775 120 472
538 0.195000 0.393333 21351 234 472
539 0.428333 0.393333 18959 514 472
540 0.402500 0.395000 20059 483 474
541 0.478333 0.395833 18464 574 475
542 0.350000 0.396667 21423 420 476
543 0.436667 0.396667 18953 524 476
544 0.183333 0.397500 21640 220 477
545 0.022500 0.398333 20459 27 478
546 0.217500 0.400000 20669 261 480
547 0.177500 0.400833 20980 213 481
548 0.395833 0.402500 20088 475 483
549 0.000000 0.404167 18667 0 485
550 0.470833 0.404167 18451 565 485
551 0.344167 0.405000 22306 413 486
552 0.386667 0.405833 20223 464 487
553 0.085833 0.405833 25377 103 487
554 0.131667 0.405833 23897 158 487
555 0.217500 0.406667 20862 261 488
556 0.468333 0.407500 18277 562 489
557 0.113333 0.408333 24714 136 490
558 0.122500 0.409167 23989 147 491
559 0.328333 0.409167 22139 394 491
560 0.005000 0.410000 18740 6 492
561 0.100833 0.410000 24708 121 492
562 0.341667 0.410000 22273 410 492
563 0.303333 0.411667 21784 364 494
564 0.313333 0.414167 21902 376 497
565 0.539167 0.414167 17903 647 497
566 0.323333 0.415833 22208 388 499
567 0.332500 0.415833 22034 399 499
568 0.538333 0.416667 17847 646 500
569 0.345000 0.417500 22309 414 501
570 0.155000 0.418333 20761 186 502
571 0.457500 0.418333 18540 549 502
572 0.530000 0.418333 18362 636 502
573 0.220833 0.420833 20059 265 505
574 0.355000 0.420833 22057 426 505
575 0.360833 0.420833 22391 433 505
576 0.289167 0.421667 21423 347 506
577 0.283333 0.422500 21243 340 507
578 0.000000 0.423333 18464 0 508
579 0.060833 0.423333 21282 73 508
580 0.320000 0.423333 21240 384 508
581 0.456667 0.423333 18658 548 508
582 0.124167 0.424167 20954 149 509
583 0.279167 0.424167 21227 335 509
584 0.437500 0.424167 18959 525 509
585 0.533333 0.424167 17903 640 509
586 0.191667 0.426667 20666 230 512
587 0.169167 0.428333 21348 203 514
588 0.531667 0.429167 18293 638 515
589 0.030000 0.430000 20127 36 516
590 0.186667 0.430000 20551 224 516
591 0.270000 0.430000 21272 324 516
592 0.365000 0.430000 20646 438 516
593 0.490833 0.430000 18162 589 516
594 0.433333 0.430833 18969 520 517
595 0.451667 0.430833 18871 542 517
596 0.160000 0.432500 21194 192 519
597 0.324167 0.432500 21112 389 519
598 0.355000 0.432500 20462 426 519
599 0.470000 0.433333 18802 564 520
600 0.040000 0.435000 20662 48 522
601 0.095833 0.435000 21774 115 522
602 0.381667 0.435000 19753 458 522
603 0.422500 0.435000 19685 507 522
604 0.485000 0.435000 17913 582 522
605 0.000000 0.436667 18090 0 524
606 0.354167 0.436667 20449 425 524
607 0.450000 0.436667 18812 540 524
608 0.047500 0.438333 20921 57 526
609 0.162500 0.438333 21072 195 526
610 0.030000 0.439167 20488 36 527
611 0.388333 0.439167 20009 466 527
612 0.092500 0.440000 21758 111 528
613 0.407500 0.440000 19760 489 528
614 0.320833 0.440833 21171 385 529
615 0.403333 0.440833 19730 484 529
616 0.449167 0.440833 18746 539 529
617 0.273333 0.441667 20669 328 530
618 0.459167 0.441667 18159 551 530
619 0.000000 0.442500 17985 0 531
620 0.316667 0.443333 21049 380 532
621 0.506667 0.443333 16912 608 532
622 0.171667 0.444167 20295 206 533
623 0.042500 0.445000 20944 51 534
624 0.417500 0.445000 19868 501 534
625 0.423333 0.445000 19393 508 534
626 0.119167 0.445833 21532 143 535
627 0.123333 0.445833 21036 148 535
628 0.125833 0.445833 20954 151 535
629 0.390833 0.445833 19803 469 535
630 0.517500 0.446667 17043 621 536
631 0.359167 0.447500 20157 431 537
632 0.000000 0.448333 17913 0 538
633 0.106667 0.449167 21916 128 539
634 0.300833 0.449167 20757 361 539
635 0.464167 0.449167 18061 557 539
636 0.538333 0.449167 16610 646 539
637 0.000000 0.450000 17788 0 540
638 0.190000 0.450833 19849 228 541
639 0.385000 0.451667 20009 462 542
640 0.199167 0.453333 19796 239 544
641 0.185000 0.454167 20108 222 545
642 0.455000 0.455000 18848 546 546
643 0.000000 0.456667 18162 0 548
644 0.101667 0.456667 22027 122 548
645 0.180000 0.457500 20718 216 549
646 0.431667 0.457500 19986 518 549
647 0.308333 0.458333 20826 370 550
648 0.360833 0.459167 20082 433 551
649 0.320833 0.460000 20282 385 552
650 0.180000 0.461667 20393 216 554
651 0.461667 0.462500 18166 554 555
652 0.137500 0.463333 20278 165 556
653 0.074167 0.464167 21420 89 557
654 0.110833 0.465000 21358 133 558
655 0.119167 0.466667 20902 143 560
656 0.000000 0.467500 18592 0 561
657 0.409167 0.467500 20203 491 561
658 0.416667 0.467500 20272 500 561
659 0.086667 0.468333 21302 104 562
660 0.400833 0.468333 20255 481 562
661 0.169167 0.469167 20013 203 563
662 0.296667 0.469167 20121 356 563
663 0.176667 0.470000 20639 212 564
664 0.252500 0.470000 20098 303 564
665 0.524167 0.470000 17739 629 564
666 0.114167 0.470833 20849 137 565
667 0.089167 0.471667 21391 107 566
668 0.307500 0.471667 20003 369 566
669 0.445833 0.472500 18523 535 567
670 0.058333 0.474167 20646 70 569
671 0.525000 0.474167 17890 630 569
672 0.530833 0.474167 17959 637 569
673 0.332500 0.475000 19461 399 570
674 0.260000 0.476667 20022 312 572
675 0.286667 0.476667 20104 344 572
676 0.424167 0.476667 19120 509 572
677 0.485833 0.476667 17575 583 572
678 0.089167 0.477500 21538 107 573
679 0.397500 0.477500 19911 477 573
680 0.391667 0.479167 19898 470 575
681 0.000000 0.480000 17244 0 576
682 0.078333 0.480000 20823 94 576
683 0.245833 0.480000 19543 295 576
684 0.512500 0.480000 17910 615 576
685 0.451667 0.480833 18208 542 577
686 0.462500 0.483333 17664 555 580
687 0.501667 0.482500 17637 602 579
688 0.181667 0.483333 19875 218 580
689 0.272500 0.484167 19760 327 581
690 0.405833 0.483333 19061 487 580
691 0.498333 0.484167 18005 598 581
692 0.389167 0.485000 20108 467 582
693 0.335833 0.485833 19268 403 583
694 0.519167 0.485833 17969 623 583
695 0.245833 0.486667 19698 295 584
696 0.282500 0.486667 19648 339 584
697 0.450833 0.487500 18015 541 585
698 0.466667 0.487500 17857 560 585
699 0.083333 0.488333 21158 100 586
700 0.493333 0.488333 17919 592 586
701 0.384167 0.489167 19560 461 587
702 0.518333 0.490833 17273 622 589
703 0.095000 0.491667 20810 114 590
704 0.041667 0.492500 19714 50 591
705 0.391667 0.493333 19891 470 592
706 0.186667 0.494167 19268 224 593
707 0.286667 0.495833 19458 344 595
708 0.338333 0.495000 18789 406 594
709 0.446667 0.495000 18218 536 594
710 0.143333 0.495833 20127 172 595
711 0.265833 0.496667 19589 319 596
712 0.375000 0.496667 19547 450 596
713 0.442500 0.500000 18215 531 600
714 0.125000 0.501667 21443 150 602
715 0.509167 0.501667 16830 611 602
716 0.137500 0.503333 20452 165 604
717 0.188333 0.502500 19261 226 603
718 0.317500 0.502500 18484 381 603
719 0.098333 0.503333 21043 118 604
720 0.108333 0.505000 21305 130 606
721 0.261667 0.506667 19219 314 608
722 0.112500 0.508333 20931 135 610
723 0.105000 0.509167 21430 126 611
724 0.188333 0.509167 19245 226 611
725 0.253333 0.509167 19081 304 611
726 0.290833 0.509167 18648 349 611
727 0.319167 0.509167 18339 383 611
728 0.429167 0.512500 19028 515 615
729 0.120833 0.513333 20544 145 616
730 0.289167 0.513333 18569 347 616
731 0.242500 0.514167 19245 291 617
732 0.315833 0.514167 17926 379 617
733 0.436667 0.515000 18612 524 618
734 0.120000 0.515833 20554 144 619
735 0.002500 0.516667 16735 3 620
736 0.370833 0.516667 17972 445 620
737 0.419167 0.516667 18904 503 620
738 0.096667 0.517500 20652 116 621
739 0.086667 0.520000 20410 104 624
740 0.117500 0.523333 20734 141 628
741 0.000000 0.524167 16788 0 629
742 0.362500 0.525000 18671 435 630
743 0.435833 0.525000 18815 523 630
744 0.000000 0.525833 16791 0 631
745 0.241667 0.525833 19612 290 631
746 0.116667 0.526667 20813 140 632
747 0.140000 0.526667 20679 168 632
748 0.319167 0.528333 17155 383 634
749 0.136667 0.529167 20688 164 635
750 0.238333 0.530000 19320 286 636
751 0.110000 0.530833 20688 132 637
752 0.117500 0.530833 20918 141 637
753 0.460833 0.530833 16893 553 637
754 0.464167 0.532500 16893 557 639
755 0.125833 0.533333 21299 151 640
756 0.000000 0.534167 17273 0 641
757 0.448333 0.535000 16932 538 642
758 0.425000 0.535833 17811 510 643
759 0.238333 0.537500 18858 286 645
760 0.470833 0.537500 17027 565 645
761 0.440000 0.538333 16315 528 646
762 0.065000 0.539167 18402 78 647
763 0.086667 0.539167 20177 104 647
764 0.090833 0.539167 19990 109 647
765 0.095833 0.539167 20351 115 647
766 0.147500 0.539167 19061 177 647
767 0.305833 0.539167 15974 367 647
768 0.477500 0.539167 16597 573 647
769 0.481667 0.539167 16515 578 647
770 0.493333 0.539167 16499 592 647
771 0.500833 0.539167 16194 601 647
772 0.502500 0.539167 16154 603 647
773 0.508333 0.539167 16158 610 647
774 0.522500 0.539167 16115 627 647
775 0.529167 0.539167 15675 635 647
BasinSaddles 0
Runoffs 190
1 0.000000 0.000000 15334 0 0
2 0.006667 0.000000 14773 8 0
3 0.011667 0.000000 14750 14 0
4 0.016667 0.000000 15354 20 0
5 0.021667 0.000000 15935 26 0
6 0.027500 0.000000 16053 33 0
7 0.037500 0.000000 15482 45 0
8 0.046667 0.000000 17273 56 0
9 0.051667 0.000000 17007 62 0
10 0.089167 0.000000 13408 107 0
11 0.137500 0.000000 12234 165 0
12 0.142500 0.000000 13139 171 0
13 0.149167 0.000000 14117 179 0
14 0.170000 0.000000 18143 204 0
15 0.174167 0.000000 18645 209 0
16 0.230000 0.000000 17926 276 0
17 0.234167 0.000000 18553 281 0
18 0.254167 0.000000 18346 305 0
19 0.260000 0.000000 18612 312 0
20 0.269167 0.000000 18123 323 0
21 0.277500 0.000000 19534 333 0
22 0.280833 0.000000 19356 337 0
23 0.301667 0.000000 16437 362 0
24 0.312500 0.000000 15354 375 0
25 0.333333 0.000000 14947 400 0
26 0.347500 0.000000 16489 417 0
27 0.350000 0.000000 16499 420 0
28 0.351667 0.000000 16509 422 0
29 0.367500 0.000000 19652 441 0
30 0.381667 0.000000 15951 458 0
31 0.398333 0.000000 13900 478 0
32 0.405833 0.000000 14422 487 0
33 0.428333 0.000000 12657 514 0
34 0.437500 0.000000 13418 525 0
35 0.445833 0.000000 14573 535 0
36 0.479167 0.000000 15856 575 0
37 0.491667 0.000000 14717 590 0
38 0.498333 0.000000 12910 598 0
39 0.502500 0.000000 12962 603 0
40 0.520833 0.000000 11253 625 0
41 0.534167 0.000000 14206 641 0
42 0.537500 0.000000 14360 645 0
43 0.539167 0.000000 14488 647 0
44 0.539167 0.006667 15725 647 8
45 0.539167 0.016667 14812 647 20
46 0.539167 0.050833 14235 647 61
47 0.539167 0.070000 16131 647 84
48 0.539167 0.085000 17335 647 102
49 0.539167 0.121667 15944 647 146
50 0.539167 0.139167 13517 647 167
51 0.539167 0.167500 18441 647 201
52 0.539167 0.189167 14517 647 227
53 0.539167 0.199167 15288 647 239
54 0.539167 0.202500 15396 647 243
55 0.539167 0.220833 17014 647 265
56 0.539167 0.246667 13113 647 296
57 0.539167 0.249167 13106 647 299
58 0.539167 0.252500 13090 647 303
59 0.539167 0.271667 16282 647 326
60 0.539167 0.296667 15203 647 356
61 0.539167 0.307500 16479 647 369
62 0.539167 0.325833 16958 647 391
63 0.539167 0.330833 16906 647 397
64 0.539167 0.336667 16492 647 404
65 0.539167 0.350833 18871 647 421
66 0.539167 0.380000 17155 647 456
67 0.539167 0.413333 17926 647 496
68 0.539167 0.416667 17949 647 500
69 0.539167 0.424167 17831 647 509
70 0.539167 0.431667 17762 647 518
71 0.539167 0.433333 17762 647 520
72 0.539167 0.436667 17723 647 524
73 0.539167 0.445833 16545 647 535
74 0.539167 0.450000 16614 647 540
75 0.539167 0.453333 16414 647 544
76 0.539167 0.470000 17814 647 564
77 0.539167 0.475833 17683 647 571
78 0.539167 0.477500 17713 647 573
79 0.539167 0.492500 16135 647 591
80 0.539167 0.497500 16204 647 597
81 0.539167 0.501667 16069 647 602
82 0.539167 0.505833 16013 647 607
83 0.539167 0.507500 15997 647 609
84 0.539167 0.539167 17234 647 647
85 0.000000 0.007500 16020 0 9
86 0.000000 0.010833 15971 0 13
87 0.000000 0.025833 16925 0 31
88 0.000000 0.027500 16948 0 33
89 0.000000 0.044167 18749 0 53
90 0.000000 0.046667 18950 0 56
91 0.000000 0.055833 21715 0 67
92 0.000000 0.076667 17460 0 92
93 0.000000 0.085000 18024 0 102
94 0.000000 0.088333 17929 0 106
95 0.000000 0.104167 20702 0 125
96 0.000000 0.120833 15150 0 145
97 0.000000 0.122500 15154 0 147
98 0.000000 0.145833 19770 0 175
99 0.000000 0.163333 17762 0 196
100 0.000000 0.180000 14799 0 216
101 0.000000 0.184167 14996 0 221
102 0.000000 0.202500 16781 0 243
103 0.000000 0.209167 16768 0 251
104 0.000000 0.222500 18635 0 267
105 0.000000 0.235833 16246 0 283
106 0.000000 0.240833 16069 0 289
107 0.000000 0.250833 15869 0 301
108 0.000000 0.260000 16620 0 312
109 0.000000 0.264167 16817 0 317
110 0.000000 0.273333 17319 0 328
111 0.000000 0.278333 17411 0 334
112 0.000000 0.285833 18070 0 343
113 0.000000 0.289167 17903 0 347
114 0.000000 0.293333 17585 0 352
115 0.000000 0.296667 17821 0 356
116 0.000000 0.303333 16909 0 364
117 0.000000 0.312500 16627 0 375
118 0.000000 0.316667 16407 0 380
119 0.000000 0.318333 16410 0 382
120 0.000000 0.321667 16476 0 386
121 0.000000 0.323333 16473 0 388
122 0.000000 0.325833 16522 0 391
123 0.000000 0.330000 16610 0 396
124 0.000000 0.334167 16709 0 401
125 0.000000 0.337500 16683 0 405
126 0.000000 0.341667 16830 0 410
127 0.000000 0.348333 17030 0 418
128 0.000000 0.360000 18264 0 432
129 0.000000 0.371667 17483 0 446
130 0.000000 0.380833 17624 0 457
131 0.000000 0.390833 18185 0 469
132 0.000000 0.403333 18674 0 484
133 0.000000 0.413333 19255 0 496
134 0.000000 0.424167 18487 0 509
135 0.000000 0.437500 18093 0 525
136 0.000000 0.443333 17988 0 532
137 0.000000 0.449167 17933 0 539
138 0.000000 0.455833 18211 0 547
139 0.000000 0.463333 18982 0 556
140 0.000000 0.468333 18608 0 562
141 0.000000 0.480833 17260 0 577
142 0.000000 0.512500 16732 0 615
143 0.000000 0.520833 16886 0 625
144 0.000000 0.525000 16804 0 630
145 0.000000 0.533333 17322 0 640
146 0.000000 0.535833 17434 0 643
147 0.000000 0.539167 17086 0 647
148 0.010000 0.539167 16302 12 647
149 0.020000 0.539167 17240 24 647
150 0.025833 0.539167 17408 31 647
151 0.040833 0.539167 17690 49 647
152 0.063333 0.539167 18418 76 647
153 0.085833 0.539167 20209 103 647
154 0.087500 0.539167 20180 105 647
155 0.094167 0.539167 20377 113 647
156 0.102500 0.539167 20688 123 647
157 0.110833 0.539167 20725 133 647
158 0.122500 0.539167 20688 147 647
159 0.146667 0.539167 19081 176 647
160 0.157500 0.539167 19491 189 647
161 0.196667 0.539167 18011 236 647
162 0.223333 0.539167 17949 268 647
163 0.230000 0.539167 18172 276 647
164 0.237500 0.539167 18907 285 647
165 0.242500 0.539167 18152 291 647
166 0.248333 0.539167 18822 298 647
167 0.275000 0.539167 16729 330 647
168 0.290833 0.539167 17604 349 647
169 0.307500 0.539167 16151 369 647
170 0.321667 0.539167 17322 386 647
171 0.345000 0.539167 17769 414 647
172 0.351667 0.539167 18192 422 647
173 0.355833 0.539167 18018 427 647
174 0.360000 0.539167 17854 432 647
175 0.368333 0.539167 17585 442 647
176 0.385833 0.539167 16581 463 647
177 0.390833 0.539167 16469 469 647
178 0.402500 0.539167 16220 483 647
179 0.405000 0.539167 16223 486 647
180 0.423333 0.539167 17857 508 647
181 0.438333 0.539167 16325 526 647
182 0.448333 0.539167 17667 538 647
183 0.472500 0.539167 17201 567 647
184 0.478333 0.539167 16601 574 647
185 0.486667 0.539167 16896 584 647
186 0.495833 0.539167 16519 595 647
187 0.501667 0.539167 16210 602 647
188 0.504167 0.539167 16276 605 647
189 0.515833 0.539167 16381 619 647
190 0.524167 0.539167 16128 629 647
Edges 775
1 29 13
2 3 1
3 20 2
4 26 14
5 24 15
6 5 3
7 6 4
8 7 5
9 10 6
10 11 7
11 12 8
12 22 9
13 38 17
14 38 30
15 14 10
16 15 11
17 16 12
18 33 21
19 18 16
20 56 19
21 25 20
22 27 22
23 19 18
24 34 23
25 32 24
26 40 28
27 35 26
28 42 36
29 31 27
30 26 25
31 47 35
32 56 32
33 41 31
34 61 53
35 51 41
36 45 29
37 39 33
38 45 38
39 34 34
40 57 46
41 44 40
42 46 39
43 6 37
44 53 42
45 48 43
46 63 47
47 49 44
48 54 49
49 68 45
50 67 52
51 55 48
52 69 50
53 58 51
54 65 54
55 70 59
56 86 74
57 60 57
58 66 61
59 51 55
60 71 60
61 80 63
62 67 62
63 79 66
64 53 58
65 51 56
66 84 72
67 103 65
68 72 67
69 64 64
70 103 68
71 96 75
72 82 69
73 76 70
74 69 71
75 88 73
76 90 78
77 91 77
78 87 81
79 78 76
80 88 79
81 88 80
82 86 84
83 85 82
84 89 86
85 69 83
86 101 91
87 99 85
88 95 87
89 98 94
90 93 89
91 112 93
92 86 88
93 89 92
94 90 90
95 100 95
96 104 97
97 96 98
98 107 100
99 127 113
100 114 107
101 111 99
102 104 96
103 125 120
104 124 108
105 122 102
106 121 101
107 126 104
108 115 109
109 103 103
110 109 105
111 118 112
112 121 118
113 110 106
114 115 110
115 134 129
116 125 114
117 113 111
118 136 115
119 132 119
120 127 117
121 129 122
122 131 123
123 117 116
124 128 121
125 159 128
126 131 127
127 123 124
128 133 126
129 130 125
130 139 131
131 142 135
132 135 130
133 140 133
134 156 142
135 146 139
136 162 158
137 158 137
138 131 132
139 147 140
140 136 134
141 131 136
142 143 138
143 151 143
144 153 145
145 122 141
146 148 144
147 165 149
148 154 147
149 145 146
150 155 153
151 150 151
152 161 155
153 152 148
154 156 154
155 146 150
156 171 164
157 164 156
158 160 152
159 167 162
160 157 159
161 156 157
162 163 160
163 195 169
164 173 163
165 168 166
166 141 161
167 169 168
168 170 165
169 174 167
170 182 177
171 179 171
172 181 175
173 197 172
174 180 176
175 184 178
176 151 170
177 174 173
178 176 174
179 189 182
180 187 181
181 190 184
182 181 180
183 201 185
184 188 183
185 193 186
186 178 179
187 207 194
188 199 188
189 201 193
190 208 192
191 198 191
192 191 187
193 195 190
194 184 189
195 216 205
196 190 195
197 205 197
198 211 198
199 202 196
200 228 199
201 211 202
202 215 204
203 217 208
204 203 200
205 209 203
206 228 211
207 220 206
208 213 207
209 218 209
210 205 210
211 229 219
212 228 212
213 237 217
214 201 201
215 220 214
216 291 229
217 231 220
218 232 226
219 234 221
220 230 213
221 215 215
222 224 218
223 225 216
224 253 227
225 226 222
226 214 223
227 228 225
228 235 228
229 227 224
230 259 249
231 243 230
232 238 232
233 247 237
234 250 236
235 230 233
236 242 235
237 240 238
238 252 243
239 214 231
240 254 240
241 230 239
242 265 242
243 249 245
244 261 247
245 229 234
246 228 241
247 291 246
248 245 244
249 257 250
250 263 251
251 253 248
252 260 255
253 255 254
254 280 273
255 254 253
256 245 252
257 262 256
258 298 258
259 274 263
260 268 261
261 269 259
262 267 260
263 269 262
264 253 257
265 291 264
266 273 266
267 275 267
268 275 265
269 289 275
270 298 268
271 279 271
272 264 269
273 277 270
274 276 272
275 283 280
276 286 279
277 281 276
278 272 274
279 289 277
280 298 291
281 285 283
282 289 281
283 308 287
284 278 278
285 294 285
286 326 297
287 284 284
288 301 286
289 310 300
290 296 288
291 307 303
292 338 302
293 286 289
294 291 290
295 296 292
296 313 299
297 314 296
298 311 304
299 305 294
300 289 293
301 309 301
302 301 295
303 296 298
304 280 282
305 343 309
306 319 306
307 312 308
308 315 311
309 308 305
310 318 307
311 330 312
312 325 315
313 319 313
314 347 316
315 317 314
316 304 310
317 332 318
318 329 321
319 324 320
320 321 319
321 337 322
322 331 324
323 316 317
324 352 328
325 345 326
326 333 331
327 365 327
328 335 323
329 334 330
330 328 325
331 350 333
332 350 329
333 338 335
334 366 342
335 326 332
336 316 334
337 367 346
338 344 340
339 338 337
340 348 336
341 339 338
342 360 351
343 340 339
344 348 343
345 363 347
346 350 350
347 343 341
348 392 376
349 363 349
350 364 356
351 365 358
352 372 355
353 366 354
354 336 345
355 354 353
356 350 357
357 323 352
358 367 365
359 347 348
360 356 362
361 359 363
362 357 359
363 378 371
364 383 374
365 390 367
366 381 379
367 377 372
368 355 360
369 368 364
370 330 344
371 358 368
372 361 369
373 362 366
374 369 361
375 372 373
376 335 370
377 381 375
378 380 380
379 390 381
380 386 384
381 394 388
382 368 378
383 387 385
384 326 377
385 378 383
386 391 387
387 401 390
388 366 382
389 405 389
390 388 386
391 396 392
392 438 422
393 390 391
394 418 395
395 418 393
396 404 400
397 392 394
398 407 396
399 405 399
400 416 402
401 399 398
402 400 397
403 405 401
404 413 405
405 419 403
406 410 404
407 442 411
408 420 406
409 417 407
410 417 408
411 455 416
412 466 412
413 426 410
414 425 413
415 452 415
416 444 417
417 435 414
418 427 421
419 440 429
420 446 430
421 429 420
422 444 419
423 433 426
424 448 434
425 453 437
426 432 423
427 437 433
428 440 431
429 428 432
430 420 424
431 422 425
432 448 439
433 431 428
434 435 427
435 456 440
436 397 409
437 441 435
438 451 441
439 432 438
440 514 448
441 430 436
442 447 445
443 392 418
444 455 444
445 443 443
446 436 442
447 485 450
448 464 449
449 514 463
450 467 451
451 462 456
452 462 453
453 459 457
454 463 458
455 466 462
456 461 464
457 441 447
458 446 452
459 452 454
460 454 459
461 427 446
462 477 475
463 453 455
464 481 470
465 514 460
466 460 461
467 472 471
468 479 476
469 458 465
470 458 466
471 484 468
472 479 474
473 487 469
474 445 472
475 471 473
476 456 467
477 493 494
478 494 483
479 486 484
480 470 477
481 519 488
482 479 479
483 466 478
484 483 481
485 487 485
486 499 493
487 512 491
488 475 482
489 466 486
490 488 487
491 474 480
492 483 489
493 500 497
494 511 507
495 492 490
496 495 498
497 487 492
498 501 499
499 524 504
500 508 512
501 500 505
502 498 500
503 506 506
504 489 501
505 529 516
506 491 502
507 508 508
508 525 521
509 512 510
510 512 511
511 527 513
512 490 495
513 536 530
514 521 517
515 483 503
516 492 509
517 510 514
518 517 515
519 514 518
520 476 496
521 542 523
522 547 524
523 520 519
524 535 528
525 541 533
526 509 522
527 534 526
528 506 520
529 536 531
530 500 529
531 537 534
532 529 532
533 548 535
534 519 527
535 558 537
536 539 538
537 548 540
538 533 539
539 545 544
540 534 536
541 550 542
542 558 553
543 538 543
544 546 541
545 547 547
546 554 550
547 520 525
548 561 548
549 562 549
550 556 551
551 540 545
552 536 546
553 547 554
554 564 556
555 566 559
556 568 562
557 559 557
558 557 561
559 553 558
560 570 564
561 571 552
562 551 560
563 552 555
564 579 571
565 560 563
566 568 567
567 569 565
568 573 569
569 574 568
570 566 566
571 578 575
572 574 572
573 578 574
574 589 585
575 603 593
576 592 586
577 581 577
578 596 592
579 588 581
580 598 587
581 565 576
582 587 584
583 562 578
584 563 573
585 559 582
586 570 580
587 599 594
588 600 595
589 603 621
590 604 589
591 547 570
592 598 590
593 605 599
594 595 591
595 577 583
596 609 602
597 542 579
598 591 596
599 614 603
600 610 607
601 589 588
602 578 598
603 593 604
604 597 600
605 643 618
606 583 605
607 558 601
608 586 597
609 613 611
610 643 616
611 614 613
612 604 610
613 611 615
614 648 624
615 598 609
616 597 608
617 608 614
618 602 606
619 606 619
620 595 617
621 648 625
622 625 626
623 622 627
624 623 628
625 633 633
626 644 634
627 617 620
628 613 629
629 619 632
630 639 638
631 589 630
632 616 623
633 607 612
634 598 622
635 601 636
636 628 639
637 643 642
638 637 635
639 645 641
640 630 640
641 618 631
642 629 637
643 672 669
644 627 647
645 634 645
646 633 644
647 663 652
648 643 646
649 641 648
650 642 643
651 627 649
652 643 651
653 646 654
654 666 664
655 633 653
656 645 650
657 661 657
658 686 665
659 650 656
660 656 661
661 648 658
662 633 659
663 653 655
664 657 660
665 668 672
666 677 674
667 644 668
668 686 671
669 644 662
670 653 666
671 656 663
672 687 685
673 655 670
674 662 667
675 664 679
676 666 683
677 681 689
678 692 677
679 678 687
680 659 681
681 669 675
682 651 673
683 661 676
684 674 682
685 675 680
686 679 684
687 703 697
688 687 686
689 674 678
690 671 688
691 686 694
692 688 698
693 678 691
694 664 690
695 693 700
696 681 696
697 685 692
698 666 695
699 682 693
700 697 701
701 689 699
702 714 710
703 710 709
704 691 702
705 673 704
706 699 708
707 689 703
708 697 705
709 690 706
710 722 713
711 677 711
712 717 714
713 700 712
714 717 716
715 696 707
716 721 720
717 721 722
718 704 715
719 667 718
720 709 717
721 707 719
722 739 733
723 711 721
724 721 723
725 723 725
726 715 726
727 719 727
728 717 729
729 720 724
730 722 728
731 726 730
732 727 732
733 730 737
734 724 738
735 725 731
736 673 735
737 728 734
738 734 739
739 750 753
740 736 741
741 745 747
742 737 740
743 713 736
744 739 743
745 753 749
746 743 742
747 742 746
748 735 745
749 748 750
750 754 754
751 740 744
752 747 752
753 752 755
754 769 760
755 747 751
756 751 756
757 727 748
758 771 770
759 744 758
760 738 762
761 762 763
762 763 764
763 755 765
764 753 766
765 749 759
766 731 767
767 768 761
768 739 757
769 770 768
770 758 769
771 772 771
772 773 772
773 774 773
774 775 774
775 776 775
RunoffEdges 190
1 0
29 1
3 2
2 3
3 4
20 5
25 6
21 7
21 8
4 9
23 10
23 11
19 12
19 13
18 14
37 15
37 16
34 17
34 18
24 19
5 20
6 21
7 22
8 23
9 24
10 25
11 26
12 27
22 28
35 29
35 30
35 31
36 32
13 33
13 34
14 35
15 36
16 37
17 38
46 39
28 40
28 41
28 42
28 43
28 44
77 45
91 46
112 47
165 48
165 49
222 50
251 51
264 52
264 53
287 54
254 55
254 56
254 57
374 58
398 59
407 60
442 61
447 62
485 63
485 64
518 65
567 66
569 67
574 68
601 69
601 70
601 71
601 72
635 73
665 74
665 75
665 76
665 77
691 78
691 79
691 80
691 81
691 82
776 83
29 84
31 85
47 86
49 87
68 88
72 89
82 90
101 91
111 92
118 93
136 94
162 95
163 96
195 97
216 98
236 99
242 100
265 101
291 102
291 103
307 104
312 105
325 106
345 107
349 108
380 109
380 110
386 111
391 112
396 113
396 114
404 115
413 116
426 117
426 118
426 119
432 120
439 121
432 122
494 123
494 124
478 125
478 126
494 127
511 128
527 129
534 130
549 131
562 132
583 133
606 134
619 135
629 136
642 137
650 138
659 139
680 140
673 141
736 142
740 143
751 144
756 145
756 146
736 147
701 148
701 149
738 150
760 151
761 152
762 153
763 154
755 155
755 156
752 157
753 158
764 159
729 160
749 161
749 162
765 163
749 164
748 165
723 166
731 167
766 168
757 169
746 170
746 171
746 172
746 173
743 174
708 175
708 176
733 177
733 178
759 179
767 180
768 181
769 182
770 183
758 184
771 185
772 186
773 187
774 188
775 189
