Peaks 480
1 0.045833 0.000000 6138 55 0
2 0.090000 0.000000 3723 108 0
3 0.107500 0.000000 5403 129 0
4 0.120000 0.000000 6601 144 0
5 0.125000 0.000000 6584 150 0
6 0.126667 0.000000 6604 152 0
7 0.154167 0.000000 4041 185 0
8 0.160833 0.000000 4274 193 0
9 0.165833 0.000000 4311 199 0
10 0.171667 0.000000 4268 206 0
11 0.177500 0.000000 3940 213 0
12 0.190833 0.000000 3569 229 0
13 0.255000 0.000000 5472 306 0
14 0.258333 0.000000 5439 310 0
15 0.330833 0.000000 5905 397 0
16 0.334167 0.000000 5869 401 0
17 0.390000 0.000000 7680 468 0
18 0.409167 0.000000 9288 491 0
19 0.413333 0.000000 9619 496 0
20 0.479167 0.000000 8359 575 0
21 0.534167 0.000000 8067 641 0
22 0.383333 0.001667 7801 460 2
23 0.530000 0.002500 8218 636 3
24 0.469167 0.003333 9540 563 4
25 0.015000 0.012500 9294 18 15
26 0.126667 0.012500 7224 152 15
27 0.297500 0.013333 8930 357 16
28 0.470833 0.017500 10547 565 21
29 0.265833 0.020000 6056 319 24
30 0.470000 0.022500 10446 564 27
31 0.440000 0.023333 11154 528 28
32 0.273333 0.024167 6026 328 29
33 0.300000 0.025000 8851 360 30
34 0.539167 0.025000 8100 647 30
35 0.000000 0.027500 10360 0 33
36 0.000000 0.029167 10367 0 35
37 0.418333 0.030000 9901 502 36
38 0.205000 0.035000 8211 246 42
39 0.308333 0.035000 9192 370 42
40 0.000000 0.035833 10374 0 43
41 0.463333 0.036667 11627 556 44
42 0.078333 0.043333 9708 94 52
43 0.205833 0.043333 8041 247 52
44 0.032500 0.049167 8841 39 59
45 0.140000 0.049167 8585 168 59
46 0.272500 0.053333 8408 327 64
47 0.000000 0.056667 10626 0 68
48 0.002500 0.056667 10767 3 68
49 0.070833 0.057500 10249 85 69
50 0.335833 0.060833 10869 403 73
51 0.256667 0.064167 5065 308 77
52 0.072500 0.065000 10042 87 78
53 0.000000 0.068333 10269 0 82
54 0.300000 0.070833 11036 360 85
55 0.043333 0.071667 10669 52 86
56 0.087500 0.071667 8671 105 86
57 0.038333 0.074167 10705 46 89
58 0.004167 0.076667 10616 5 92
59 0.467500 0.078333 13592 561 94
60 0.105000 0.080000 7641 126 96
61 0.110833 0.081667 7644 133 98
62 0.331667 0.081667 12417 398 98
63 0.495833 0.082500 13500 595 99
64 0.069167 0.083333 9271 83 100
65 0.005000 0.084167 10442 6 101
66 0.330000 0.087500 12834 396 105
67 0.314167 0.089167 12201 377 107
68 0.359167 0.090000 10557 431 108
69 0.539167 0.090000 12165 647 108
70 0.069167 0.090833 9278 83 109
71 0.216667 0.090833 12119 260 109
72 0.351667 0.093333 10567 422 112
73 0.476667 0.093333 14596 572 112
74 0.492500 0.093333 14691 591 112
75 0.488333 0.096667 14954 586 116
76 0.047500 0.097500 11729 57 117
77 0.530833 0.099167 14081 637 119
78 0.470833 0.101667 14727 565 122
79 0.482500 0.101667 15242 579 122
80 0.212500 0.102500 12217 255 123
81 0.329167 0.102500 13799 395 123
82 0.053333 0.103333 11105 64 124
83 0.490000 0.104167 15482 588 125
84 0.043333 0.105833 11932 52 127
85 0.444167 0.105833 14107 533 127
86 0.492500 0.105833 15459 591 127
87 0.124167 0.106667 6295 149 128
88 0.522500 0.109167 14461 627 131
89 0.326667 0.111667 14133 392 134
90 0.495833 0.112500 15442 595 135
91 0.530833 0.115000 15052 637 138
92 0.537500 0.117500 14432 645 141
93 0.516667 0.118333 15311 620 142
94 0.310833 0.119167 13579 373 143
95 0.321667 0.121667 14196 386 146
96 0.220000 0.122500 14550 264 147
97 0.487500 0.122500 16427 585 147
98 0.477500 0.123333 15875 573 148
99 0.492500 0.125833 16948 591 151
100 0.366667 0.127500 11305 440 153
101 0.503333 0.132500 15846 604 159
102 0.487500 0.135833 16476 585 163
103 0.096667 0.136667 13487 116 164
104 0.486667 0.137500 16581 584 165
105 0.330000 0.139167 14927 396 167
106 0.416667 0.140000 14642 500 168
107 0.349167 0.142500 14137 419 171
108 0.100833 0.144167 13973 121 173
109 0.300000 0.144167 12601 360 173
110 0.062500 0.146667 14622 75 176
111 0.331667 0.146667 15098 398 176
112 0.484167 0.149167 17404 581 179
113 0.135833 0.151667 13172 163 182
114 0.450000 0.152500 16715 540 183
115 0.136667 0.153333 13248 164 184
116 0.536667 0.153333 16302 644 184
117 0.523333 0.155000 17988 628 186
118 0.330833 0.155833 17329 397 187
119 0.508333 0.155833 16902 610 187
120 0.060833 0.156667 15367 73 188
121 0.324167 0.156667 16827 389 188
122 0.214167 0.157500 18110 257 189
123 0.319167 0.157500 17027 383 189
124 0.065833 0.160833 15872 79 193
125 0.071667 0.163333 15977 86 196
126 0.077500 0.164167 15997 93 197
127 0.274167 0.164167 15121 329 197
128 0.140000 0.165000 15232 168 198
129 0.405000 0.165000 20137 486 198
130 0.512500 0.165000 18874 615 198
131 0.398333 0.165833 20259 478 199
132 0.475000 0.165833 19603 570 199
133 0.497500 0.165833 18497 597 199
134 0.262500 0.168333 15567 315 202
135 0.485000 0.168333 19425 582 202
136 0.112500 0.169167 16207 135 203
137 0.223333 0.169167 18845 268 203
138 0.429167 0.170000 22614 515 204
139 0.344167 0.172500 20141 413 207
140 0.444167 0.173333 22860 533 208
141 0.204167 0.174167 15613 245 209
142 0.145833 0.179167 16742 175 215
143 0.079167 0.180000 17565 95 216
144 0.041667 0.180833 13392 50 217
145 0.230833 0.181667 22828 277 218
146 0.090000 0.182500 18756 108 219
147 0.353333 0.187500 21361 424 225
148 0.513333 0.187500 17726 616 225
149 0.313333 0.189167 15331 376 227
150 0.000833 0.193333 8822 1 232
151 0.146667 0.194167 21056 176 233
152 0.285000 0.194167 12427 342 233
153 0.236667 0.195000 20534 284 234
154 0.165833 0.195833 17637 199 235
155 0.421667 0.195833 22529 506 235
156 0.152500 0.196667 19950 183 236
157 0.283333 0.196667 12542 340 236
158 0.514167 0.200000 16282 617 240
159 0.056667 0.200833 14416 68 241
160 0.283333 0.200833 12447 340 241
161 0.107500 0.202500 23628 129 243
162 0.275833 0.203333 12437 331 244
163 0.513333 0.204167 15882 616 245
164 0.276667 0.205000 12529 332 246
165 0.402500 0.205000 22719 483 246
166 0.117500 0.206667 23192 141 248
167 0.345833 0.207500 22801 415 249
168 0.291667 0.208333 12972 350 250
169 0.240833 0.211667 19337 289 254
170 0.124167 0.215000 23375 149 258
171 0.283333 0.215000 13789 340 258
172 0.242500 0.215833 19954 291 259
173 0.278333 0.216667 13959 334 260
174 0.385833 0.219167 26112 463 263
175 0.351667 0.220833 24645 422 265
176 0.243333 0.222500 20426 292 267
177 0.126667 0.225833 22070 152 271
178 0.253333 0.230000 19980 304 276
179 0.253333 0.235833 19911 304 283
180 0.257500 0.237500 19822 309 285
181 0.264167 0.244167 21246 317 293
182 0.413333 0.244167 19927 496 293
183 0.181667 0.245833 18638 218 295
184 0.539167 0.245833 11774 647 295
185 0.000000 0.246667 9064 0 296
186 0.086667 0.246667 16955 104 296
187 0.110000 0.246667 23523 132 296
188 0.487500 0.250833 13248 585 301
189 0.107500 0.252500 24265 129 303
190 0.000000 0.254167 10127 0 305
191 0.042500 0.255833 15754 51 307
192 0.175833 0.256667 18976 211 308
193 0.214167 0.256667 18651 257 308
194 0.365000 0.256667 17460 438 308
195 0.271667 0.257500 23323 326 309
196 0.000000 0.258333 10337 0 310
197 0.482500 0.259167 13592 579 311
198 0.000000 0.260833 10423 0 313
199 0.300833 0.260833 19960 361 313
200 0.103333 0.261667 24967 124 314
201 0.214167 0.261667 18494 257 314
202 0.539167 0.261667 15738 647 314
203 0.070000 0.263333 19202 84 316
204 0.539167 0.263333 15741 647 316
205 0.000000 0.264167 10885 0 317
206 0.076667 0.264167 19773 92 317
207 0.215000 0.264167 18336 258 317
208 0.476667 0.265000 15226 572 318
209 0.000000 0.269167 11958 0 323
210 0.270000 0.269167 24708 324 323
211 0.517500 0.269167 15593 621 323
212 0.470000 0.270833 15567 564 325
213 0.418333 0.271667 15423 502 326
214 0.175000 0.272500 21263 210 327
215 0.000000 0.274167 12624 0 329
216 0.473333 0.275000 15026 568 330
217 0.523333 0.275000 15669 628 330
218 0.361667 0.275833 17103 434 331
219 0.000000 0.280833 13215 0 337
220 0.120000 0.280833 26473 144 337
221 0.000000 0.283333 13674 0 340
222 0.539167 0.283333 17119 647 340
223 0.296667 0.285000 22112 356 342
224 0.226667 0.285833 23382 272 343
225 0.460833 0.286667 14655 553 344
226 0.202500 0.290000 23139 243 348
227 0.245833 0.290000 24419 295 348
228 0.370000 0.290000 17188 444 348
229 0.210833 0.290833 22641 253 349
230 0.353333 0.290833 16729 424 349
231 0.539167 0.290833 15885 647 349
232 0.180833 0.291667 23490 217 350
233 0.153333 0.294167 24737 184 353
234 0.002500 0.297500 14317 3 357
235 0.452500 0.297500 15895 543 357
236 0.165833 0.298333 24494 199 358
237 0.250833 0.300833 22503 301 361
238 0.448333 0.300833 15761 538 361
239 0.539167 0.301667 15255 647 362
240 0.044167 0.303333 14714 53 364
241 0.475833 0.306667 13159 571 368
242 0.161667 0.307500 22155 194 369
243 0.113333 0.308333 19422 136 370
244 0.207500 0.314167 19491 249 377
245 0.284167 0.315000 18090 341 378
246 0.539167 0.315000 16105 647 378
247 0.441667 0.316667 17798 530 380
248 0.390833 0.318333 11371 469 382
249 0.539167 0.320000 16128 647 384
250 0.515000 0.322500 17312 618 387
251 0.059167 0.323333 18408 71 388
252 0.152500 0.325000 21702 183 390
253 0.213333 0.326667 20006 256 392
254 0.061667 0.328333 18051 74 394
255 0.006667 0.329167 15610 8 395
256 0.150000 0.332500 21679 180 399
257 0.464167 0.332500 17122 557 399
258 0.067500 0.333333 18254 81 400
259 0.443333 0.333333 19878 532 400
260 0.045000 0.334167 21755 54 401
261 0.148333 0.335000 21679 178 402
262 0.040833 0.340000 22342 49 408
263 0.141667 0.341667 21486 170 410
264 0.344167 0.343333 12598 413 412
265 0.539167 0.344167 22319 647 413
266 0.197500 0.345833 16489 237 415
267 0.430000 0.345833 18526 516 415
268 0.402500 0.350833 16256 483 421
269 0.415000 0.352500 17575 498 423
270 0.406667 0.356667 17680 488 428
271 0.046667 0.357500 22516 56 429
272 0.508333 0.357500 17808 610 429
273 0.505000 0.358333 17985 606 430
274 0.165000 0.361667 16840 198 434
275 0.045833 0.363333 22608 55 436
276 0.021667 0.365000 18139 26 438
277 0.113333 0.367500 23316 136 441
278 0.456667 0.367500 13996 548 441
279 0.344167 0.368333 16272 413 442
280 0.394167 0.369167 17798 473 443
281 0.539167 0.369167 19445 647 443
282 0.073333 0.371667 21899 88 446
283 0.173333 0.371667 17585 208 446
284 0.340833 0.372500 16427 409 447
285 0.054167 0.375000 23015 65 450
286 0.085833 0.375000 21089 103 450
287 0.386667 0.375833 17618 464 451
288 0.531667 0.375833 18628 638 451
289 0.089167 0.376667 21476 107 452
290 0.334167 0.381667 16843 401 458
291 0.539167 0.383333 16788 647 460
292 0.039167 0.385833 19829 47 463
293 0.160000 0.385833 18087 192 463
294 0.175833 0.385833 18418 211 463
295 0.442500 0.386667 17431 531 464
296 0.203333 0.390000 16784 244 468
297 0.421667 0.390000 18858 506 468
298 0.197500 0.391667 16817 237 470
299 0.495833 0.391667 14058 595 470
300 0.433333 0.392500 18221 520 471
301 0.302500 0.394167 17821 363 473
302 0.170000 0.395833 19124 204 475
303 0.228333 0.395833 17273 274 475
304 0.139167 0.397500 17326 167 477
305 0.395000 0.398333 19055 474 478
306 0.539167 0.398333 17650 647 478
307 0.410000 0.399167 19087 492 479
308 0.413333 0.399167 19114 496 479
309 0.486667 0.400833 18435 584 481
310 0.385833 0.401667 19337 463 482
311 0.215833 0.402500 17312 259 483
312 0.316667 0.403333 20183 380 484
313 0.403333 0.404167 19238 484 485
314 0.379167 0.405833 19258 455 487
315 0.539167 0.406667 18011 647 488
316 0.132500 0.407500 17903 159 489
317 0.158333 0.407500 19517 190 489
318 0.484167 0.407500 18339 581 489
319 0.325000 0.409167 20997 390 491
320 0.368333 0.410833 19048 442 493
321 0.145833 0.411667 18579 175 494
322 0.353333 0.415833 19708 424 499
323 0.263333 0.416667 15452 316 500
324 0.168333 0.417500 18710 202 501
325 0.200000 0.419167 18599 240 503
326 0.539167 0.419167 15912 647 503
327 0.309167 0.420833 21532 371 505
328 0.000000 0.423333 8756 0 508
329 0.195000 0.423333 18651 234 508
330 0.359167 0.423333 18330 431 508
331 0.335000 0.425000 19491 402 510
332 0.539167 0.425000 15780 647 510
333 0.135000 0.426667 17798 162 512
334 0.299167 0.428333 20954 359 514
335 0.182500 0.429167 19757 219 515
336 0.000000 0.432500 9041 0 519
337 0.468333 0.436667 18300 562 524
338 0.502500 0.440833 17175 603 529
339 0.190000 0.441667 19793 228 530
340 0.185000 0.444167 19849 222 533
341 0.000000 0.445833 10141 0 535
342 0.395000 0.445833 18293 474 535
343 0.268333 0.446667 17339 322 536
344 0.140833 0.447500 15879 169 537
345 0.000000 0.448333 10006 0 538
346 0.411667 0.449167 18300 494 539
347 0.020833 0.450000 9593 25 540
348 0.129167 0.450000 16295 155 540
349 0.000000 0.451667 9898 0 542
350 0.034167 0.451667 9455 41 542
351 0.402500 0.451667 18116 483 542
352 0.539167 0.451667 15905 647 542
353 0.224167 0.452500 19491 269 543
354 0.081667 0.453333 13159 98 544
355 0.371667 0.453333 18864 446 544
356 0.457500 0.454167 17775 549 545
357 0.114167 0.455000 15744 137 546
358 0.387500 0.455000 18559 465 546
359 0.358333 0.455833 18789 430 547
360 0.191667 0.456667 19386 230 548
361 0.298333 0.456667 19110 358 548
362 0.353333 0.457500 18904 424 549
363 0.379167 0.457500 18612 455 549
364 0.182500 0.458333 19386 219 550
365 0.539167 0.459167 16003 647 551
366 0.244167 0.460833 17526 293 553
367 0.305000 0.460833 19291 366 553
368 0.206667 0.462500 21161 248 555
369 0.335833 0.463333 19438 403 556
370 0.520833 0.463333 13667 625 556
371 0.325833 0.465000 19514 391 558
372 0.315000 0.465833 19386 378 559
373 0.359167 0.465833 18467 431 559
374 0.250833 0.466667 16092 301 560
375 0.375000 0.466667 17614 450 560
376 0.306667 0.470000 20026 368 564
377 0.539167 0.472500 14852 647 567
378 0.490000 0.473333 19238 588 568
379 0.000000 0.474167 13143 0 569
380 0.140000 0.475833 13779 168 571
381 0.539167 0.476667 14858 647 572
382 0.000000 0.478333 13320 0 574
383 0.486667 0.479167 19130 584 575
384 0.454167 0.480000 18802 545 576
385 0.440833 0.484167 19058 529 581
386 0.444167 0.484167 19143 533 581
387 0.000000 0.485000 12890 0 582
388 0.432500 0.485833 18733 519 583
389 0.496667 0.485833 18684 596 583
390 0.000000 0.486667 12841 0 584
391 0.282500 0.486667 20341 339 584
392 0.295000 0.486667 21164 354 584
393 0.539167 0.486667 16535 647 584
394 0.056667 0.488333 11509 68 586
395 0.039167 0.489167 12421 47 587
396 0.446667 0.489167 19596 536 587
397 0.130000 0.490833 12805 156 589
398 0.227500 0.492500 21233 273 591
399 0.279167 0.492500 20150 335 591
400 0.448333 0.493333 19632 538 592
401 0.000000 0.494167 12240 0 593
402 0.020000 0.494167 12919 24 593
403 0.290000 0.494167 20442 348 593
404 0.290833 0.497500 20767 349 597
405 0.311667 0.498333 18848 374 598
406 0.405000 0.498333 18933 486 598
407 0.478333 0.498333 20830 574 598
408 0.330000 0.499167 18835 396 599
409 0.446667 0.499167 19986 536 599
410 0.270833 0.500000 20049 325 600
411 0.110833 0.501667 13001 133 602
412 0.345000 0.502500 18126 414 603
413 0.317500 0.503333 18759 381 604
414 0.375000 0.503333 18267 450 604
415 0.438333 0.504167 19550 526 605
416 0.325000 0.506667 18786 390 608
417 0.399167 0.506667 19852 479 608
418 0.436667 0.509167 19868 524 611
419 0.539167 0.509167 16696 647 611
420 0.444167 0.510000 20029 533 612
421 0.302500 0.511667 18950 363 614
422 0.261667 0.513333 20137 314 616
423 0.463333 0.513333 18641 556 616
424 0.226667 0.514167 19524 272 617
425 0.380833 0.515000 19350 457 618
426 0.539167 0.515000 17119 647 618
427 0.295833 0.516667 18704 355 620
428 0.414167 0.517500 19317 497 621
429 0.147500 0.520000 12677 177 624
430 0.240833 0.520000 19937 289 624
431 0.428333 0.520000 20931 514 624
432 0.072500 0.524167 12168 87 629
433 0.332500 0.524167 19255 399 629
434 0.413333 0.525833 20672 496 631
435 0.341667 0.526667 19311 410 632
436 0.016667 0.527500 16683 20 633
437 0.223333 0.528333 18743 268 634
438 0.539167 0.528333 18697 647 634
439 0.062500 0.530000 12956 75 636
440 0.322500 0.530000 19376 387 636
441 0.503333 0.530833 17214 604 637
442 0.415000 0.531667 20570 498 638
443 0.441667 0.531667 19091 530 638
444 0.465833 0.531667 19484 559 638
445 0.452500 0.532500 19511 543 639
446 0.182500 0.533333 17165 219 640
447 0.495000 0.534167 17227 594 641
448 0.265000 0.535000 18989 318 642
449 0.353333 0.535000 20436 424 642
450 0.539167 0.536667 19812 647 644
451 0.092500 0.537500 9337 111 645
452 0.314167 0.537500 19055 377 645
453 0.277500 0.538333 18956 333 646
454 0.000000 0.539167 15823 0 647
455 0.007500 0.539167 16023 9 647
456 0.018333 0.539167 17454 22 647
457 0.031667 0.539167 15597 38 647
458 0.040833 0.539167 15374 49 647
459 0.085833 0.539167 9967 103 647
460 0.120000 0.539167 13428 144 647
461 0.122500 0.539167 13451 147 647
462 0.140000 0.539167 13933 168 647
463 0.150000 0.539167 13218 180 647
464 0.205000 0.539167 16751 246 647
465 0.261667 0.539167 18779 314 647
466 0.335833 0.539167 18585 403 647
467 0.340833 0.539167 18858 409 647
468 0.355833 0.539167 20042 427 647
469 0.386667 0.539167 19583 464 647
470 0.395833 0.539167 19038 475 647
471 0.406667 0.539167 19189 488 647
472 0.421667 0.539167 20003 506 647
473 0.430833 0.539167 18963 517 647
474 0.440833 0.539167 20104 529 647
475 0.449167 0.539167 20626 539 647
476 0.461667 0.539167 19993 554 647
477 0.472500 0.539167 18556 567 647
478 0.480833 0.539167 17985 577 647
479 0.514167 0.539167 16801 617 647
480 0.518333 0.539167 16325 622 647
PromSaddles 479
1 0.044167 0.000000 6036 53 0
2 0.090833 0.000000 3720 109 0
3 0.108333 0.000000 5396 130 0
4 0.122500 0.000000 6453 147 0
5 0.125833 0.000000 6581 151 0
6 0.127500 0.000000 6587 153 0
7 0.151667 0.000833 4012 182 1
8 0.155833 0.000000 3976 187 0
9 0.163333 0.000000 4160 196 0
10 0.168333 0.000000 4163 202 0
11 0.175833 0.000000 3894 211 0
12 0.188333 0.000833 3513 226 1
13 0.256667 0.000000 5387 308 0
14 0.260000 0.000000 5351 312 0
15 0.330000 0.000000 5898 396 0
16 0.333333 0.000000 5849 400 0
17 0.392500 0.000000 7647 471 0
18 0.410000 0.000000 9281 492 0
19 0.478333 0.000000 8343 574 0
20 0.532500 0.000000 7988 639 0
21 0.387500 0.000833 7614 465 1
22 0.414167 0.000833 9566 497 1
23 0.470000 0.005000 9393 564 6
24 0.530833 0.007500 8031 637 9
25 0.128333 0.014167 7011 154 17
26 0.007500 0.019167 8979 9 23
27 0.300000 0.021667 8592 360 26
28 0.470000 0.021667 10259 564 26
29 0.269167 0.022500 5918 323 27
30 0.468333 0.023333 10255 562 28
31 0.276667 0.025833 5787 332 31
32 0.539167 0.025833 8097 647 31
33 0.303333 0.027500 8592 364 33
34 0.448333 0.027500 11036 538 33
35 0.000000 0.028333 10357 0 34
36 0.421667 0.029167 9799 506 35
37 0.000000 0.034167 10242 0 41
38 0.313333 0.037500 9012 376 45
39 0.205833 0.039167 7913 247 47
40 0.075000 0.045833 9481 90 55
41 0.208333 0.046667 7844 250 56
42 0.000000 0.047500 8910 0 57
43 0.030833 0.049167 8730 37 59
44 0.277500 0.055833 8218 333 67
45 0.000833 0.056667 10590 1 68
46 0.470000 0.056667 10885 564 68
47 0.071667 0.062500 9839 86 75
48 0.000000 0.063333 9750 0 76
49 0.333333 0.063333 10633 400 76
50 0.140000 0.066667 7982 168 80
51 0.255000 0.066667 4753 306 80
52 0.085000 0.071667 8435 102 86
53 0.040833 0.072500 10567 49 87
54 0.000833 0.075000 10085 1 90
55 0.308333 0.075833 10347 370 91
56 0.004167 0.080000 10275 5 96
57 0.071667 0.080000 8884 86 96
58 0.100833 0.080000 7303 121 96
59 0.043333 0.081667 10203 52 98
60 0.108333 0.081667 7477 130 98
61 0.473333 0.083333 13359 568 100
62 0.330833 0.084167 12224 397 101
63 0.495833 0.084167 13244 595 101
64 0.015000 0.085833 9445 18 103
65 0.069167 0.085833 9084 83 103
66 0.315833 0.090000 12096 379 108
67 0.330000 0.090000 12624 396 108
68 0.357500 0.090833 10324 429 109
69 0.539167 0.090833 12155 647 109
70 0.069167 0.092500 9146 83 111
71 0.350000 0.094167 10462 420 113
72 0.490833 0.094167 14563 589 113
73 0.215000 0.095833 11788 258 115
74 0.478333 0.095833 14465 574 115
75 0.486667 0.098333 14842 584 118
76 0.045000 0.101667 11509 54 122
77 0.471667 0.102500 14442 566 123
78 0.485833 0.102500 15059 583 123
79 0.529167 0.102500 13759 635 123
80 0.212500 0.104167 12106 255 125
81 0.052500 0.105000 10990 63 126
82 0.490833 0.105000 15328 589 126
83 0.327500 0.107500 13648 393 129
84 0.122500 0.108333 6105 147 130
85 0.445833 0.110000 13622 535 132
86 0.495000 0.110000 14849 594 132
87 0.522500 0.110833 14268 627 133
88 0.528333 0.113333 14297 634 136
89 0.326667 0.114167 13753 392 137
90 0.495833 0.115000 15180 595 138
91 0.046667 0.117500 11076 56 141
92 0.535833 0.117500 14327 643 141
93 0.515000 0.118333 15170 618 142
94 0.315833 0.120833 13353 379 145
95 0.479167 0.123333 15698 575 148
96 0.490000 0.123333 16272 588 148
97 0.220833 0.128333 14097 265 154
98 0.324167 0.129167 13809 389 155
99 0.364167 0.129167 11184 437 155
100 0.501667 0.130833 15692 602 157
101 0.487500 0.135000 16469 585 162
102 0.487500 0.136667 16469 585 164
103 0.098333 0.140000 13303 118 168
104 0.417500 0.140000 14534 501 168
105 0.485833 0.140833 16259 583 169
106 0.331667 0.143333 14547 398 172
107 0.300833 0.144167 12493 361 173
108 0.347500 0.144167 13851 417 173
109 0.331667 0.147500 14993 398 177
110 0.062500 0.148333 14455 75 178
111 0.104167 0.152500 13293 125 183
112 0.136667 0.152500 13057 164 183
113 0.536667 0.152500 16187 644 183
114 0.137500 0.154167 13031 165 185
115 0.481667 0.154167 17198 578 185
116 0.450833 0.155000 16525 541 186
117 0.322500 0.156667 16630 387 188
118 0.325000 0.156667 16702 390 188
119 0.331667 0.156667 17073 398 188
120 0.509167 0.156667 16797 611 188
121 0.061667 0.157500 15154 74 189
122 0.518333 0.157500 17798 622 189
123 0.215833 0.160000 17765 259 192
124 0.069167 0.161667 15711 83 194
125 0.074167 0.164167 15803 89 197
126 0.504167 0.164167 17975 605 197
127 0.406667 0.165000 20131 488 198
128 0.079167 0.165833 15885 95 199
129 0.404167 0.165833 20131 485 199
130 0.480000 0.166667 19019 576 200
131 0.493333 0.166667 17962 592 200
132 0.141667 0.167500 14704 170 201
133 0.261667 0.167500 15465 314 201
134 0.271667 0.167500 14947 326 201
135 0.437500 0.170000 21919 525 204
136 0.465833 0.170000 17650 559 204
137 0.112500 0.170833 15853 135 205
138 0.223333 0.170833 18733 268 205
139 0.205000 0.174167 15508 246 209
140 0.345000 0.174167 19776 414 209
141 0.146667 0.180000 16571 176 216
142 0.513333 0.180000 17296 616 216
143 0.044167 0.180833 13244 53 217
144 0.082500 0.182500 17335 99 219
145 0.091667 0.185833 18523 110 223
146 0.435000 0.188333 21128 522 226
147 0.004167 0.190000 8618 5 228
148 0.353333 0.190833 21000 424 229
149 0.235000 0.193333 20380 282 232
150 0.315833 0.193333 14986 379 232
151 0.165000 0.195000 17473 198 234
152 0.284167 0.195000 12309 341 234
153 0.151667 0.195833 19849 182 235
154 0.138333 0.196667 19573 166 236
155 0.058333 0.197500 14199 70 237
156 0.515000 0.197500 16085 618 237
157 0.282500 0.198333 12106 339 238
158 0.413333 0.202500 21476 496 243
159 0.282500 0.202500 12103 339 243
160 0.512500 0.202500 15692 615 243
161 0.274167 0.204167 12227 329 245
162 0.116667 0.205000 23054 140 246
163 0.277500 0.206667 12335 333 248
164 0.240000 0.207500 18809 288 249
165 0.405000 0.207500 22391 486 249
166 0.346667 0.209167 22499 416 251
167 0.119167 0.210000 22851 143 252
168 0.292500 0.210833 12677 351 253
169 0.241667 0.213333 19232 290 256
170 0.282500 0.215000 13631 339 258
171 0.279167 0.218333 13710 335 262
172 0.241667 0.219167 19645 290 263
173 0.371667 0.221667 23953 446 266
174 0.126667 0.224167 21712 152 269
175 0.250833 0.228333 19596 301 274
176 0.252500 0.231667 19484 303 278
177 0.120000 0.232500 21026 144 279
178 0.255000 0.236667 19537 306 284
179 0.260000 0.240000 19084 312 288
180 0.412500 0.242500 19819 495 291
181 0.539167 0.246667 11765 647 296
182 0.000000 0.247500 9025 0 297
183 0.087500 0.247500 16751 105 297
184 0.108333 0.247500 23375 130 297
185 0.181667 0.249167 18185 218 299
186 0.265000 0.250000 20465 318 300
187 0.364167 0.251667 17339 437 302
188 0.487500 0.252500 13146 585 303
189 0.311667 0.254167 18018 374 305
190 0.000000 0.255000 9986 0 306
191 0.106667 0.255000 24127 128 306
192 0.045000 0.255833 15564 54 307
193 0.175833 0.258333 18795 211 310
194 0.000000 0.259167 10203 0 311
195 0.271667 0.259167 23211 326 311
196 0.481667 0.260000 13451 578 312
197 0.214167 0.260833 18313 257 313
198 0.000000 0.262500 10341 0 315
199 0.071667 0.263333 19094 86 316
200 0.297500 0.262500 19767 357 315
201 0.539167 0.262500 15731 647 315
202 0.214167 0.263333 18031 257 316
203 0.078333 0.264167 19576 94 317
204 0.000000 0.265000 10803 0 318
205 0.105000 0.265000 24179 126 318
206 0.215000 0.265833 18070 258 319
207 0.472500 0.267500 14507 567 321
208 0.419167 0.268333 15088 503 322
209 0.000000 0.270833 11824 0 325
210 0.539167 0.271667 15446 647 326
211 0.361667 0.273333 16794 434 328
212 0.520000 0.273333 15449 624 328
213 0.000000 0.275000 12614 0 330
214 0.174167 0.275000 21056 209 330
215 0.472500 0.275000 14917 567 330
216 0.524167 0.276667 15541 629 332
217 0.294167 0.279167 21870 353 335
218 0.465000 0.281667 13950 558 338
219 0.000000 0.281667 13198 0 338
220 0.258333 0.282500 22499 310 339
221 0.356667 0.284167 16371 428 341
222 0.365833 0.284167 16847 439 341
223 0.460000 0.286667 14343 552 344
224 0.146667 0.289167 24386 176 347
225 0.235000 0.289167 22417 282 347
226 0.000833 0.290000 13192 1 348
227 0.210000 0.290000 22608 252 348
228 0.212500 0.290000 22608 255 348
229 0.539167 0.290000 15875 647 348
230 0.192500 0.290833 22516 231 349
231 0.173333 0.295000 23218 208 354
232 0.162500 0.296667 24389 195 356
233 0.250833 0.299167 22329 301 359
234 0.449167 0.300000 15574 539 360
235 0.010000 0.300833 13864 12 361
236 0.539167 0.300833 15216 647 361
237 0.539167 0.302500 15209 647 363
238 0.447500 0.304167 15538 537 365
239 0.045000 0.305000 14612 54 366
240 0.162500 0.306667 22027 195 368
241 0.476667 0.306667 12946 572 368
242 0.114167 0.307500 19304 137 369
243 0.205000 0.307500 19091 246 369
244 0.284167 0.313333 17893 341 376
245 0.157500 0.315833 21348 189 379
246 0.390000 0.315833 11128 468 379
247 0.539167 0.317500 15961 647 381
248 0.442500 0.318333 17673 531 382
249 0.211667 0.320833 19087 254 385
250 0.539167 0.320833 16099 647 385
251 0.517500 0.324167 17155 621 389
252 0.057500 0.326667 17847 69 392
253 0.060833 0.327500 17942 73 393
254 0.009167 0.328333 15324 11 394
255 0.151667 0.329167 21499 182 395
256 0.063333 0.330833 17791 76 397
257 0.457500 0.331667 16755 549 398
258 0.149167 0.333333 21578 179 400
259 0.044167 0.335833 21446 53 403
260 0.146667 0.338333 21177 176 406
261 0.196667 0.344167 16351 236 413
262 0.435000 0.344167 17923 522 413
263 0.137500 0.345000 20980 165 414
264 0.340000 0.345000 12477 408 414
265 0.039167 0.348333 20396 47 418
266 0.402500 0.351667 16154 483 422
267 0.419167 0.352500 17191 503 423
268 0.410000 0.355000 17326 492 426
269 0.510000 0.356667 17650 612 428
270 0.507500 0.357500 17539 609 429
271 0.046667 0.360000 22358 56 432
272 0.539167 0.363333 18579 647 436
273 0.400000 0.364167 17142 480 437
274 0.167500 0.365000 16719 201 438
275 0.027500 0.367500 17408 33 441
276 0.050000 0.368333 22027 60 442
277 0.343333 0.369167 16026 412 443
278 0.455833 0.370000 13894 547 444
279 0.067500 0.373333 21614 81 448
280 0.082500 0.373333 20662 99 448
281 0.389167 0.373333 17368 467 448
282 0.096667 0.375000 20380 116 450
283 0.086667 0.375833 20905 104 451
284 0.340000 0.375833 16092 408 451
285 0.534167 0.375833 18497 641 451
286 0.175833 0.380000 17270 211 456
287 0.539167 0.382500 16758 647 459
288 0.042500 0.384167 19258 51 461
289 0.335833 0.385000 16213 403 462
290 0.380000 0.385833 17250 456 463
291 0.441667 0.386667 17316 530 464
292 0.171667 0.389167 18090 206 467
293 0.539167 0.389167 15308 647 467
294 0.159167 0.390000 17562 191 468
295 0.495833 0.390000 13569 595 468
296 0.430833 0.391667 17979 517 470
297 0.200833 0.392500 16548 241 471
298 0.415833 0.392500 18608 499 471
299 0.304167 0.395833 17608 365 475
300 0.221667 0.396667 16948 266 476
301 0.411667 0.399167 18986 494 479
302 0.120833 0.400000 16827 145 480
303 0.170000 0.400000 18471 204 480
304 0.198333 0.400000 16561 238 480
305 0.391667 0.400000 18736 470 480
306 0.139167 0.400833 17194 167 481
307 0.399167 0.400833 18832 479 481
308 0.405833 0.400833 18645 487 481
309 0.539167 0.400833 17368 647 481
310 0.485833 0.402500 18205 583 483
311 0.215000 0.404167 17204 258 485
312 0.319167 0.405833 20003 383 487
313 0.382500 0.405833 18792 459 487
314 0.134167 0.408333 17696 161 490
315 0.372500 0.409167 18635 447 491
316 0.361667 0.410833 18786 434 493
317 0.150000 0.411667 18356 180 494
318 0.347500 0.412500 18333 417 495
319 0.310833 0.415000 20482 373 498
320 0.167500 0.415833 18490 201 499
321 0.267500 0.417500 15321 321 501
322 0.539167 0.418333 15902 647 502
323 0.138333 0.420000 17237 166 504
324 0.198333 0.420833 18418 238 505
325 0.356667 0.420833 18182 428 505
326 0.335000 0.421667 19196 402 506
327 0.172500 0.423333 18264 207 508
328 0.539167 0.423333 15662 647 508
329 0.000833 0.424167 8740 1 509
330 0.473333 0.424167 17532 568 509
331 0.193333 0.425000 18454 232 510
332 0.300833 0.429167 20301 361 515
333 0.000000 0.433333 8973 0 520
334 0.539167 0.435000 14284 647 522
335 0.184167 0.439167 19058 221 527
336 0.187500 0.442500 19648 225 531
337 0.128333 0.445000 16036 154 534
338 0.140000 0.445000 15600 168 534
339 0.000000 0.446667 9980 0 536
340 0.027500 0.447500 9393 33 537
341 0.275833 0.447500 16909 331 537
342 0.298333 0.447500 18815 358 537
343 0.000000 0.450000 9826 0 540
344 0.034167 0.450000 9340 41 540
345 0.185833 0.450000 18438 223 540
346 0.459167 0.450000 17611 551 540
347 0.494167 0.450000 16525 593 540
348 0.391667 0.450833 18100 470 541
349 0.399167 0.451667 17900 479 542
350 0.406667 0.451667 17778 488 542
351 0.000000 0.453333 9461 0 544
352 0.083333 0.453333 13038 100 544
353 0.115833 0.453333 15636 139 544
354 0.221667 0.453333 19196 266 544
355 0.360000 0.454167 18336 432 545
356 0.539167 0.455000 15538 647 546
357 0.302500 0.457500 18815 363 549
358 0.355833 0.456667 18608 427 548
359 0.375833 0.456667 18346 451 548
360 0.189167 0.458333 19058 227 550
361 0.350833 0.458333 18658 421 550
362 0.381667 0.458333 18215 458 550
363 0.193333 0.460000 18897 232 552
364 0.240833 0.460833 17152 289 553
365 0.355833 0.460833 18290 427 553
366 0.375833 0.462500 17457 451 555
367 0.332500 0.463333 19278 399 556
368 0.307500 0.464167 18677 369 557
369 0.521667 0.464167 13566 626 557
370 0.320000 0.465833 19176 384 559
371 0.311667 0.466667 19199 374 560
372 0.455833 0.466667 17191 547 560
373 0.250000 0.467500 15987 300 561
374 0.539167 0.469167 14596 647 563
375 0.308333 0.473333 19402 370 568
376 0.539167 0.473333 14714 647 568
377 0.000000 0.475000 12979 0 570
378 0.225000 0.475000 17739 270 570
379 0.140000 0.476667 13110 168 572
380 0.486667 0.477500 18900 584 573
381 0.538333 0.480000 14622 646 576
382 0.451667 0.482500 18612 542 579
383 0.000000 0.483333 12811 0 580
384 0.442500 0.484167 18927 531 581
385 0.482500 0.484167 18792 579 581
386 0.130833 0.485000 12703 157 582
387 0.437500 0.485000 18569 525 582
388 0.000000 0.485833 12831 0 583
389 0.286667 0.485833 19967 344 583
390 0.444167 0.485833 18907 533 583
391 0.492500 0.490000 18244 591 588
392 0.000000 0.490833 11650 0 589
393 0.052500 0.490833 11354 63 589
394 0.036667 0.491667 12073 44 590
395 0.280000 0.491667 20013 336 590
396 0.448333 0.491667 19350 538 590
397 0.290833 0.492500 20367 349 591
398 0.289167 0.495000 20367 347 594
399 0.448333 0.495000 19442 538 594
400 0.019167 0.495833 12808 23 595
401 0.121667 0.495833 12322 146 595
402 0.306667 0.496667 18484 368 596
403 0.275833 0.497500 19294 331 597
404 0.403333 0.499167 18684 484 599
405 0.539167 0.499167 15387 647 599
406 0.000000 0.500000 11282 0 600
407 0.341667 0.500833 17916 410 601
408 0.314167 0.501667 18543 377 602
409 0.439167 0.502500 19307 527 603
410 0.326667 0.503333 18684 392 604
411 0.376667 0.505000 18162 452 606
412 0.437500 0.505833 19432 525 607
413 0.265000 0.506667 19012 318 608
414 0.321667 0.506667 18464 386 608
415 0.298333 0.508333 18694 358 610
416 0.441667 0.510000 19724 530 612
417 0.539167 0.510000 16689 647 612
418 0.225833 0.511667 19340 271 614
419 0.320000 0.511667 18215 384 614
420 0.248333 0.512500 19101 298 615
421 0.433333 0.512500 19655 520 615
422 0.296667 0.513333 18458 356 616
423 0.465833 0.515000 18513 559 618
424 0.473333 0.515000 18428 568 618
425 0.391667 0.515833 18523 470 619
426 0.539167 0.515833 17099 647 619
427 0.399167 0.517500 18526 479 621
428 0.230833 0.518333 19133 277 622
429 0.413333 0.519167 19199 496 623
430 0.149167 0.522500 12490 179 627
431 0.422500 0.522500 20160 507 627
432 0.070833 0.523333 12063 85 628
433 0.226667 0.524167 18595 272 629
434 0.338333 0.525833 18881 406 631
435 0.329167 0.526667 18743 395 632
436 0.414167 0.527500 20400 497 633
437 0.016667 0.529167 16538 20 635
438 0.264167 0.529167 18694 317 635
439 0.539167 0.529167 18674 647 635
440 0.345000 0.530833 19117 414 637
441 0.055000 0.533333 12565 66 640
442 0.440000 0.533333 18937 528 640
443 0.451667 0.533333 19373 542 640
444 0.490000 0.533333 16978 588 640
445 0.499167 0.533333 17034 599 640
446 0.464167 0.535000 19255 557 642
447 0.192500 0.535833 16332 231 643
448 0.315833 0.535833 18887 379 643
449 0.092500 0.536667 9333 111 644
450 0.263333 0.536667 18740 316 644
451 0.206667 0.537500 16676 248 645
452 0.421667 0.537500 19881 506 645
453 0.091667 0.538333 9333 110 646
454 0.337500 0.538333 18549 405 646
455 0.355000 0.538333 19947 426 646
456 0.505833 0.538333 15820 607 646
457 0.002500 0.539167 15534 3 647
458 0.009167 0.539167 15810 11 647
459 0.028333 0.539167 15298 34 647
460 0.036667 0.539167 14865 44 647
461 0.083333 0.539167 9885 100 647
462 0.120833 0.539167 13382 145 647
463 0.125000 0.539167 13418 150 647
464 0.148333 0.539167 13139 178 647
465 0.150833 0.539167 13215 181 647
466 0.274167 0.539167 18517 329 647
467 0.342500 0.539167 18769 411 647
468 0.375833 0.539167 17467 451 647
469 0.393333 0.539167 18690 472 647
470 0.400000 0.539167 18313 480 647
471 0.408333 0.539167 18881 490 647
472 0.430000 0.539167 18920 516 647
473 0.433333 0.539167 18907 520 647
474 0.443333 0.539167 19822 532 647
475 0.457500 0.539167 19107 549 647
476 0.470833 0.539167 18353 565 647
477 0.479167 0.539167 17916 575 647
478 0.517500 0.539167 16312 621 647
479 0.519167 0.539167 16272 623 647
BasinSaddles 0
Runoffs 208
1 0.000000 0.000000 5508 0 0
2 0.011667 0.000000 7322 14 0
3 0.020000 0.000000 6961 24 0
4 0.027500 0.000000 7480 33 0
5 0.030000 0.000000 7434 36 0
6 0.045833 0.000000 6138 55 0
7 0.072500 0.000000 4294 87 0
8 0.075000 0.000000 4386 90 0
9 0.079167 0.000000 4442 95 0
10 0.090000 0.000000 3723 108 0
11 0.107500 0.000000 5403 129 0
12 0.120000 0.000000 6601 144 0
13 0.125000 0.000000 6584 150 0
14 0.126667 0.000000 6604 152 0
15 0.154167 0.000000 4041 185 0
16 0.160833 0.000000 4274 193 0
17 0.165833 0.000000 4311 199 0
18 0.171667 0.000000 4268 206 0
19 0.177500 0.000000 3940 213 0
20 0.190833 0.000000 3569 229 0
21 0.200000 0.000000 3625 240 0
22 0.207500 0.000000 3943 249 0
23 0.211667 0.000000 4235 254 0
24 0.220000 0.000000 4655 264 0
25 0.229167 0.000000 4035 275 0
26 0.232500 0.000000 4022 279 0
27 0.243333 0.000000 3841 292 0
28 0.255000 0.000000 5472 306 0
29 0.258333 0.000000 5439 310 0
30 0.280000 0.000000 7178 336 0
31 0.290833 0.000000 7588 349 0
32 0.302500 0.000000 6440 363 0
33 0.311667 0.000000 7437 374 0
34 0.330833 0.000000 5905 397 0
35 0.334167 0.000000 5869 401 0
36 0.367500 0.000000 5711 441 0
37 0.384167 0.000000 7631 461 0
38 0.390833 0.000000 7680 469 0
39 0.409167 0.000000 9288 491 0
40 0.413333 0.000000 9619 496 0
41 0.431667 0.000000 7496 518 0
42 0.434167 0.000000 7460 521 0
43 0.440833 0.000000 7273 529 0
44 0.445833 0.000000 7089 535 0
45 0.459167 0.000000 7237 551 0
46 0.470000 0.000000 9340 564 0
47 0.479167 0.000000 8359 575 0
48 0.492500 0.000000 6414 591 0
49 0.503333 0.000000 4609 604 0
50 0.530000 0.000000 8202 636 0
51 0.534167 0.000000 8067 641 0
52 0.539167 0.000000 7486 647 0
53 0.539167 0.007500 6755 647 9
54 0.539167 0.014167 6817 647 17
55 0.539167 0.025000 8100 647 30
56 0.539167 0.033333 9402 647 40
57 0.539167 0.044167 8110 647 53
58 0.539167 0.045833 8126 647 55
59 0.539167 0.052500 7900 647 63
60 0.539167 0.090000 12165 647 108
61 0.539167 0.091667 12162 647 110
62 0.539167 0.095000 12539 647 114
63 0.539167 0.097500 12477 647 117
64 0.539167 0.100833 12358 647 121
65 0.539167 0.112500 13044 647 135
66 0.539167 0.117500 14353 647 141
67 0.539167 0.120000 14271 647 144
68 0.539167 0.125000 13497 647 150
69 0.539167 0.151667 15695 647 182
70 0.539167 0.155000 15797 647 186
71 0.539167 0.170833 14078 647 205
72 0.539167 0.192500 10984 647 231
73 0.539167 0.199167 10423 647 239
74 0.539167 0.202500 10282 647 243
75 0.539167 0.205000 10019 647 246
76 0.539167 0.210833 9612 647 253
77 0.539167 0.215833 10124 647 259
78 0.539167 0.245833 11774 647 295
79 0.539167 0.261667 15738 647 314
80 0.539167 0.263333 15741 647 316
81 0.539167 0.283333 17119 647 340
82 0.539167 0.290833 15885 647 349
83 0.539167 0.301667 15255 647 362
84 0.539167 0.315000 16105 647 378
85 0.539167 0.320000 16128 647 384
86 0.539167 0.344167 22319 647 413
87 0.539167 0.369167 19445 647 443
88 0.539167 0.383333 16788 647 460
89 0.539167 0.398333 17650 647 478
90 0.539167 0.406667 18011 647 488
91 0.539167 0.419167 15912 647 503
92 0.539167 0.425000 15780 647 510
93 0.539167 0.451667 15905 647 542
94 0.539167 0.459167 16003 647 551
95 0.539167 0.472500 14852 647 567
96 0.539167 0.476667 14858 647 572
97 0.539167 0.486667 16535 647 584
98 0.539167 0.509167 16696 647 611
99 0.539167 0.515000 17119 647 618
100 0.539167 0.528333 18697 647 634
101 0.539167 0.536667 19812 647 644
102 0.539167 0.539167 19153 647 647
103 0.000000 0.006667 6335 0 8
104 0.000000 0.027500 10360 0 33
105 0.000000 0.029167 10367 0 35
106 0.000000 0.035833 10374 0 43
107 0.000000 0.042500 9648 0 51
108 0.000000 0.056667 10626 0 68
109 0.000000 0.068333 10269 0 82
110 0.000000 0.088333 9603 0 106
111 0.000000 0.090000 9609 0 108
112 0.000000 0.125000 6909 0 150
113 0.000000 0.130833 7040 0 157
114 0.000000 0.137500 8015 0 165
115 0.000000 0.155833 9465 0 187
116 0.000000 0.169167 9176 0 203
117 0.000000 0.193333 8697 0 232
118 0.000000 0.215833 5741 0 259
119 0.000000 0.223333 7372 0 268
120 0.000000 0.226667 6870 0 272
121 0.000000 0.231667 7037 0 278
122 0.000000 0.246667 9064 0 296
123 0.000000 0.254167 10127 0 305
124 0.000000 0.258333 10337 0 310
125 0.000000 0.260833 10423 0 313
126 0.000000 0.264167 10885 0 317
127 0.000000 0.270000 11958 0 324
128 0.000000 0.274167 12624 0 329
129 0.000000 0.280833 13215 0 337
130 0.000000 0.283333 13674 0 340
131 0.000000 0.293333 13681 0 352
132 0.000000 0.296667 13825 0 356
133 0.000000 0.314167 13041 0 377
134 0.000000 0.317500 12972 0 381
135 0.000000 0.329167 13959 0 395
136 0.000000 0.335833 12877 0 403
137 0.000000 0.355833 14819 0 427
138 0.000000 0.366667 13694 0 440
139 0.000000 0.371667 13382 0 446
140 0.000000 0.377500 12965 0 453
141 0.000000 0.390833 11427 0 469
142 0.000000 0.402500 10098 0 483
143 0.000000 0.410833 9849 0 493
144 0.000000 0.415833 9557 0 499
145 0.000000 0.423333 8756 0 508
146 0.000000 0.432500 9041 0 519
147 0.000000 0.445833 10141 0 535
148 0.000000 0.448333 10006 0 538
149 0.000000 0.451667 9898 0 542
150 0.000000 0.474167 13143 0 569
151 0.000000 0.478333 13320 0 574
152 0.000000 0.485000 12890 0 582
153 0.000000 0.486667 12841 0 584
154 0.000000 0.494167 12240 0 593
155 0.000000 0.515833 13372 0 619
156 0.000000 0.518333 13280 0 622
157 0.000000 0.529167 14363 0 635
158 0.000000 0.539167 15823 0 647
159 0.007500 0.539167 16023 9 647
160 0.018333 0.539167 17454 22 647
161 0.031667 0.539167 15597 38 647
162 0.040833 0.539167 15374 49 647
163 0.085833 0.539167 9967 103 647
164 0.120000 0.539167 13428 144 647
165 0.123333 0.539167 13451 148 647
166 0.127500 0.539167 13579 153 647
167 0.129167 0.539167 13585 155 647
168 0.140000 0.539167 13933 168 647
169 0.150000 0.539167 13218 180 647
170 0.173333 0.539167 15958 208 647
171 0.180833 0.539167 15787 217 647
172 0.186667 0.539167 16187 224 647
173 0.190000 0.539167 16072 228 647
174 0.199167 0.539167 16555 239 647
175 0.201667 0.539167 16597 242 647
176 0.205000 0.539167 16751 246 647
177 0.208333 0.539167 16604 250 647
178 0.216667 0.539167 17358 260 647
179 0.222500 0.539167 16758 267 647
180 0.233333 0.539167 18270 280 647
181 0.236667 0.539167 18182 284 647
182 0.240000 0.539167 18569 288 647
183 0.243333 0.539167 18710 292 647
184 0.254167 0.539167 17434 305 647
185 0.261667 0.539167 18779 314 647
186 0.272500 0.539167 18631 327 647
187 0.277500 0.539167 18943 333 647
188 0.295000 0.539167 16010 354 647
189 0.313333 0.539167 18848 376 647
190 0.335833 0.539167 18585 403 647
191 0.340833 0.539167 18858 409 647
192 0.355833 0.539167 20042 427 647
193 0.386667 0.539167 19583 464 647
194 0.395833 0.539167 19038 475 647
195 0.406667 0.539167 19189 488 647
196 0.421667 0.539167 20003 506 647
197 0.430833 0.539167 18963 517 647
198 0.440833 0.539167 20104 529 647
199 0.449167 0.539167 20626 539 647
200 0.461667 0.539167 19993 554 647
201 0.472500 0.539167 18556 567 647
202 0.477500 0.539167 17995 573 647
203 0.480833 0.539167 17985 577 647
204 0.495833 0.539167 16748 595 647
205 0.514167 0.539167 16801 617 647
206 0.518333 0.539167 16325 622 647
207 0.524167 0.539167 17440 629 647
208 0.537500 0.539167 19350 645 647
Edges 479
1 25 1
2 3 2
3 4 3
4 5 4
5 6 5
6 26 6
7 45 7
8 7 8
9 8 9
10 9 10
11 10 11
12 45 12
13 14 13
14 27 14
15 27 15
16 15 16
17 18 17
18 19 18
19 31 22
20 24 19
21 23 20
22 17 21
23 63 24
24 28 23
25 35 26
26 45 25
27 33 27
28 30 28
29 32 29
30 41 30
31 41 34
32 33 31
33 39 33
34 63 32
35 36 35
36 40 37
37 31 36
38 43 39
39 50 38
40 47 42
41 59 46
42 49 40
43 71 41
44 48 43
45 122 50
46 54 44
47 48 45
48 53 48
49 52 47
50 62 49
51 96 51
52 64 57
53 58 54
54 67 55
55 57 53
56 52 52
57 76 59
58 65 56
59 73 61
60 56 58
61 60 60
62 66 62
63 74 63
64 70 65
65 57 64
66 81 67
67 81 66
68 72 68
69 77 69
70 82 70
71 80 73
72 81 71
73 79 74
74 75 72
75 79 75
76 84 76
77 88 79
78 79 77
79 83 78
80 96 80
81 89 83
82 84 81
83 86 82
84 110 91
85 98 85
86 90 86
87 103 84
88 93 87
89 95 89
90 99 90
91 93 88
92 91 92
93 99 93
94 95 94
95 105 98
96 122 97
97 99 96
98 97 95
99 102 101
100 107 99
101 99 100
102 104 102
103 108 103
104 112 105
105 111 106
106 138 104
107 139 108
108 136 111
109 123 107
110 120 110
111 118 109
112 132 115
113 115 112
114 140 116
115 128 114
116 117 113
117 130 122
118 139 119
119 130 120
120 124 121
121 118 118
122 137 123
123 121 117
124 125 124
125 126 125
126 146 128
127 134 134
128 142 132
129 138 127
130 133 126
131 129 129
132 140 136
133 135 131
134 145 133
135 132 130
136 161 137
137 145 138
138 140 135
139 147 140
140 155 146
141 122 139
142 151 141
143 146 144
144 143 143
145 153 149
146 161 145
147 167 148
148 130 142
149 167 150
150 120 147
151 166 154
152 157 152
153 169 164
154 156 151
155 174 158
156 151 153
157 160 157
158 148 156
159 143 155
160 171 159
161 166 162
162 164 161
163 158 160
164 173 163
165 174 165
166 170 167
167 175 166
168 175 168
169 172 169
170 177 174
171 173 170
172 176 172
173 199 171
174 175 173
175 199 189
176 178 175
177 187 177
178 179 176
179 180 178
180 181 179
181 195 186
182 174 180
183 192 185
184 202 181
185 190 182
186 200 183
187 189 184
188 197 188
189 200 191
190 196 190
191 203 192
192 214 193
193 201 197
194 175 187
195 210 195
196 198 194
197 208 196
198 205 198
199 210 200
200 220 205
201 207 202
202 204 201
203 206 199
204 222 210
205 209 204
206 200 203
207 224 206
208 212 207
209 215 209
210 227 220
211 217 212
212 225 218
213 182 208
214 232 214
215 219 213
216 212 215
217 222 216
218 194 211
219 221 219
220 233 224
221 234 226
222 231 229
223 210 217
224 229 228
225 235 223
226 232 230
227 224 225
228 218 222
229 226 227
230 218 221
231 239 236
232 236 231
233 236 232
234 262 235
235 238 234
236 242 240
237 227 233
238 247 238
239 246 237
240 260 239
241 250 241
242 252 245
243 220 242
244 226 243
245 223 244
246 249 247
247 259 248
248 228 246
249 265 250
250 265 251
251 260 252
252 256 255
253 244 249
254 251 253
255 262 254
256 261 258
257 259 257
258 254 256
259 267 262
260 262 259
261 263 260
262 271 265
263 277 263
264 279 264
265 281 272
266 244 261
267 269 267
268 270 266
269 270 268
270 280 273
271 275 271
272 265 269
273 272 270
274 283 274
275 285 276
276 275 275
277 316 302
278 295 278
279 284 277
280 287 281
281 288 285
282 286 280
283 294 286
284 290 284
285 282 279
286 289 283
287 310 290
288 291 287
289 277 282
290 319 289
291 306 293
292 285 288
293 317 294
294 302 292
295 300 291
296 298 297
297 308 298
298 325 304
299 309 295
300 297 296
301 312 299
302 317 303
303 311 300
304 321 306
305 310 305
306 315 309
307 313 308
308 307 301
309 318 310
310 314 313
311 325 311
312 319 312
313 305 307
314 320 315
315 326 322
316 321 314
317 324 320
318 337 330
319 327 319
320 322 316
321 317 317
322 319 318
323 334 321
324 335 327
325 329 324
326 332 328
327 334 332
328 292 329
329 335 331
330 322 325
331 319 326
332 352 334
333 321 323
334 361 342
335 340 335
336 341 333
337 356 346
338 378 347
339 340 336
340 364 345
341 345 339
342 358 348
343 334 341
344 333 338
345 349 343
346 351 350
347 292 340
348 333 337
349 379 351
350 292 344
351 342 349
352 365 356
353 368 354
354 357 352
355 359 355
356 384 372
357 348 353
358 363 362
359 362 358
360 368 363
361 367 357
362 369 361
363 355 359
364 360 360
365 377 374
366 353 364
367 376 368
368 398 378
369 371 367
370 393 369
371 372 370
372 376 371
373 362 365
374 366 373
375 363 366
376 392 375
377 381 376
378 383 380
379 382 377
380 364 379
381 393 381
382 387 383
383 407 385
384 396 382
385 386 384
386 396 390
387 390 388
388 385 387
389 407 391
390 401 392
391 392 389
392 405 402
393 419 405
394 395 393
395 436 394
396 400 396
397 364 386
398 424 418
399 391 395
400 409 399
401 436 406
402 436 400
403 392 397
404 403 398
405 413 408
406 417 404
407 444 424
408 416 410
409 415 409
410 399 403
411 397 401
412 408 407
413 440 419
414 425 411
415 418 412
416 413 414
417 434 427
418 431 421
419 426 417
420 418 416
421 404 415
422 410 413
423 444 423
424 430 428
425 417 425
426 438 426
427 421 422
428 434 429
429 446 430
430 422 420
431 434 431
432 439 432
433 435 434
434 442 436
435 449 440
436 456 437
437 430 433
438 450 439
439 459 461
440 433 435
441 479 456
442 473 472
443 474 442
444 476 446
445 475 443
446 464 447
447 441 445
448 422 438
449 468 455
451 460 449
452 440 448
453 448 466
454 455 457
455 456 458
456 457 459
457 458 460
458 439 441
459 451 453
460 461 462
461 462 463
462 463 464
463 446 465
464 437 451
465 448 450
466 467 454
467 449 467
468 469 468
469 470 469
470 471 470
471 442 471
472 442 452
473 474 473
474 475 474
475 476 475
476 477 476
477 478 477
478 447 444
479 480 478
480 450 479
RunoffEdges 208
25 0
25 1
25 2
25 3
25 4
1 5
42 6
42 7
42 8
2 9
3 10
4 11
5 12
6 13
7 14
8 15
9 16
10 17
11 18
12 19
38 20
38 21
38 22
38 23
38 24
38 25
13 26
13 27
14 28
27 29
27 30
27 31
27 32
15 33
16 34
22 35
22 36
17 37
18 38
19 39
31 40
31 41
31 42
31 43
24 44
24 45
20 46
28 47
28 48
23 49
21 50
21 51
21 52
63 53
34 54
63 55
63 56
63 57
63 58
69 59
77 60
77 61
77 62
77 63
91 64
92 65
92 66
92 67
116 68
116 69
117 70
148 71
148 72
148 73
148 74
148 75
148 76
184 77
202 78
204 79
222 80
231 81
239 82
246 83
249 84
265 85
281 86
291 87
306 88
315 89
326 90
332 91
352 92
365 93
377 94
381 95
393 96
419 97
426 98
438 99
450 100
450 101
25 102
35 103
36 104
40 105
40 106
47 107
53 108
65 109
65 110
120 111
120 112
120 113
120 114
120 115
150 116
144 117
191 118
191 119
191 120
185 121
190 122
196 123
198 124
205 125
209 126
215 127
219 128
221 129
234 130
234 131
262 132
262 133
255 134
255 135
276 136
276 137
276 138
276 139
292 140
292 141
292 142
292 143
328 144
336 145
341 146
345 147
349 148
379 149
382 150
387 151
390 152
401 153
436 154
436 155
455 156
454 157
455 158
456 159
457 160
458 161
459 162
460 163
461 164
462 165
462 166
462 167
463 168
446 169
446 170
446 171
446 172
464 173
464 174
464 175
437 176
437 177
437 178
430 179
430 180
430 181
430 182
422 183
465 184
448 185
453 186
427 187
452 188
466 189
467 190
468 191
469 192
470 193
471 194
472 195
473 196
474 197
475 198
476 199
477 200
477 201
478 202
447 203
479 204
480 205
450 206
450 207
