Peaks 707
1 0.000000 0.000000 16184 0 0
2 0.002500 0.000000 16141 3 0
3 0.106667 0.000000 19963 128 0
4 0.186667 0.000000 17217 224 0
5 0.194167 0.000000 15515 233 0
6 0.260833 0.000000 18408 313 0
7 0.305833 0.000000 18864 367 0
8 0.436667 0.000000 16456 524 0
9 0.443333 0.000000 16689 532 0
10 0.452500 0.000000 16765 543 0
11 0.473333 0.000000 15147 568 0
12 0.506667 0.000000 21266 608 0
13 0.524167 0.000000 19333 629 0
14 0.032500 0.001667 21243 39 2
15 0.539167 0.001667 19822 647 2
16 0.179167 0.002500 17690 215 3
17 0.345000 0.003333 20987 414 4
18 0.267500 0.004167 17381 321 5
19 0.335833 0.004167 19255 403 5
20 0.122500 0.005000 17093 147 6
21 0.242500 0.005833 17749 291 7
22 0.255000 0.005833 18999 306 7
23 0.422500 0.006667 18684 507 8
24 0.177500 0.008333 17667 213 10
25 0.109167 0.010000 18861 131 12
26 0.384167 0.013333 18172 461 16
27 0.075833 0.014167 18070 91 17
28 0.250833 0.014167 19632 301 17
29 0.108333 0.015000 18792 130 18
30 0.420000 0.015000 18812 504 18
31 0.254167 0.016667 19550 305 20
32 0.315833 0.016667 21217 379 20
33 0.485000 0.016667 17874 582 20
34 0.015833 0.020000 18914 19 24
35 0.152500 0.020000 17129 183 24
36 0.177500 0.020833 18651 213 25
37 0.525833 0.020833 19389 631 25
38 0.031667 0.021667 19517 38 26
39 0.105000 0.024167 18720 126 29
40 0.250000 0.024167 19183 300 29
41 0.518333 0.024167 18651 622 29
42 0.328333 0.025000 21643 394 30
43 0.010833 0.026667 19019 13 32
44 0.172500 0.027500 19373 207 33
45 0.080000 0.028333 19960 96 34
46 0.233333 0.030000 18661 280 36
47 0.021667 0.031667 20072 26 38
48 0.035000 0.032500 19911 42 39
49 0.077500 0.032500 20475 93 39
50 0.228333 0.032500 18694 274 39
51 0.244167 0.032500 18513 293 39
52 0.255000 0.032500 20456 306 39
53 0.387500 0.033333 22631 465 40
54 0.085000 0.036667 20475 102 44
55 0.161667 0.038333 19750 194 46
56 0.027500 0.039167 20131 33 47
57 0.530833 0.039167 20541 637 47
58 0.327500 0.040000 22450 393 48
59 0.105000 0.042500 20374 126 51
60 0.470833 0.045000 18038 565 54
61 0.139167 0.045833 17837 167 55
62 0.527500 0.045833 20590 633 55
63 0.257500 0.047500 20272 309 57
64 0.038333 0.048333 20731 46 58
65 0.056667 0.049167 19009 68 59
66 0.429167 0.051667 21525 515 62
67 0.523333 0.051667 19983 628 62
68 0.539167 0.051667 18717 647 62
69 0.009167 0.052500 19035 11 63
70 0.383333 0.052500 23188 460 63
71 0.360833 0.053333 25121 433 64
72 0.380000 0.054167 23211 456 65
73 0.305000 0.055000 19438 366 66
74 0.521667 0.055000 20065 626 66
75 0.161667 0.055833 20967 194 67
76 0.112500 0.056667 19183 135 68
77 0.148333 0.056667 20216 178 68
78 0.304167 0.056667 19491 365 68
79 0.021667 0.057500 19425 26 69
80 0.302500 0.057500 19580 363 69
81 0.049167 0.059167 19973 59 71
82 0.185833 0.059167 16896 223 71
83 0.182500 0.060833 17332 219 73
84 0.279167 0.060833 21797 335 73
85 0.113333 0.062500 19960 136 75
86 0.153333 0.065000 21003 184 78
87 0.286667 0.065000 21774 344 78
88 0.120833 0.067500 19950 145 81
89 0.209167 0.068333 18923 251 82
90 0.050000 0.069167 20495 60 83
91 0.509167 0.069167 20767 611 83
92 0.227500 0.071667 17801 273 86
93 0.457500 0.072500 23733 549 87
94 0.347500 0.073333 21443 417 88
95 0.446667 0.073333 23687 536 88
96 0.536667 0.073333 23051 644 88
97 0.049167 0.074167 20541 59 89
98 0.158333 0.076667 23395 190 92
99 0.050000 0.080000 20223 60 96
100 0.227500 0.080000 18907 273 96
101 0.441667 0.080000 23920 530 96
102 0.197500 0.080833 18602 237 97
103 0.532500 0.081667 22112 639 98
104 0.144167 0.082500 25577 173 99
105 0.331667 0.082500 22024 398 99
106 0.042500 0.083333 18589 51 100
107 0.256667 0.083333 17378 308 100
108 0.339167 0.083333 22375 407 100
109 0.216667 0.085000 19714 260 102
110 0.477500 0.085000 20495 573 102
111 0.435000 0.086667 23779 522 104
112 0.530000 0.086667 22572 636 104
113 0.055833 0.089167 20485 67 107
114 0.120000 0.089167 23251 144 107
115 0.123333 0.089167 23349 148 107
116 0.100833 0.090000 20482 121 108
117 0.343333 0.090833 21751 412 109
118 0.035833 0.093333 17257 43 112
119 0.284167 0.094167 18477 341 113
120 0.412500 0.095000 21043 495 114
121 0.107500 0.096667 21338 129 116
122 0.274167 0.097500 19166 329 117
123 0.345000 0.100000 20921 414 120
124 0.096667 0.100833 18671 116 121
125 0.508333 0.100833 23687 610 121
126 0.153333 0.101667 19435 184 122
127 0.365000 0.102500 18704 438 123
128 0.505000 0.104167 23687 606 125
129 0.100000 0.105000 19635 120 126
130 0.513333 0.105000 24202 616 126
131 0.060000 0.105833 20177 72 127
132 0.500000 0.105833 23687 600 127
133 0.270000 0.107500 19015 324 129
134 0.500833 0.109167 23628 601 131
135 0.157500 0.110000 18316 189 132
136 0.200000 0.111667 19698 240 134
137 0.352500 0.112500 20675 423 135
138 0.225000 0.113333 22303 270 136
139 0.190000 0.114167 17303 228 137
140 0.345833 0.117500 19767 415 141
141 0.306667 0.119167 19038 368 143
142 0.108333 0.120000 20613 130 144
143 0.214167 0.120000 21722 257 144
144 0.265000 0.120833 19730 318 145
145 0.290833 0.120833 18999 349 145
146 0.510000 0.123333 22906 612 148
147 0.275000 0.125833 19501 330 151
148 0.107500 0.126667 20269 129 152
149 0.278333 0.127500 19901 334 153
150 0.100000 0.129167 20469 120 155
151 0.500000 0.129167 23182 600 155
152 0.115833 0.130000 20465 139 156
153 0.219167 0.130000 22106 263 156
154 0.398333 0.135833 19586 478 163
155 0.190000 0.136667 16223 228 164
156 0.539167 0.136667 16269 647 164
157 0.167500 0.137500 15912 201 165
158 0.201667 0.137500 19304 242 165
159 0.310000 0.139167 18339 372 167
160 0.525000 0.139167 18182 630 167
161 0.130833 0.141667 20111 157 170
162 0.403333 0.142500 20475 484 171
163 0.000000 0.143333 15570 0 172
164 0.224167 0.143333 20711 269 172
165 0.539167 0.143333 16197 647 172
166 0.386667 0.144167 19350 464 173
167 0.456667 0.144167 23202 548 173
168 0.299167 0.145000 18579 359 174
169 0.000000 0.145833 15853 0 175
170 0.487500 0.145833 23759 585 175
171 0.307500 0.146667 18887 369 176
172 0.165833 0.147500 15203 199 177
173 0.277500 0.147500 18907 333 177
174 0.388333 0.148333 19770 466 178
175 0.011667 0.149167 15672 14 179
176 0.408333 0.150000 22831 490 180
177 0.113333 0.150833 17047 136 181
178 0.277500 0.150833 19058 333 181
179 0.005000 0.151667 17060 6 182
180 0.403333 0.155000 22263 484 186
181 0.000000 0.155833 18398 0 187
182 0.121667 0.156667 16105 146 188
183 0.539167 0.156667 16545 647 188
184 0.167500 0.157500 15895 201 189
185 0.000000 0.159167 18897 0 191
186 0.279167 0.160000 18540 335 192
187 0.303333 0.160000 19898 364 192
188 0.240000 0.160833 18159 288 193
189 0.168333 0.161667 15872 202 194
190 0.166667 0.163333 15764 200 196
191 0.241667 0.164167 18123 290 197
192 0.303333 0.164167 19855 364 197
193 0.460833 0.165833 26391 553 199
194 0.539167 0.165833 17447 647 199
195 0.000000 0.168333 16646 0 202
196 0.508333 0.169167 18999 610 203
197 0.032500 0.170833 17398 39 205
198 0.393333 0.170833 23392 472 205
199 0.235833 0.171667 15531 283 206
200 0.000000 0.172500 15593 0 207
201 0.539167 0.172500 17007 647 207
202 0.487500 0.173333 20456 585 208
203 0.495833 0.175000 18448 595 210
204 0.539167 0.175000 17280 647 210
205 0.025000 0.177500 17637 30 213
206 0.365000 0.177500 21085 438 213
207 0.390000 0.177500 22706 468 213
208 0.500833 0.178333 18677 601 214
209 0.376667 0.179167 22362 452 215
210 0.382500 0.180000 22634 459 216
211 0.350000 0.180833 18956 420 217
212 0.539167 0.183333 18356 647 220
213 0.003333 0.184167 18759 4 221
214 0.015833 0.184167 19668 19 221
215 0.066667 0.186667 18717 80 224
216 0.439167 0.186667 23195 527 224
217 0.500000 0.186667 18615 600 224
218 0.384167 0.187500 21564 461 225
219 0.539167 0.187500 19189 647 225
220 0.539167 0.193333 19747 647 232
221 0.502500 0.195000 18474 603 234
222 0.001667 0.195833 18723 2 235
223 0.437500 0.195833 25341 525 235
224 0.539167 0.196667 18884 647 236
225 0.006667 0.197500 18159 8 237
226 0.058333 0.199167 20098 70 239
227 0.102500 0.199167 19146 123 239
228 0.140833 0.199167 16200 169 239
229 0.425000 0.199167 26243 510 239
230 0.415833 0.200833 25977 499 241
231 0.395833 0.201667 25846 475 242
232 0.539167 0.201667 19425 647 242
233 0.136667 0.202500 17073 164 243
234 0.351667 0.203333 20278 422 244
235 0.054167 0.205000 18615 65 246
236 0.103333 0.205000 18861 124 246
237 0.130833 0.205000 18225 157 246
238 0.421667 0.205000 25190 506 246
239 0.000000 0.206667 14609 0 248
240 0.539167 0.207500 20374 647 249
241 0.050833 0.208333 19055 61 250
242 0.278333 0.210000 18835 334 252
243 0.365833 0.210000 21171 439 252
244 0.539167 0.210833 20124 647 253
245 0.000000 0.211667 14442 0 254
246 0.100000 0.211667 19386 120 254
247 0.129167 0.211667 18402 155 254
248 0.366667 0.212500 21118 440 255
249 0.415833 0.212500 24383 499 255
250 0.475833 0.212500 19632 571 255
251 0.095833 0.213333 19540 115 256
252 0.199167 0.214167 19058 239 257
253 0.380833 0.214167 21282 457 257
254 0.096667 0.215833 19711 116 259
255 0.294167 0.215833 20416 353 259
256 0.298333 0.215833 20209 358 259
257 0.532500 0.216667 20111 639 260
258 0.290000 0.217500 19757 348 261
259 0.371667 0.217500 21765 446 261
260 0.042500 0.218333 20725 51 262
261 0.095000 0.218333 19806 114 262
262 0.456667 0.219167 19173 548 263
263 0.275000 0.220000 20285 330 264
264 0.125000 0.220833 17723 150 265
265 0.092500 0.221667 19668 111 266
266 0.351667 0.222500 19294 422 267
267 0.269167 0.223333 19917 323 268
268 0.330833 0.224167 18090 397 269
269 0.445000 0.224167 19406 534 269
270 0.528333 0.224167 21102 634 269
271 0.038333 0.225000 20711 46 270
272 0.375833 0.225000 21912 451 270
273 0.099167 0.225833 18356 119 271
274 0.476667 0.225833 19071 572 271
275 0.120000 0.226667 17946 144 272
276 0.201667 0.226667 20416 242 272
277 0.537500 0.226667 18123 645 272
278 0.164167 0.227500 19550 197 273
279 0.359167 0.228333 20127 431 274
280 0.090000 0.229167 19685 108 275
281 0.173333 0.229167 19550 208 275
282 0.420000 0.230000 22362 504 276
283 0.248333 0.230833 19944 298 277
284 0.480833 0.231667 19120 577 278
285 0.115000 0.232500 17595 138 279
286 0.259167 0.233333 18887 311 280
287 0.342500 0.233333 19094 411 280
288 0.000000 0.234167 15114 0 281
289 0.197500 0.234167 20770 237 281
290 0.020000 0.235000 18021 24 282
291 0.112500 0.235833 17700 135 283
292 0.000000 0.237500 15167 0 285
293 0.039167 0.237500 20045 47 285
294 0.254167 0.237500 18858 305 285
295 0.478333 0.239167 19632 574 287
296 0.522500 0.239167 20114 627 287
297 0.000000 0.240000 15190 0 288
298 0.079167 0.240000 19212 95 288
299 0.110000 0.240000 17942 132 288
300 0.530000 0.240000 18536 636 288
301 0.245000 0.240833 20715 294 289
302 0.424167 0.240833 22549 509 289
303 0.192500 0.242500 20003 231 291
304 0.387500 0.242500 21876 465 291
305 0.440000 0.242500 19862 528 291
306 0.297500 0.243333 19481 357 292
307 0.178333 0.244167 19934 214 293
308 0.089167 0.245000 22155 107 294
309 0.477500 0.245000 19580 573 294
310 0.421667 0.246667 22752 506 296
311 0.068333 0.247500 19668 82 297
312 0.146667 0.247500 20236 176 297
313 0.292500 0.247500 20344 351 297
314 0.185833 0.248333 20410 223 298
315 0.280833 0.249167 20393 337 299
316 0.064167 0.250000 18897 77 300
317 0.009167 0.252500 19012 11 303
318 0.356667 0.252500 26348 428 303
319 0.486667 0.252500 17503 584 303
320 0.515000 0.252500 18667 618 303
321 0.537500 0.253333 14206 645 304
322 0.031667 0.254167 21515 38 305
323 0.244167 0.255833 22014 293 307
324 0.539167 0.260000 14629 647 312
325 0.035000 0.260833 21522 42 313
326 0.509167 0.260833 18313 611 313
327 0.354167 0.261667 26220 425 314
328 0.148333 0.262500 20600 178 315
329 0.383333 0.263333 20738 460 316
330 0.412500 0.263333 20767 495 316
331 0.476667 0.263333 17969 572 316
332 0.052500 0.264167 21236 63 317
333 0.133333 0.265000 19698 160 318
334 0.539167 0.265000 14776 647 318
335 0.003333 0.268333 19881 4 322
336 0.072500 0.268333 20498 87 322
337 0.000000 0.270000 19829 0 324
338 0.130833 0.270000 19708 157 324
339 0.188333 0.270000 23845 226 324
340 0.247500 0.270833 23356 297 325
341 0.476667 0.272500 17316 572 327
342 0.169167 0.273333 20652 203 328
343 0.346667 0.273333 24537 416 328
344 0.146667 0.274167 20498 176 329
345 0.241667 0.274167 23103 290 329
346 0.536667 0.275000 16538 644 330
347 0.013333 0.276667 20282 16 332
348 0.476667 0.276667 17040 572 332
349 0.382500 0.277500 20590 459 333
350 0.110833 0.280000 19780 133 336
351 0.114167 0.282500 20252 137 339
352 0.482500 0.282500 16571 579 339
353 0.539167 0.282500 17529 647 339
354 0.076667 0.283333 19448 92 340
355 0.090000 0.283333 19271 108 340
356 0.258333 0.283333 20633 310 340
357 0.138333 0.285000 21988 166 342
358 0.539167 0.285000 17499 647 342
359 0.484167 0.286667 16486 581 344
360 0.371667 0.287500 22657 446 345
361 0.070000 0.288333 19288 84 346
362 0.010000 0.290000 19183 12 348
363 0.294167 0.290833 22247 353 349
364 0.000000 0.291667 19048 0 350
365 0.202500 0.291667 19534 243 350
366 0.243333 0.292500 24301 292 351
367 0.539167 0.293333 18228 647 352
368 0.226667 0.295000 22578 272 354
369 0.539167 0.295833 17693 647 355
370 0.027500 0.297500 19504 33 357
371 0.181667 0.297500 20390 218 357
372 0.298333 0.297500 21348 358 357
373 0.200000 0.299167 19691 240 359
374 0.495000 0.299167 15685 594 359
375 0.539167 0.300833 18333 647 361
376 0.113333 0.302500 20055 136 363
377 0.036667 0.303333 19130 44 364
378 0.012500 0.304167 19425 15 365
379 0.107500 0.304167 20278 129 365
380 0.251667 0.304167 23562 302 365
381 0.369167 0.304167 20918 443 365
382 0.535000 0.305000 18215 642 366
383 0.193333 0.306667 21135 232 368
384 0.256667 0.306667 23802 308 368
385 0.000000 0.307500 17844 0 369
386 0.025000 0.307500 20354 30 369
387 0.441667 0.310000 19192 530 372
388 0.451667 0.310000 19288 542 372
389 0.175833 0.311667 19950 211 374
390 0.420000 0.312500 20564 504 375
391 0.436667 0.312500 19173 524 375
392 0.259167 0.313333 23211 311 376
393 0.122500 0.315000 18733 147 378
394 0.539167 0.315000 16998 647 378
395 0.015833 0.316667 20055 19 380
396 0.366667 0.318333 22270 440 382
397 0.412500 0.318333 21407 495 382
398 0.465000 0.318333 18248 558 382
399 0.417500 0.319167 21666 501 383
400 0.263333 0.321667 21683 316 386
401 0.539167 0.321667 16788 647 386
402 0.311667 0.322500 28143 374 387
403 0.470000 0.322500 17723 564 387
404 0.020833 0.323333 19543 25 388
405 0.442500 0.324167 18638 531 389
406 0.479167 0.324167 16788 575 389
407 0.526667 0.325000 16286 632 390
408 0.539167 0.325000 16804 647 390
409 0.268333 0.326667 22385 322 392
410 0.400000 0.328333 20918 480 394
411 0.520000 0.328333 16128 624 394
412 0.291667 0.330000 21817 350 396
413 0.374167 0.330000 22568 449 396
414 0.275000 0.331667 21722 330 398
415 0.216667 0.332500 20708 260 399
416 0.015833 0.333333 19658 19 400
417 0.375833 0.333333 22224 451 400
418 0.064167 0.335000 19734 77 402
419 0.190833 0.335833 19383 229 403
420 0.395000 0.335833 20541 474 403
421 0.022500 0.337500 19383 27 405
422 0.000000 0.340000 18326 0 408
423 0.198333 0.341667 19419 238 410
424 0.381667 0.341667 22142 458 410
425 0.044167 0.342500 19688 53 411
426 0.335833 0.343333 22503 403 412
427 0.538333 0.345833 21299 646 415
428 0.060833 0.346667 20518 73 416
429 0.243333 0.346667 23608 292 416
430 0.000833 0.347500 18953 1 417
431 0.398333 0.347500 19944 478 417
432 0.150833 0.348333 17506 181 418
433 0.024167 0.349167 20515 29 419
434 0.533333 0.349167 21053 640 419
435 0.336667 0.350000 21820 404 420
436 0.207500 0.350833 19767 249 421
437 0.439167 0.351667 18969 527 422
438 0.275000 0.352500 18943 330 423
439 0.243333 0.353333 23874 292 424
440 0.370000 0.353333 20344 444 424
441 0.278333 0.354167 19084 334 425
442 0.453333 0.354167 20485 544 425
443 0.471667 0.354167 17142 566 425
444 0.187500 0.355000 19691 225 426
445 0.283333 0.357500 19114 340 429
446 0.190833 0.358333 19832 229 430
447 0.529167 0.358333 20853 635 430
448 0.445000 0.359167 20308 534 431
449 0.250833 0.363333 23287 301 436
450 0.351667 0.364167 24570 422 437
451 0.442500 0.364167 20488 531 437
452 0.089167 0.365000 18943 107 438
453 0.020833 0.365833 22562 25 439
454 0.036667 0.366667 22995 44 440
455 0.430000 0.366667 20941 516 440
456 0.005000 0.368333 20351 6 442
457 0.355833 0.368333 24603 427 442
458 0.520000 0.368333 20636 624 442
459 0.270000 0.369167 22414 324 443
460 0.340000 0.369167 23359 408 443
461 0.429167 0.369167 20593 515 443
462 0.440000 0.369167 20492 528 443
463 0.455000 0.369167 18382 546 443
464 0.225833 0.370833 21371 271 445
465 0.215833 0.372500 20465 259 447
466 0.519167 0.375833 19891 623 451
467 0.097500 0.376667 20452 117 452
468 0.397500 0.377500 19819 477 453
469 0.116667 0.378333 19829 140 454
470 0.230000 0.380000 21361 276 456
471 0.311667 0.380000 21269 374 456
472 0.440833 0.380000 20085 529 456
473 0.535000 0.380000 18231 642 456
474 0.529167 0.380833 18198 635 457
475 0.245833 0.382500 21712 295 459
476 0.235833 0.383333 21108 283 460
477 0.410833 0.383333 19432 493 460
478 0.415833 0.383333 20377 499 460
479 0.060833 0.385000 22037 73 462
480 0.090833 0.385000 21394 109 462
481 0.078333 0.385833 21519 94 463
482 0.391667 0.385833 19242 470 463
483 0.046667 0.387500 22769 56 465
484 0.270000 0.388333 19724 324 466
485 0.065000 0.389167 22014 78 467
486 0.323333 0.389167 19222 388 467
487 0.510000 0.390000 19251 612 468
488 0.231667 0.390833 20803 278 469
489 0.411667 0.390833 19507 494 469
490 0.424167 0.390833 19790 509 469
491 0.074167 0.392500 22454 89 471
492 0.006667 0.393333 21085 8 472
493 0.227500 0.393333 21046 273 472
494 0.307500 0.394167 21653 369 473
495 0.421667 0.394167 19947 506 473
496 0.442500 0.394167 18103 531 473
497 0.320833 0.396667 19534 385 476
498 0.021667 0.397500 20216 26 477
499 0.075833 0.397500 21640 91 477
500 0.222500 0.397500 20875 267 477
501 0.355833 0.397500 19973 427 477
502 0.139167 0.398333 19340 167 478
503 0.500833 0.398333 18592 601 478
504 0.124167 0.400000 21131 149 480
505 0.214167 0.400833 20816 257 481
506 0.403333 0.400833 19911 484 481
507 0.000833 0.401667 20269 1 482
508 0.300833 0.402500 20229 361 483
509 0.420833 0.405833 19432 505 487
510 0.495833 0.405833 18435 595 487
511 0.537500 0.406667 20659 645 488
512 0.361667 0.407500 19783 434 489
513 0.448333 0.407500 16551 538 489
514 0.042500 0.408333 19248 51 490
515 0.066667 0.408333 20203 80 490
516 0.402500 0.409167 19717 483 491
517 0.121667 0.410000 20331 146 492
518 0.150833 0.410000 18448 181 492
519 0.236667 0.410000 20823 284 492
520 0.428333 0.410833 19954 514 493
521 0.295833 0.411667 19396 355 494
522 0.000000 0.414167 18448 0 497
523 0.208333 0.415000 19714 250 498
524 0.500000 0.415000 18113 600 498
525 0.038333 0.416667 19012 46 500
526 0.069167 0.417500 20902 83 501
527 0.109167 0.417500 19901 131 501
528 0.394167 0.418333 20314 473 502
529 0.325833 0.420833 19642 391 505
530 0.394167 0.420833 20272 473 505
531 0.533333 0.420833 20872 640 505
532 0.460833 0.421667 16010 553 506
533 0.035833 0.422500 19146 43 507
534 0.244167 0.422500 20337 293 507
535 0.509167 0.422500 18520 611 507
536 0.395000 0.423333 20318 474 508
537 0.235000 0.424167 21286 282 509
538 0.110000 0.425833 20610 132 511
539 0.000000 0.426667 19438 0 512
540 0.320000 0.427500 19603 384 513
541 0.415000 0.427500 18179 498 513
542 0.520833 0.428333 21729 625 514
543 0.057500 0.430000 19491 69 516
544 0.130000 0.430000 19547 156 516
545 0.390833 0.430833 19734 469 517
546 0.228333 0.431667 21400 274 518
547 0.383333 0.431667 20183 460 518
548 0.133333 0.433333 19645 160 520
549 0.376667 0.434167 20410 452 521
550 0.000000 0.435000 17778 0 522
551 0.435833 0.435000 16578 523 522
552 0.145833 0.437500 19616 175 525
553 0.242500 0.437500 18684 291 525
554 0.528333 0.437500 19484 634 525
555 0.537500 0.437500 18900 645 525
556 0.103333 0.438333 20331 124 526
557 0.518333 0.438333 22322 622 526
558 0.054167 0.439167 19110 65 527
559 0.393333 0.439167 19268 472 527
560 0.502500 0.440833 20190 603 529
561 0.129167 0.441667 19209 155 530
562 0.439167 0.441667 17306 527 530
563 0.443333 0.441667 17273 532 530
564 0.000000 0.442500 17867 0 531
565 0.252500 0.442500 19845 303 531
566 0.311667 0.442500 20515 374 531
567 0.158333 0.443333 19035 190 532
568 0.371667 0.444167 20400 446 533
569 0.022500 0.446667 18310 27 536
570 0.238333 0.447500 18720 286 537
571 0.421667 0.447500 18090 506 537
572 0.000000 0.449167 18297 0 539
573 0.092500 0.449167 19488 111 539
574 0.169167 0.449167 18297 203 539
575 0.020000 0.450000 18690 24 540
576 0.504167 0.450000 20351 605 540
577 0.539167 0.450000 18395 647 540
578 0.005833 0.450833 19268 7 541
579 0.528333 0.450833 17906 634 541
580 0.230000 0.451667 18717 276 542
581 0.251667 0.451667 19064 302 542
582 0.364167 0.451667 19842 437 542
583 0.402500 0.451667 19711 483 542
584 0.420833 0.452500 17732 505 543
585 0.130833 0.454167 19685 157 545
586 0.000000 0.455000 19133 0 546
587 0.250000 0.455000 19412 300 546
588 0.221667 0.456667 18622 266 548
589 0.371667 0.457500 19419 446 549
590 0.101667 0.458333 19101 122 550
591 0.246667 0.460000 19678 296 552
592 0.075833 0.460833 19452 91 553
593 0.358333 0.460833 20659 430 553
594 0.421667 0.460833 18379 506 553
595 0.534167 0.462500 19747 641 555
596 0.297500 0.463333 19078 357 556
597 0.005000 0.465833 18195 6 559
598 0.420000 0.465833 18914 504 559
599 0.475000 0.465833 17352 570 559
600 0.350000 0.467500 19396 420 561
601 0.000000 0.468333 18487 0 562
602 0.357500 0.468333 20357 429 562
603 0.470000 0.468333 17037 564 562
604 0.000000 0.471667 18382 0 566
605 0.425000 0.473333 17329 510 568
606 0.415833 0.474167 17542 499 569
607 0.375833 0.475000 20383 451 570
608 0.020000 0.477500 18681 24 573
609 0.028333 0.478333 18746 34 574
610 0.346667 0.478333 19796 416 574
611 0.534167 0.483333 20613 641 580
612 0.520000 0.484167 22063 624 581
613 0.405833 0.485000 16381 487 582
614 0.518333 0.485000 22135 622 582
615 0.342500 0.485833 20187 411 583
616 0.492500 0.485833 17736 591 583
617 0.000000 0.486667 17529 0 584
618 0.360833 0.487500 18805 433 585
619 0.483333 0.489167 18503 580 587
620 0.248333 0.492500 16122 298 591
621 0.420833 0.494167 17322 505 593
622 0.005833 0.495000 18431 7 594
623 0.419167 0.495000 17378 503 594
624 0.352500 0.497500 18274 423 597
625 0.465000 0.497500 17217 558 597
626 0.500833 0.497500 19809 601 597
627 0.330000 0.498333 19333 396 598
628 0.379167 0.500833 19209 455 601
629 0.412500 0.500833 17034 495 601
630 0.362500 0.502500 19954 435 603
631 0.327500 0.503333 19363 393 604
632 0.533333 0.504167 19704 640 605
633 0.457500 0.505833 17739 549 607
634 0.360833 0.506667 19983 433 608
635 0.313333 0.507500 18661 376 609
636 0.164167 0.509167 18123 197 611
637 0.463333 0.509167 16968 556 611
638 0.256667 0.510000 13553 308 612
639 0.539167 0.510000 20935 647 612
640 0.001667 0.512500 15285 2 615
641 0.329167 0.514167 18635 395 617
642 0.000000 0.515000 15255 0 618
643 0.399167 0.515000 19753 479 618
644 0.370000 0.515833 20255 444 619
645 0.000000 0.517500 15265 0 621
646 0.153333 0.517500 18208 184 621
647 0.409167 0.518333 17755 491 622
648 0.287500 0.519167 18120 345 623
649 0.295833 0.520000 18900 355 624
650 0.470833 0.520000 19137 565 624
651 0.000000 0.520833 15272 0 625
652 0.328333 0.520833 18362 394 625
653 0.481667 0.521667 19101 578 626
654 0.335000 0.522500 17545 402 627
655 0.531667 0.522500 19977 638 627
656 0.044167 0.524167 19753 53 629
657 0.385000 0.524167 20108 462 629
658 0.378333 0.525000 20003 454 630
659 0.133333 0.525833 20223 160 631
660 0.400833 0.526667 17979 481 632
661 0.445000 0.526667 15265 534 632
662 0.040000 0.527500 19534 48 633
663 0.097500 0.527500 19537 117 633
664 0.125000 0.529167 20127 150 635
665 0.173333 0.529167 19547 208 635
666 0.355000 0.529167 18622 426 635
667 0.402500 0.529167 18175 483 635
668 0.489167 0.529167 18244 587 635
669 0.054167 0.530000 19904 65 636
670 0.115000 0.530000 20485 138 636
671 0.328333 0.532500 15823 394 639
672 0.374167 0.534167 18356 449 641
673 0.390000 0.535000 19012 468 642
674 0.041667 0.535833 19773 50 643
675 0.163333 0.535833 19967 196 643
676 0.266667 0.535833 17299 320 643
677 0.270833 0.535833 17339 325 643
678 0.412500 0.535833 16811 495 643
679 0.534167 0.535833 21328 641 643
680 0.500833 0.536667 19957 601 644
681 0.107500 0.537500 21505 129 645
682 0.002500 0.539167 18346 3 647
683 0.016667 0.539167 15547 20 647
684 0.019167 0.539167 15518 23 647
685 0.057500 0.539167 19455 69 647
686 0.068333 0.539167 19904 82 647
687 0.076667 0.539167 18576 92 647
688 0.089167 0.539167 19281 107 647
689 0.119167 0.539167 19534 143 647
690 0.122500 0.539167 19507 147 647
691 0.125833 0.539167 19458 151 647
692 0.129167 0.539167 19534 155 647
693 0.132500 0.539167 19619 159 647
694 0.139167 0.539167 18848 167 647
695 0.146667 0.539167 19425 176 647
696 0.153333 0.539167 19694 184 647
697 0.165833 0.539167 19698 199 647
698 0.190833 0.539167 17411 229 647
699 0.207500 0.539167 15620 249 647
700 0.260833 0.539167 17401 313 647
701 0.390833 0.539167 18697 469 647
702 0.405000 0.539167 17388 486 647
703 0.450833 0.539167 16551 541 647
704 0.458333 0.539167 15406 550 647
705 0.466667 0.539167 15636 560 647
706 0.485000 0.539167 18120 582 647
707 0.515833 0.539167 19324 619 647
PromSaddles 706
1 0.001667 0.000000 16102 2 0
2 0.007500 0.000000 15931 9 0
3 0.193333 0.000000 15498 232 0
4 0.435833 0.000000 16453 523 0
5 0.440833 0.000000 16335 529 0
6 0.448333 0.000000 15948 538 0
7 0.523333 0.000000 19330 628 0
8 0.529167 0.000000 19245 635 0
9 0.259167 0.000833 18113 311 1
10 0.474167 0.000833 15134 569 1
11 0.184167 0.001667 17034 221 2
12 0.265833 0.003333 17257 319 4
13 0.305833 0.004167 18477 367 5
14 0.119167 0.005833 16538 143 7
15 0.335000 0.005833 19005 402 7
16 0.108333 0.006667 17962 130 8
17 0.178333 0.006667 17217 214 8
18 0.243333 0.006667 17608 292 8
19 0.252500 0.009167 18205 303 11
20 0.420000 0.010833 17657 504 13
21 0.175833 0.011667 17286 211 14
22 0.487500 0.011667 17568 585 14
23 0.108333 0.012500 18494 130 15
24 0.383333 0.015000 18064 460 18
25 0.522500 0.015833 18982 627 19
26 0.076667 0.016667 17837 92 20
27 0.253333 0.016667 19419 304 20
28 0.335833 0.017500 19872 403 21
29 0.251667 0.020000 18585 302 24
30 0.107500 0.020833 18225 129 25
31 0.320833 0.020833 20354 385 25
32 0.536667 0.021667 18313 644 26
33 0.035833 0.021667 18700 43 26
34 0.153333 0.021667 16853 184 26
35 0.015000 0.024167 18654 18 29
36 0.423333 0.024167 17772 508 29
37 0.521667 0.024167 18497 626 29
38 0.175000 0.025000 17808 210 30
39 0.016667 0.025833 18694 20 31
40 0.029167 0.025833 18375 35 31
41 0.250000 0.025833 18900 300 31
42 0.104167 0.027500 18136 125 33
43 0.327500 0.027500 21233 393 33
44 0.080000 0.029167 19845 96 35
45 0.230833 0.030833 18303 277 37
46 0.165000 0.031667 17877 198 38
47 0.240833 0.032500 18087 289 39
48 0.245833 0.032500 18326 295 39
49 0.025000 0.034167 19858 30 41
50 0.030833 0.036667 19478 37 44
51 0.080833 0.036667 19806 97 44
52 0.255000 0.036667 19048 306 44
53 0.383333 0.040000 21456 460 48
54 0.530000 0.042500 20288 636 51
55 0.031667 0.043333 19586 38 52
56 0.098333 0.044167 19153 118 53
57 0.336667 0.045000 21558 404 54
58 0.069167 0.045833 17824 83 55
59 0.140000 0.046667 17732 168 56
60 0.162500 0.046667 18474 195 56
61 0.408333 0.048333 20567 490 58
62 0.055000 0.049167 18835 66 59
63 0.472500 0.050833 17257 567 61
64 0.524167 0.050833 19881 629 61
65 0.536667 0.051667 18713 644 62
66 0.014167 0.052500 18710 17 63
67 0.265833 0.052500 18996 319 63
68 0.382500 0.052500 22811 459 63
69 0.110000 0.053333 18956 132 64
70 0.521667 0.053333 19835 626 64
71 0.310000 0.054167 19028 372 65
72 0.375000 0.054167 22585 450 65
73 0.029167 0.055000 18280 35 66
74 0.045000 0.055000 19081 54 66
75 0.305000 0.055833 19297 366 67
76 0.150000 0.057500 19977 180 69
77 0.303333 0.057500 19376 364 69
78 0.113333 0.058333 18959 136 70
79 0.519167 0.058333 19901 623 70
80 0.185000 0.060000 16784 222 72
81 0.178333 0.060833 17168 214 73
82 0.439167 0.061667 20278 527 74
83 0.049167 0.062500 19432 59 75
84 0.159167 0.062500 20229 191 75
85 0.298333 0.062500 18766 358 75
86 0.285000 0.063333 21581 342 76
87 0.118333 0.065833 19747 142 79
88 0.152500 0.067500 20734 183 81
89 0.122500 0.070833 19724 147 85
90 0.049167 0.071667 20006 59 86
91 0.350833 0.071667 21259 421 86
92 0.452500 0.072500 23503 543 87
93 0.510833 0.074167 20009 613 89
94 0.227500 0.075000 17601 273 90
95 0.345000 0.075833 20974 414 91
96 0.444167 0.075833 23395 533 91
97 0.049167 0.076667 19858 59 92
98 0.210833 0.076667 17664 253 92
99 0.154167 0.080833 22162 185 97
100 0.534167 0.080833 21955 641 97
101 0.223333 0.081667 18684 268 98
102 0.335000 0.081667 21692 402 98
103 0.190833 0.082500 17312 229 99
104 0.533333 0.082500 22001 640 99
105 0.441667 0.083333 23500 530 100
106 0.475000 0.083333 20321 570 100
107 0.045000 0.084167 18244 54 101
108 0.259167 0.084167 17119 311 101
109 0.051667 0.085000 19156 62 102
110 0.129167 0.087500 21358 155 105
111 0.340833 0.087500 21414 409 105
112 0.202500 0.088333 17713 243 106
113 0.480833 0.089167 19832 577 107
114 0.121667 0.089167 23077 146 107
115 0.035833 0.090000 17007 43 108
116 0.285833 0.090000 18090 343 108
117 0.113333 0.090833 20902 136 109
118 0.217500 0.091667 18599 261 110
119 0.102500 0.093333 19957 123 112
120 0.415833 0.093333 20925 499 112
121 0.528333 0.093333 22063 634 112
122 0.280833 0.095000 18310 337 114
123 0.098333 0.099167 18379 118 119
124 0.345833 0.099167 20685 415 119
125 0.059167 0.100000 18323 71 120
126 0.152500 0.100833 19327 183 121
127 0.362500 0.101667 18497 435 122
128 0.101667 0.102500 18930 122 123
129 0.507500 0.102500 23569 609 123
130 0.270833 0.103333 18562 325 124
131 0.509167 0.104167 23503 611 125
132 0.502500 0.105000 23523 603 126
133 0.099167 0.107500 18959 119 129
134 0.155000 0.107500 18113 186 129
135 0.500833 0.108333 23523 601 130
136 0.350833 0.110000 19573 421 132
137 0.191667 0.114167 17191 230 137
138 0.268333 0.114167 18297 322 137
139 0.203333 0.115833 19406 244 139
140 0.347500 0.115833 19409 417 139
141 0.510000 0.118333 22499 612 142
142 0.221667 0.120000 20416 266 144
143 0.250833 0.120833 18290 301 145
144 0.299167 0.121667 18074 359 146
145 0.106667 0.123333 19901 128 148
146 0.284167 0.123333 18566 341 148
147 0.217500 0.124167 20823 261 149
148 0.270833 0.124167 19002 325 149
149 0.507500 0.125000 22414 609 150
150 0.275833 0.126667 19389 331 152
151 0.103333 0.127500 19468 124 153
152 0.167500 0.129167 15498 201 155
153 0.110000 0.130000 19701 132 156
154 0.525833 0.130000 17821 631 156
155 0.204167 0.135833 19124 245 163
156 0.538333 0.135833 16259 646 163
157 0.190833 0.136667 15980 229 164
158 0.399167 0.136667 19356 479 164
159 0.119167 0.137500 19150 143 165
160 0.495000 0.137500 22237 594 165
161 0.290833 0.138333 17447 349 166
162 0.222500 0.139167 19996 267 167
163 0.279167 0.141667 18093 335 170
164 0.310000 0.141667 18188 372 170
165 0.539167 0.141667 16187 647 170
166 0.166667 0.143333 14770 200 172
167 0.000000 0.144167 15472 0 173
168 0.405833 0.144167 20164 487 173
169 0.387500 0.145000 19212 465 174
170 0.000000 0.146667 15620 0 176
171 0.458333 0.146667 22847 550 176
172 0.302500 0.147500 18133 363 177
173 0.010833 0.149167 15429 13 179
174 0.166667 0.149167 15088 200 179
175 0.277500 0.149167 18451 333 179
176 0.114167 0.150000 16768 137 180
177 0.391667 0.150833 19455 470 181
178 0.306667 0.150833 18001 368 181
179 0.539167 0.150833 16046 647 181
180 0.004167 0.151667 16830 5 182
181 0.485000 0.151667 22834 582 182
182 0.405833 0.152500 22076 487 183
183 0.123333 0.155000 15948 148 186
184 0.000000 0.156667 18316 0 188
185 0.278333 0.157500 18028 334 189
186 0.539167 0.157500 16450 647 189
187 0.168333 0.160000 15603 202 192
188 0.239167 0.160000 17949 287 192
189 0.402500 0.160833 21089 483 193
190 0.302500 0.161667 19501 363 194
191 0.240833 0.162500 17808 289 195
192 0.167500 0.163333 15524 201 196
193 0.000000 0.165833 15987 0 199
194 0.539167 0.169167 16735 647 203
195 0.235833 0.170833 15351 283 205
196 0.000000 0.171667 15577 0 206
197 0.030833 0.171667 17165 37 206
198 0.500833 0.171667 18136 601 206
199 0.000000 0.173333 15577 0 208
200 0.539167 0.173333 16916 647 208
201 0.486667 0.174167 20282 584 209
202 0.493333 0.174167 18310 592 209
203 0.391667 0.175000 22398 470 210
204 0.539167 0.175833 17250 647 211
205 0.498333 0.176667 18310 598 212
206 0.024167 0.178333 17483 29 214
207 0.366667 0.178333 20823 440 214
208 0.380000 0.179167 22240 456 215
209 0.385833 0.179167 22339 463 215
210 0.353333 0.181667 18248 424 218
211 0.500833 0.182500 18103 601 219
212 0.539167 0.184167 18320 647 221
213 0.005000 0.185000 18533 6 222
214 0.384167 0.186667 21443 461 224
215 0.459167 0.186667 21348 551 224
216 0.386667 0.188333 21328 464 226
217 0.439167 0.188333 23087 527 226
218 0.000000 0.189167 16784 0 227
219 0.539167 0.189167 19071 647 227
220 0.063333 0.190833 16998 76 229
221 0.500833 0.192500 18264 601 231
222 0.539167 0.195833 18835 647 235
223 0.005833 0.196667 18028 7 236
224 0.431667 0.197500 24875 518 237
225 0.539167 0.197500 18881 647 237
226 0.140000 0.200000 16049 168 240
227 0.421667 0.201667 24921 506 242
228 0.103333 0.202500 18156 124 243
229 0.539167 0.202500 19373 647 243
230 0.135000 0.203333 16886 162 244
231 0.055000 0.204167 18503 66 245
232 0.420833 0.204167 25062 505 245
233 0.000000 0.205833 14573 0 247
234 0.051667 0.206667 17890 62 248
235 0.102500 0.206667 18221 123 248
236 0.356667 0.207500 19484 428 249
237 0.130000 0.209167 17214 156 251
238 0.419167 0.209167 24038 503 251
239 0.000833 0.210000 14438 1 252
240 0.049167 0.210000 18500 59 252
241 0.403333 0.210000 23664 484 252
242 0.539167 0.210000 20055 647 252
243 0.099167 0.211667 19137 119 254
244 0.279167 0.211667 18651 335 254
245 0.365833 0.211667 21007 439 254
246 0.000000 0.213333 14412 0 256
247 0.096667 0.214167 19432 116 257
248 0.368333 0.214167 20859 442 257
249 0.382500 0.214167 21158 459 257
250 0.463333 0.214167 18280 556 257
251 0.535833 0.214167 19832 643 257
252 0.375833 0.215000 20859 451 258
253 0.454167 0.215000 18858 545 258
254 0.096667 0.216667 19520 116 260
255 0.296667 0.215833 19934 356 259
256 0.125833 0.216667 17050 151 260
257 0.291667 0.216667 19603 350 260
258 0.477500 0.218333 18021 573 262
259 0.530833 0.218333 19934 637 262
260 0.200833 0.219167 18736 241 263
261 0.093333 0.220833 19432 112 265
262 0.272500 0.221667 19570 327 266
263 0.040833 0.222500 20006 49 267
264 0.122500 0.222500 16820 147 267
265 0.281667 0.222500 17709 338 267
266 0.373333 0.223333 21213 448 268
267 0.353333 0.224167 19097 424 269
268 0.422500 0.224167 20557 507 269
269 0.442500 0.225000 19271 531 270
270 0.537500 0.225000 18005 645 270
271 0.098333 0.225833 18231 118 271
272 0.091667 0.226667 19196 110 272
273 0.331667 0.227500 17749 398 273
274 0.116667 0.228333 16778 140 274
275 0.200833 0.228333 19960 241 274
276 0.479167 0.228333 18720 575 274
277 0.262500 0.229167 18736 315 275
278 0.360833 0.229167 19996 433 275
279 0.372500 0.229167 21351 447 275
280 0.089167 0.230000 19534 107 276
281 0.037500 0.230833 19475 45 277
282 0.167500 0.231667 18510 201 278
283 0.247500 0.233333 19727 297 280
284 0.343333 0.234167 18953 412 281
285 0.522500 0.233333 18927 627 280
286 0.113333 0.234167 17483 136 281
287 0.174167 0.234167 17985 209 281
288 0.480000 0.234167 18868 576 281
289 0.000000 0.235000 15108 0 282
290 0.256667 0.235833 18756 308 283
291 0.421667 0.235833 21013 506 283
292 0.020833 0.236667 17887 25 284
293 0.111667 0.237500 17483 134 285
294 0.253333 0.237500 18658 304 285
295 0.000000 0.239167 15141 0 287
296 0.529167 0.239167 18202 635 287
297 0.439167 0.240000 19753 527 288
298 0.000000 0.240833 15187 0 289
299 0.080000 0.240833 19038 96 289
300 0.110000 0.241667 17818 132 290
301 0.193333 0.241667 19891 232 290
302 0.478333 0.242500 19445 574 291
303 0.423333 0.243333 22171 508 292
304 0.034167 0.244167 18359 41 293
305 0.296667 0.244167 19353 356 293
306 0.180833 0.245833 19665 217 295
307 0.245000 0.245833 20200 294 295
308 0.380000 0.245833 21348 456 295
309 0.188333 0.246667 19895 226 296
310 0.287500 0.246667 19324 345 296
311 0.074167 0.250000 19094 89 300
312 0.065833 0.250833 18723 79 301
313 0.515833 0.251667 18549 619 302
314 0.539167 0.251667 14202 647 302
315 0.184167 0.253333 19711 221 304
316 0.485833 0.253333 17375 583 304
317 0.410833 0.254167 19793 493 305
318 0.538333 0.254167 14199 646 305
319 0.144167 0.257500 18730 173 309
320 0.033333 0.258333 20718 40 310
321 0.247500 0.258333 21696 297 310
322 0.354167 0.258333 25692 425 310
323 0.510833 0.258333 18202 613 310
324 0.268333 0.259167 18362 322 311
325 0.006667 0.260833 18090 8 313
326 0.539167 0.260833 14619 647 313
327 0.477500 0.261667 17811 573 314
328 0.080833 0.263333 18923 97 316
329 0.378333 0.264167 20613 454 317
330 0.046667 0.265833 20662 56 319
331 0.539167 0.266667 14642 647 320
332 0.065000 0.267500 19501 78 321
333 0.132500 0.267500 19386 159 321
334 0.146667 0.268333 19767 176 322
335 0.349167 0.269167 23897 419 323
336 0.001667 0.270000 19724 2 324
337 0.006667 0.270000 19225 8 324
338 0.137500 0.270000 19189 165 324
339 0.021667 0.270833 18645 26 325
340 0.474167 0.270833 17076 569 325
341 0.175833 0.272500 20498 211 327
342 0.244167 0.272500 22913 293 327
343 0.476667 0.275833 16899 572 331
344 0.536667 0.275833 16174 644 331
345 0.154167 0.277500 18444 185 333
346 0.076667 0.278333 18779 92 334
347 0.144167 0.278333 20167 173 334
348 0.480833 0.278333 15807 577 334
349 0.381667 0.279167 20410 458 335
350 0.245000 0.280000 21164 294 336
351 0.368333 0.280000 21453 442 336
352 0.100000 0.281667 17637 120 338
353 0.111667 0.281667 19671 134 338
354 0.085000 0.282500 18402 102 339
355 0.125833 0.284167 18684 151 341
356 0.483333 0.284167 16384 580 341
357 0.539167 0.284167 17467 647 341
358 0.256667 0.285833 20485 308 343
359 0.070833 0.286667 19140 85 344
360 0.011667 0.287500 19051 14 345
361 0.539167 0.288333 17060 647 346
362 0.184167 0.289167 18195 221 347
363 0.004167 0.290000 18733 5 348
364 0.490833 0.294167 15495 589 353
365 0.011667 0.294167 18736 14 353
366 0.203333 0.295000 19084 244 354
367 0.539167 0.295000 17657 647 354
368 0.296667 0.295833 21115 356 355
369 0.233333 0.296667 21929 280 356
370 0.539167 0.296667 17493 647 356
371 0.120833 0.297500 18710 145 357
372 0.028333 0.299167 19327 34 359
373 0.203333 0.300833 19314 244 361
374 0.247500 0.300833 23192 297 361
375 0.189167 0.301667 20065 227 362
376 0.370000 0.301667 20446 444 362
377 0.538333 0.301667 18077 646 362
378 0.199167 0.302500 19432 239 363
379 0.304167 0.302500 20800 365 363
380 0.015833 0.303333 19081 19 364
381 0.035000 0.303333 19002 42 364
382 0.110000 0.303333 19904 132 364
383 0.254167 0.305833 23336 305 367
384 0.000000 0.306667 17834 0 368
385 0.363333 0.308333 19924 436 370
386 0.180000 0.309167 19560 216 371
387 0.448333 0.309167 18743 538 371
388 0.117500 0.310000 17995 141 372
389 0.018333 0.310833 19514 22 373
390 0.438333 0.311667 18982 526 374
391 0.258333 0.311667 23093 310 374
392 0.432500 0.312500 19051 519 375
393 0.419167 0.314167 20462 503 377
394 0.539167 0.314167 16984 647 377
395 0.460000 0.316667 17365 552 380
396 0.414167 0.318333 21276 497 382
397 0.539167 0.318333 16683 647 382
398 0.262500 0.320000 21571 315 384
399 0.475833 0.320833 16653 571 385
400 0.019167 0.321667 19333 23 386
401 0.404167 0.321667 19917 485 386
402 0.467500 0.321667 17342 561 386
403 0.369167 0.322500 21358 443 387
404 0.264167 0.323333 21535 317 388
405 0.529167 0.323333 16007 635 388
406 0.539167 0.323333 16715 647 388
407 0.440833 0.324167 18484 529 389
408 0.019167 0.325833 19419 23 391
409 0.521667 0.327500 15341 626 393
410 0.539167 0.327500 16738 647 393
411 0.273333 0.330000 21607 328 396
412 0.255833 0.330833 19701 307 397
413 0.284167 0.330833 20593 341 397
414 0.292500 0.330833 21715 351 397
415 0.375000 0.332500 22099 450 399
416 0.220000 0.333333 20531 264 400
417 0.397500 0.333333 20062 477 400
418 0.020000 0.336667 19225 24 404
419 0.062500 0.337500 19586 75 405
420 0.194167 0.337500 19140 233 405
421 0.379167 0.337500 21489 455 405
422 0.155833 0.338333 16817 187 406
423 0.392500 0.338333 20360 471 406
424 0.000833 0.340833 18316 1 409
425 0.020000 0.340833 19019 24 409
426 0.335000 0.343333 22365 402 412
427 0.044167 0.345000 19484 53 414
428 0.202500 0.345000 19232 243 414
429 0.395833 0.346667 19790 475 416
430 0.336667 0.347500 21653 404 417
431 0.376667 0.347500 19386 452 417
432 0.535833 0.347500 20849 643 417
433 0.243333 0.348333 23323 292 418
434 0.006667 0.350000 18526 8 420
435 0.024167 0.351667 20242 29 422
436 0.210000 0.351667 19524 252 422
437 0.274167 0.352500 18920 329 423
438 0.275833 0.352500 18920 331 423
439 0.440000 0.352500 18533 528 423
440 0.470833 0.352500 17007 565 423
441 0.279167 0.354167 18937 335 425
442 0.336667 0.354167 21122 404 425
443 0.370000 0.355000 20226 444 426
444 0.530833 0.355000 19980 637 426
445 0.197500 0.355833 19143 237 427
446 0.448333 0.355833 19724 538 427
447 0.052500 0.356667 19566 63 428
448 0.189167 0.356667 19580 227 428
449 0.247500 0.360833 23038 297 433
450 0.443333 0.361667 20101 532 434
451 0.030000 0.362500 21453 36 435
452 0.354167 0.365833 24435 425 439
453 0.522500 0.365833 19753 627 439
454 0.440833 0.366667 20232 529 440
455 0.087500 0.367500 18648 105 441
456 0.227500 0.367500 21128 273 441
457 0.261667 0.367500 21033 314 441
458 0.316667 0.367500 19360 380 441
459 0.345833 0.368333 22926 415 442
460 0.430000 0.368333 20472 516 442
461 0.452500 0.368333 18241 543 442
462 0.435833 0.369167 20104 523 443
463 0.006667 0.370000 20016 8 444
464 0.219167 0.372500 20360 263 447
465 0.439167 0.374167 19061 527 449
466 0.519167 0.374167 19786 623 449
467 0.224167 0.375833 21059 269 451
468 0.386667 0.375833 18576 464 451
469 0.044167 0.377500 20846 53 453
470 0.418333 0.377500 19770 502 453
471 0.095000 0.379167 20321 114 455
472 0.405000 0.380000 18188 486 456
473 0.527500 0.380000 18015 633 456
474 0.530833 0.381667 17942 637 458
475 0.234167 0.382500 20961 281 459
476 0.237500 0.382500 20856 285 459
477 0.395833 0.382500 19074 475 459
478 0.108333 0.384167 19294 130 461
479 0.270000 0.384167 19481 324 461
480 0.411667 0.384167 19314 494 461
481 0.234167 0.385833 20426 281 463
482 0.419167 0.385833 18244 503 463
483 0.025833 0.386667 19957 31 464
484 0.078333 0.386667 21269 94 464
485 0.054167 0.387500 21361 65 465
486 0.085833 0.387500 20879 103 465
487 0.063333 0.388333 21893 76 466
488 0.311667 0.388333 20403 374 466
489 0.511667 0.388333 18966 614 466
490 0.009167 0.389167 20177 11 467
491 0.411667 0.389167 19360 494 467
492 0.067500 0.390833 21555 81 469
493 0.321667 0.390833 19048 386 469
494 0.441667 0.390833 17814 530 469
495 0.114167 0.391667 18802 137 470
496 0.230000 0.391667 20675 276 470
497 0.355000 0.392500 18933 426 471
498 0.423333 0.392500 19616 508 471
499 0.409167 0.394167 19189 491 473
500 0.224167 0.395833 20669 269 475
501 0.319167 0.395833 19376 383 475
502 0.075833 0.396667 21505 91 476
503 0.502500 0.396667 18353 603 476
504 0.421667 0.398333 18920 506 478
505 0.003333 0.399167 19862 4 479
506 0.135833 0.400000 19025 163 480
507 0.215000 0.400000 20715 258 480
508 0.336667 0.400000 18087 404 480
509 0.301667 0.401667 20118 362 482
510 0.069167 0.403333 19507 83 484
511 0.228333 0.403333 19379 274 484
512 0.360833 0.403333 19160 433 484
513 0.044167 0.405000 18910 53 486
514 0.446667 0.405000 16243 536 486
515 0.122500 0.405833 19891 147 487
516 0.403333 0.405833 19475 484 487
517 0.498333 0.405833 17939 598 487
518 0.150833 0.406667 18129 181 488
519 0.297500 0.407500 19127 357 489
520 0.425000 0.407500 18763 510 489
521 0.067500 0.410000 19799 81 492
522 0.000000 0.411667 18369 0 494
523 0.211667 0.411667 19465 254 494
524 0.497500 0.411667 17365 597 494
525 0.504167 0.412500 17877 605 495
526 0.535000 0.411667 19950 642 494
527 0.398333 0.412500 19064 478 495
528 0.039167 0.414167 18740 47 497
529 0.111667 0.415833 19586 134 499
530 0.000000 0.416667 18284 0 500
531 0.236667 0.416667 20347 284 500
532 0.454167 0.417500 14770 545 501
533 0.038333 0.418333 18736 46 502
534 0.108333 0.418333 19796 130 502
535 0.394167 0.420000 20144 473 504
536 0.394167 0.422500 20082 473 507
537 0.410000 0.422500 17900 492 507
538 0.511667 0.422500 18336 614 507
539 0.241667 0.423333 20134 290 508
540 0.323333 0.423333 19416 388 508
541 0.528333 0.424167 20465 634 509
542 0.057500 0.427500 19186 69 513
543 0.123333 0.427500 19268 148 513
544 0.230833 0.428333 20964 277 514
545 0.392500 0.428333 19494 471 514
546 0.317500 0.430000 19379 381 516
547 0.520000 0.430000 21555 624 516
548 0.389167 0.430833 19350 467 517
549 0.132500 0.431667 19353 159 518
550 0.381667 0.431667 19954 458 518
551 0.000000 0.434167 17765 0 521
552 0.106667 0.434167 19885 128 521
553 0.140000 0.434167 19071 168 521
554 0.054167 0.435000 18920 65 522
555 0.393333 0.435000 19061 472 522
556 0.000000 0.435833 17775 0 523
557 0.236667 0.435833 18461 284 523
558 0.533333 0.435833 18704 640 523
559 0.433333 0.436667 16394 520 524
560 0.526667 0.437500 19324 632 525
561 0.151667 0.438333 18707 182 526
562 0.244167 0.438333 18566 293 526
563 0.373333 0.438333 19727 448 526
564 0.435000 0.438333 16299 522 526
565 0.129167 0.439167 18910 155 527
566 0.095000 0.440833 18999 114 529
567 0.440833 0.440833 17076 529 529
568 0.504167 0.441667 19747 605 530
569 0.000000 0.443333 17860 0 532
570 0.129167 0.443333 19061 155 532
571 0.400000 0.443333 18592 480 532
572 0.165833 0.444167 17998 199 533
573 0.021667 0.446667 18149 26 536
574 0.416667 0.446667 17483 500 536
575 0.506667 0.446667 20127 608 536
576 0.243333 0.447500 18438 292 537
577 0.539167 0.447500 17844 647 537
578 0.233333 0.448333 18418 280 538
579 0.366667 0.449167 19504 440 539
580 0.017500 0.450000 18517 21 540
581 0.000000 0.450833 18290 0 541
582 0.252500 0.450833 18950 303 541
583 0.420000 0.450833 17506 504 541
584 0.251667 0.452500 18933 302 543
585 0.530000 0.452500 17729 636 543
586 0.539167 0.452500 18254 647 543
587 0.098333 0.453333 18848 118 544
588 0.363333 0.453333 19557 436 544
589 0.001667 0.454167 18900 2 545
590 0.420000 0.454167 17621 504 545
591 0.081667 0.455000 18907 98 546
592 0.223333 0.455000 18477 268 546
593 0.247500 0.457500 19255 297 549
594 0.304167 0.457500 18057 365 549
595 0.366667 0.459167 19022 440 551
596 0.482500 0.460833 16758 579 553
597 0.000000 0.461667 17890 0 554
598 0.421667 0.462500 18152 506 555
599 0.004167 0.466667 18077 5 560
600 0.358333 0.466667 20229 430 560
601 0.350000 0.468333 19271 420 562
602 0.470833 0.468333 16893 565 562
603 0.539167 0.469167 18923 647 563
604 0.000000 0.470000 18316 0 564
605 0.363333 0.470000 19038 436 564
606 0.423333 0.470833 16978 508 565
607 0.416667 0.472500 17263 500 567
608 0.349167 0.473333 19360 419 568
609 0.006667 0.474167 17995 8 569
610 0.024167 0.478333 18464 29 574
611 0.000000 0.480833 16676 0 577
612 0.345000 0.480833 19435 414 577
613 0.357500 0.482500 18395 429 579
614 0.531667 0.484167 20354 638 581
615 0.519167 0.485000 21935 623 582
616 0.404167 0.485833 16243 485 583
617 0.490833 0.485833 17588 589 583
618 0.495000 0.485833 17582 594 583
619 0.250833 0.489167 15807 301 587
620 0.534167 0.490000 18822 641 588
621 0.000000 0.490833 17066 0 589
622 0.332500 0.492500 18851 399 591
623 0.356667 0.493333 17992 428 592
624 0.503333 0.493333 19127 604 592
625 0.420000 0.494167 17191 504 593
626 0.355833 0.497500 17982 427 597
627 0.415000 0.498333 16712 498 598
628 0.329167 0.499167 18881 395 599
629 0.376667 0.500000 18979 452 600
630 0.464167 0.501667 16407 557 602
631 0.411667 0.502500 16916 494 603
632 0.319167 0.505000 18500 383 606
633 0.361667 0.505000 19786 434 606
634 0.535000 0.505833 19589 642 607
635 0.461667 0.506667 16660 554 608
636 0.257500 0.509167 13451 309 611
637 0.305833 0.509167 18277 367 611
638 0.465000 0.509167 16860 558 611
639 0.001667 0.511667 15239 2 614
640 0.328333 0.511667 18412 394 614
641 0.159167 0.512500 17854 191 615
642 0.000000 0.513333 15232 0 616
643 0.364167 0.515000 19396 437 618
644 0.000000 0.515833 15246 0 619
645 0.407500 0.517500 17486 489 621
646 0.000000 0.518333 15255 0 622
647 0.291667 0.518333 17995 350 622
648 0.329167 0.518333 18166 395 622
649 0.150833 0.519167 18067 181 623
650 0.532500 0.519167 19671 639 623
651 0.390000 0.520000 19192 468 624
652 0.475833 0.520000 18448 571 624
653 0.333333 0.520833 16850 400 625
654 0.000833 0.522500 15252 1 627
655 0.355833 0.521667 17975 427 626
656 0.375000 0.521667 18556 450 626
657 0.382500 0.524167 19616 459 629
658 0.447500 0.524167 15121 537 629
659 0.399167 0.525000 17821 479 630
660 0.484167 0.525000 17841 581 630
661 0.530000 0.525000 19839 636 630
662 0.042500 0.525833 19356 51 631
663 0.049167 0.527500 19235 59 633
664 0.401667 0.527500 17808 482 633
665 0.170833 0.528333 19386 205 634
666 0.127500 0.529167 19934 153 635
667 0.099167 0.530000 19209 119 636
668 0.120833 0.530000 20006 145 636
669 0.275000 0.530000 16804 330 636
670 0.489167 0.530000 18110 587 636
671 0.040833 0.530833 19248 49 637
672 0.374167 0.532500 18129 449 639
673 0.329167 0.533333 15711 395 640
674 0.389167 0.533333 18474 467 640
675 0.114167 0.534167 20049 137 641
676 0.055000 0.535000 19192 66 642
677 0.155833 0.535000 19327 187 642
678 0.269167 0.535833 17145 323 643
679 0.410833 0.535833 16614 493 643
680 0.264167 0.536667 17155 317 644
681 0.404167 0.537500 17208 485 645
682 0.165000 0.538333 19681 198 646
683 0.390833 0.538333 18595 469 646
684 0.515833 0.538333 19258 619 646
685 0.015000 0.539167 15469 18 647
686 0.018333 0.539167 15498 22 647
687 0.020833 0.539167 15488 25 647
688 0.062500 0.539167 18946 75 647
689 0.075833 0.539167 18517 91 647
690 0.082500 0.539167 17916 99 647
691 0.095833 0.539167 18402 115 647
692 0.118333 0.539167 19520 142 647
693 0.121667 0.539167 19498 146 647
694 0.124167 0.539167 19416 149 647
695 0.127500 0.539167 19435 153 647
696 0.130833 0.539167 19461 157 647
697 0.138333 0.539167 18832 166 647
698 0.140000 0.539167 18818 168 647
699 0.150000 0.539167 19153 180 647
700 0.190000 0.539167 17408 228 647
701 0.205833 0.539167 15511 247 647
702 0.456667 0.539167 15318 548 647
703 0.460833 0.539167 15216 553 647
704 0.468333 0.539167 15390 562 647
705 0.486667 0.539167 17647 584 647
706 0.508333 0.539167 18690 610 647
BasinSaddles 0
Runoffs 207
1 0.000000 0.000000 16184 0 0
2 0.002500 0.000000 16141 3 0
3 0.030000 0.000000 20528 36 0
4 0.065000 0.000000 14796 78 0
5 0.070833 0.000000 14852 85 0
6 0.106667 0.000000 19963 128 0
7 0.125833 0.000000 15961 151 0
8 0.158333 0.000000 13707 190 0
9 0.179167 0.000000 17211 215 0
10 0.186667 0.000000 17217 224 0
11 0.194167 0.000000 15515 233 0
12 0.210000 0.000000 12896 252 0
13 0.213333 0.000000 12837 256 0
14 0.216667 0.000000 12874 260 0
15 0.237500 0.000000 16541 285 0
16 0.255000 0.000000 17588 306 0
17 0.260833 0.000000 18408 313 0
18 0.272500 0.000000 15518 327 0
19 0.279167 0.000000 14596 335 0
20 0.281667 0.000000 14586 338 0
21 0.283333 0.000000 14589 340 0
22 0.305833 0.000000 18864 367 0
23 0.314167 0.000000 17788 377 0
24 0.318333 0.000000 17860 382 0
25 0.321667 0.000000 17273 386 0
26 0.326667 0.000000 17185 392 0
27 0.330000 0.000000 17506 396 0
28 0.335000 0.000000 18822 402 0
29 0.337500 0.000000 18615 405 0
30 0.345833 0.000000 20318 415 0
31 0.359167 0.000000 17158 431 0
32 0.369167 0.000000 15639 443 0
33 0.376667 0.000000 15544 452 0
34 0.386667 0.000000 15324 464 0
35 0.389167 0.000000 15314 467 0
36 0.395833 0.000000 15265 475 0
37 0.399167 0.000000 15314 479 0
38 0.405833 0.000000 16295 487 0
39 0.421667 0.000000 17867 506 0
40 0.436667 0.000000 16456 524 0
41 0.443333 0.000000 16689 532 0
42 0.452500 0.000000 16765 543 0
43 0.465833 0.000000 15170 559 0
44 0.473333 0.000000 15147 568 0
45 0.506667 0.000000 21266 608 0
46 0.524167 0.000000 19333 629 0
47 0.539167 0.000000 19770 647 0
48 0.539167 0.001667 19822 647 2
49 0.539167 0.015000 18412 647 18
50 0.539167 0.023333 18316 647 28
51 0.539167 0.032500 19192 647 39
52 0.539167 0.051667 18717 647 62
53 0.539167 0.054167 18713 647 65
54 0.539167 0.055833 18713 647 67
55 0.539167 0.071667 22290 647 86
56 0.539167 0.089167 18881 647 107
57 0.539167 0.102500 19452 647 123
58 0.539167 0.105833 19619 647 127
59 0.539167 0.109167 17624 647 131
60 0.539167 0.136667 16269 647 164
61 0.539167 0.138333 16236 647 166
62 0.539167 0.143333 16197 647 172
63 0.539167 0.156667 16545 647 188
64 0.539167 0.165833 17447 647 199
65 0.539167 0.172500 17007 647 207
66 0.539167 0.175000 17280 647 210
67 0.539167 0.183333 18356 647 220
68 0.539167 0.187500 19189 647 225
69 0.539167 0.193333 19747 647 232
70 0.539167 0.196667 18884 647 236
71 0.539167 0.201667 19425 647 242
72 0.539167 0.207500 20374 647 249
73 0.539167 0.210833 20124 647 253
74 0.539167 0.224167 17979 647 269
75 0.539167 0.242500 15065 647 291
76 0.539167 0.249167 14229 647 299
77 0.539167 0.253333 14206 647 304
78 0.539167 0.260000 14629 647 312
79 0.539167 0.265000 14776 647 318
80 0.539167 0.272500 16046 647 327
81 0.539167 0.282500 17529 647 339
82 0.539167 0.285000 17499 647 342
83 0.539167 0.293333 18228 647 352
84 0.539167 0.295833 17693 647 355
85 0.539167 0.300833 18333 647 361
86 0.539167 0.315000 16998 647 378
87 0.539167 0.321667 16788 647 386
88 0.539167 0.325000 16804 647 390
89 0.539167 0.345833 20977 647 415
90 0.539167 0.364167 17867 647 437
91 0.539167 0.367500 17660 647 441
92 0.539167 0.376667 17582 647 452
93 0.539167 0.406667 20223 647 488
94 0.539167 0.421667 18789 647 506
95 0.539167 0.434167 18697 647 521
96 0.539167 0.440000 18779 647 528
97 0.539167 0.450000 18395 647 540
98 0.539167 0.464167 19471 647 557
99 0.539167 0.476667 20006 647 572
100 0.539167 0.484167 19150 647 581
101 0.539167 0.496667 18953 647 596
102 0.539167 0.510000 20935 647 612
103 0.539167 0.515833 18822 647 619
104 0.539167 0.536667 21099 647 644
105 0.539167 0.539167 20147 647 647
106 0.000000 0.005833 15370 0 7
107 0.000000 0.018333 16637 0 22
108 0.000000 0.024167 16476 0 29
109 0.000000 0.030833 16213 0 37
110 0.000000 0.045000 18097 0 54
111 0.000000 0.063333 16594 0 76
112 0.000000 0.075000 14983 0 90
113 0.000000 0.090000 13477 0 108
114 0.000000 0.095000 13891 0 114
115 0.000000 0.096667 13809 0 116
116 0.000000 0.107500 11164 0 129
117 0.000000 0.114167 11013 0 137
118 0.000000 0.143333 15570 0 172
119 0.000000 0.145833 15853 0 175
120 0.000000 0.155833 18398 0 187
121 0.000000 0.159167 18897 0 191
122 0.000000 0.168333 16646 0 202
123 0.000000 0.172500 15593 0 207
124 0.000000 0.183333 18454 0 220
125 0.000000 0.195000 18707 0 234
126 0.000000 0.206667 14609 0 248
127 0.000000 0.211667 14442 0 254
128 0.000000 0.234167 15114 0 281
129 0.000000 0.237500 15167 0 285
130 0.000000 0.240000 15190 0 288
131 0.000000 0.249167 18057 0 299
132 0.000000 0.252500 17591 0 303
133 0.000000 0.270833 19829 0 325
134 0.000000 0.287500 18248 0 345
135 0.000000 0.291667 19048 0 350
136 0.000000 0.300000 18146 0 360
137 0.000000 0.307500 17844 0 369
138 0.000000 0.325833 17562 0 391
139 0.000000 0.329167 17595 0 395
140 0.000000 0.340000 18326 0 408
141 0.000000 0.345000 18759 0 414
142 0.000000 0.347500 18736 0 417
143 0.000000 0.366667 19724 0 440
144 0.000000 0.382500 18448 0 459
145 0.000000 0.390000 17759 0 468
146 0.000000 0.402500 20150 0 483
147 0.000000 0.414167 18448 0 497
148 0.000000 0.426667 19438 0 512
149 0.000000 0.435000 17778 0 522
150 0.000000 0.442500 17867 0 531
151 0.000000 0.449167 18297 0 539
152 0.000000 0.455000 19133 0 546
153 0.000000 0.468333 18487 0 562
154 0.000000 0.471667 18382 0 566
155 0.000000 0.486667 17529 0 584
156 0.000000 0.494167 17818 0 593
157 0.000000 0.512500 15285 0 615
158 0.000000 0.515000 15255 0 618
159 0.000000 0.517500 15265 0 621
160 0.000000 0.520833 15272 0 625
161 0.000000 0.539167 17709 0 647
162 0.002500 0.539167 18346 3 647
163 0.016667 0.539167 15547 20 647
164 0.020000 0.539167 15518 24 647
165 0.027500 0.539167 17017 33 647
166 0.040833 0.539167 19189 49 647
167 0.057500 0.539167 19455 69 647
168 0.068333 0.539167 19904 82 647
169 0.076667 0.539167 18576 92 647
170 0.089167 0.539167 19281 107 647
171 0.108333 0.539167 21282 130 647
172 0.120000 0.539167 19534 144 647
173 0.122500 0.539167 19507 147 647
174 0.125833 0.539167 19458 151 647
175 0.129167 0.539167 19534 155 647
176 0.132500 0.539167 19619 159 647
177 0.139167 0.539167 18848 167 647
178 0.146667 0.539167 19425 176 647
179 0.153333 0.539167 19694 184 647
180 0.165833 0.539167 19698 199 647
181 0.183333 0.539167 18353 220 647
182 0.190833 0.539167 17411 229 647
183 0.207500 0.539167 15620 249 647
184 0.225833 0.539167 12621 271 647
185 0.233333 0.539167 12644 280 647
186 0.260833 0.539167 17401 313 647
187 0.270833 0.539167 16745 325 647
188 0.280833 0.539167 14957 337 647
189 0.289167 0.539167 14107 347 647
190 0.293333 0.539167 13523 352 647
191 0.302500 0.539167 12883 363 647
192 0.313333 0.539167 13684 376 647
193 0.320833 0.539167 13704 385 647
194 0.327500 0.539167 14727 393 647
195 0.350000 0.539167 17296 420 647
196 0.376667 0.539167 17539 452 647
197 0.390833 0.539167 18697 469 647
198 0.405000 0.539167 17388 486 647
199 0.412500 0.539167 15928 495 647
200 0.424167 0.539167 13103 509 647
201 0.450833 0.539167 16551 541 647
202 0.458333 0.539167 15406 550 647
203 0.466667 0.539167 15636 560 647
204 0.485000 0.539167 18120 582 647
205 0.500833 0.539167 19606 601 647
206 0.515833 0.539167 19324 619 647
207 0.521667 0.539167 18684 626 647
Edges 706
1 2 1
2 14 2
3 25 16
4 16 11
5 4 3
6 22 9
7 32 13
8 23 4
9 8 5
10 9 6
11 33 10
12 57 32
13 12 7
14 38 33
15 13 8
16 24 17
17 42 28
18 6 12
19 17 15
20 25 14
21 22 18
22 28 19
23 30 20
24 36 21
25 29 23
26 53 24
27 45 26
28 31 27
29 39 30
30 66 36
31 40 29
32 42 31
33 12 22
34 43 35
35 55 34
36 44 38
37 12 25
38 48 40
39 59 42
40 52 41
41 37 37
42 58 43
43 47 39
44 55 46
45 49 44
46 51 47
47 56 49
48 56 50
49 54 51
50 46 45
51 52 48
52 63 52
53 66 61
54 59 56
55 75 60
56 64 55
57 62 54
58 71 57
59 76 69
60 93 63
61 77 59
62 67 64
63 84 67
64 65 62
65 49 58
66 95 82
67 74 70
68 112 65
69 79 66
70 72 68
71 53 53
72 71 72
73 58 71
74 91 79
75 98 84
76 85 78
77 75 76
78 73 75
79 64 73
80 78 77
81 64 74
82 83 80
83 98 81
84 87 86
85 88 87
86 104 88
87 80 85
88 115 89
89 109 98
90 81 83
91 112 93
92 100 94
93 110 106
94 71 91
95 93 92
96 103 100
97 90 90
98 102 103
99 97 97
100 109 101
101 95 96
102 138 112
103 112 104
104 98 99
105 108 102
106 99 107
107 122 108
108 94 95
109 138 118
110 132 113
111 101 105
112 130 121
113 99 109
114 115 114
115 104 110
116 121 119
117 108 111
118 106 115
119 87 116
120 111 120
121 114 117
122 119 122
123 117 124
124 121 123
125 130 131
126 104 126
127 117 127
128 125 129
129 121 128
130 146 141
131 113 125
132 128 132
133 122 130
134 132 135
135 126 134
136 143 139
137 117 136
138 144 143
139 136 137
140 137 140
141 145 144
142 129 133
143 153 147
144 133 138
145 149 146
146 160 154
147 144 148
148 142 145
149 147 150
150 148 151
151 146 149
152 148 153
153 138 142
154 162 158
155 158 157
156 160 156
157 135 152
158 153 155
159 171 164
160 165 165
161 152 159
162 176 168
163 169 167
164 153 162
165 183 179
166 174 169
167 193 171
168 149 161
169 181 170
170 151 160
171 168 172
172 157 166
173 149 163
174 180 177
175 179 173
176 180 182
177 161 176
178 173 175
179 181 180
180 198 189
181 185 184
182 161 183
183 194 186
184 172 174
185 195 193
186 178 185
187 171 178
188 164 188
189 184 187
190 189 192
191 188 191
192 187 190
193 170 181
194 201 194
195 200 196
196 203 198
197 205 197
198 207 203
199 191 195
200 213 199
201 204 200
202 193 201
203 202 202
204 212 204
205 214 206
206 209 207
207 210 209
208 203 205
209 210 208
210 218 214
211 206 210
212 219 212
213 222 218
214 213 213
215 226 220
216 223 217
217 208 211
218 231 216
219 220 219
220 224 222
221 217 221
222 239 233
223 193 215
224 232 225
225 222 223
226 235 231
227 236 228
228 233 226
229 223 224
230 229 227
231 249 241
232 240 229
233 237 230
234 243 236
235 241 234
236 246 235
237 247 237
238 230 232
239 245 239
240 244 242
241 260 240
242 263 244
243 248 245
244 257 251
245 288 246
246 251 243
247 264 256
248 259 248
249 238 238
250 262 250
251 254 247
252 276 260
253 231 249
254 261 254
255 258 257
256 255 255
257 270 259
258 263 265
259 253 252
260 271 263
261 265 261
262 223 253
263 267 262
264 275 264
265 280 272
266 279 267
267 286 277
268 318 273
269 282 269
270 296 285
271 293 281
272 259 266
273 265 271
274 250 258
275 285 274
276 289 275
277 270 270
278 281 282
279 318 278
280 308 280
281 307 287
282 249 268
283 301 283
284 274 276
285 291 286
286 294 290
287 318 284
288 292 289
289 303 301
290 322 292
291 299 293
292 297 295
293 322 304
294 301 294
295 284 288
296 300 296
297 317 298
298 308 299
299 308 300
300 321 314
301 323 307
302 282 291
303 314 309
304 318 308
305 282 297
306 313 305
307 314 306
308 336 328
309 295 302
310 302 303
311 308 311
312 328 319
313 315 310
314 339 315
315 340 324
316 311 312
317 335 325
318 272 279
319 309 316
320 296 313
321 324 318
322 325 320
323 340 321
324 334 326
325 332 330
326 320 323
327 318 322
328 344 334
329 327 329
330 310 317
331 309 327
332 336 332
333 338 333
334 346 331
335 347 337
336 354 346
337 335 336
338 344 338
339 371 362
340 345 342
341 331 340
342 339 341
343 327 335
344 342 345
345 366 350
346 353 344
347 325 339
348 341 343
349 360 349
350 351 353
351 357 355
352 348 348
353 358 357
354 355 354
355 350 352
356 366 358
357 344 347
358 367 361
359 352 356
360 327 351
361 354 359
362 347 360
363 372 368
364 362 363
365 368 366
366 380 374
367 369 367
368 366 369
369 375 370
370 386 372
371 383 375
372 402 379
373 368 373
374 359 364
375 394 394
376 357 371
377 386 381
378 386 380
379 376 382
380 384 383
381 360 376
382 375 377
383 373 378
384 392 391
385 378 384
386 362 365
387 391 390
388 387 387
389 383 386
390 399 393
391 390 392
392 400 398
393 376 388
394 401 397
395 386 389
396 381 385
397 410 401
398 388 395
399 397 396
400 409 404
401 408 406
402 426 426
403 398 402
404 395 400
405 399 407
406 403 399
407 394 405
408 427 410
409 414 411
410 420 417
411 407 409
412 402 414
413 396 403
414 412 413
415 429 416
416 404 408
417 413 415
418 428 419
419 423 420
420 424 423
421 416 418
422 430 424
423 436 428
424 417 421
425 454 427
426 435 430
427 434 432
428 454 447
429 409 412
430 453 434
431 424 429
432 389 422
433 416 425
434 447 444
435 460 442
436 439 436
437 448 439
438 439 437
439 429 433
440 424 431
441 438 438
442 448 446
443 442 440
444 446 448
445 441 441
446 436 445
447 458 453
448 451 450
449 439 449
450 457 452
451 462 454
452 481 455
453 433 435
454 453 451
455 461 460
456 453 463
457 440 443
458 466 466
459 449 457
460 450 459
461 478 470
462 455 462
463 451 461
464 439 456
465 464 464
466 487 489
467 480 471
468 457 468
469 480 478
470 464 467
471 460 458
472 462 465
473 474 474
474 458 473
475 476 476
476 470 475
477 468 472
478 477 480
479 483 485
480 491 486
481 491 484
482 468 477
483 454 469
484 459 479
485 479 487
486 494 493
487 503 503
488 476 481
489 478 491
490 478 482
491 485 492
492 453 490
493 488 496
494 471 488
495 490 498
496 472 494
497 494 501
498 454 483
499 491 502
500 493 500
501 457 497
502 504 506
503 510 517
504 480 495
505 500 507
506 489 499
507 492 505
508 494 509
509 495 504
510 524 524
511 531 526
512 501 512
513 496 514
514 483 513
515 499 510
516 506 516
517 504 515
518 502 518
519 500 511
520 509 520
521 508 519
522 507 522
523 505 523
524 542 525
525 514 528
526 515 521
527 517 529
528 516 527
529 457 508
530 528 535
531 542 541
532 513 532
533 525 533
534 537 539
535 557 538
536 530 536
537 519 531
538 527 534
539 522 530
540 529 540
541 536 537
542 557 547
543 526 542
544 538 543
545 536 545
546 537 544
547 545 548
548 544 549
549 547 550
550 539 551
551 571 559
552 548 553
553 546 557
554 555 558
555 577 577
556 538 552
557 554 560
558 543 554
559 545 555
560 557 568
561 548 565
562 551 564
563 562 567
564 550 556
565 553 562
566 540 546
567 552 561
568 549 563
569 575 573
570 565 576
571 583 574
572 564 569
573 556 566
574 567 572
575 578 580
576 557 575
577 595 586
578 586 589
579 595 585
580 570 578
581 565 582
582 568 579
583 559 571
584 571 583
585 561 570
586 572 581
587 581 584
588 580 592
589 593 595
590 573 587
591 587 593
592 573 591
593 582 588
594 584 590
595 611 603
596 566 594
597 601 599
598 594 598
599 576 596
600 602 601
601 586 597
602 593 600
603 599 602
604 601 604
605 598 606
606 598 607
607 602 605
608 604 609
609 608 610
610 602 608
611 632 620
612 611 614
613 628 616
614 612 615
615 610 612
616 614 618
617 604 611
618 610 613
619 616 617
620 591 619
621 623 625
622 617 621
623 629 627
624 618 623
625 633 630
626 614 624
627 615 622
628 630 629
629 643 631
630 624 626
631 627 628
632 639 634
633 637 635
634 630 633
635 631 632
636 646 641
637 650 638
638 596 636
639 655 650
640 622 639
641 631 640
642 645 644
643 657 651
644 634 643
645 640 642
646 659 649
647 643 645
648 649 647
649 635 637
650 653 652
651 645 646
652 641 648
654 652 653
655 679 661
656 662 662
657 658 657
658 644 656
659 664 666
660 643 659
661 650 658
662 684 687
663 681 667
664 670 668
665 675 665
666 634 655
667 660 664
668 653 660
669 656 663
670 681 675
671 654 673
672 658 672
673 657 674
674 662 671
675 696 677
676 677 678
677 648 669
678 667 679
679 707 684
680 668 670
681 688 691
682 651 654
683 682 685
684 683 686
685 669 676
686 685 688
687 686 689
688 687 690
689 681 692
690 689 693
691 690 694
692 691 695
693 692 696
694 693 697
695 694 698
696 695 699
697 675 682
698 665 700
699 698 701
700 676 680
701 673 683
702 667 681
703 704 702
704 705 703
705 706 704
706 680 705
707 680 706
RunoffEdges 207
1 0
2 1
14 2
27 3
27 4
3 5
20 6
44 7
16 8
4 9
5 10
36 11
46 12
21 13
21 14
22 15
6 16
18 17
32 18
32 19
32 20
7 21
32 22
32 23
32 24
42 25
19 26
19 27
19 28
17 29
17 30
17 31
53 32
26 33
26 34
53 35
53 36
30 37
23 38
8 39
9 40
10 41
60 42
11 43
12 44
13 45
15 46
15 47
13 48
57 49
57 50
68 51
112 52
96 53
96 54
112 55
130 56
130 57
130 58
156 59
160 60
165 61
183 62
194 63
201 64
204 65
212 66
219 67
220 68
224 69
232 70
240 71
244 72
277 73
300 74
300 75
321 76
324 77
334 78
346 79
353 80
358 81
367 82
369 83
375 84
394 85
401 86
408 87
427 88
447 89
447 90
473 91
511 92
531 93
555 94
555 95
577 96
595 97
611 98
611 99
632 100
639 101
639 102
679 103
679 104
2 105
43 106
43 107
43 108
69 109
69 110
69 111
79 112
79 113
79 114
79 115
118 116
163 117
169 118
181 119
185 120
195 121
200 122
213 123
222 124
239 125
245 126
288 127
292 128
297 129
317 130
317 131
337 132
347 133
364 134
362 135
385 136
395 137
395 138
422 139
430 140
430 141
456 142
453 143
453 144
507 145
522 146
539 147
550 148
564 149
572 150
586 151
601 152
604 153
617 154
622 155
640 156
642 157
645 158
651 159
682 160
682 161
683 162
684 163
662 164
674 165
685 166
686 167
687 168
688 169
681 170
689 171
690 172
691 173
692 174
693 175
694 176
695 177
696 178
697 179
665 180
698 181
699 182
700 183
700 184
700 185
677 186
677 187
648 188
649 189
649 190
652 191
652 192
654 193
666 194
672 195
701 196
702 197
678 198
678 199
703 200
704 201
705 202
706 203
680 204
707 205
679 206
