Peaks 503
1 0.007500 0.000000 3 9 0
2 0.012500 0.000000 288 15 0
3 0.020000 0.000000 236 24 0
4 0.028333 0.000000 364 34 0
5 0.126667 0.000000 1387 152 0
6 0.215000 0.000000 2887 258 0
7 0.220000 0.000000 2949 264 0
8 0.225000 0.000000 2952 270 0
9 0.230000 0.000000 2844 276 0
10 0.236667 0.000000 2713 284 0
11 0.290833 0.000000 3152 349 0
12 0.390000 0.000000 5846 468 0
13 0.400000 0.000000 5006 480 0
14 0.498333 0.000000 5541 598 0
15 0.520833 0.000000 5052 625 0
16 0.355000 0.000833 5124 426 1
17 0.410000 0.000833 5980 492 1
18 0.539167 0.007500 5469 647 9
19 0.368333 0.008333 5134 442 10
20 0.487500 0.010000 5853 585 12
21 0.338333 0.011667 5108 406 14
22 0.482500 0.014167 5715 579 17
23 0.325000 0.017500 4215 390 21
24 0.382500 0.018333 5757 459 22
25 0.517500 0.020000 5515 621 24
26 0.090833 0.020833 3254 109 25
27 0.343333 0.020833 6040 412 25
28 0.475833 0.021667 6204 571 26
29 0.103333 0.023333 3684 124 28
30 0.381667 0.030833 5367 458 37
31 0.015833 0.033333 2946 19 40
32 0.105000 0.035833 3136 126 43
33 0.075833 0.036667 2818 91 44
34 0.000000 0.038333 2388 0 46
35 0.436667 0.039167 5196 524 47
36 0.430833 0.040833 5324 517 49
37 0.000000 0.041667 2365 0 50
38 0.004167 0.045000 2434 5 54
39 0.321667 0.045833 5272 386 55
40 0.242500 0.046667 3293 291 56
41 0.273333 0.046667 3746 328 56
42 0.294167 0.046667 4478 353 56
43 0.335833 0.046667 5711 403 56
44 0.506667 0.046667 5252 608 56
45 0.348333 0.050833 5928 418 61
46 0.361667 0.050833 4799 434 61
47 0.425833 0.051667 4730 511 62
48 0.090000 0.052500 3477 108 63
49 0.110000 0.053333 3412 132 64
50 0.312500 0.053333 4826 375 64
51 0.034167 0.055000 3293 41 66
52 0.301667 0.057500 4662 362 69
53 0.065833 0.060000 4199 79 72
54 0.202500 0.063333 1968 243 76
55 0.539167 0.065833 5436 647 79
56 0.345833 0.073333 3681 415 88
57 0.499167 0.075000 6003 599 90
58 0.000000 0.075833 1095 0 91
59 0.521667 0.077500 5915 626 93
60 0.230833 0.080833 3362 277 97
61 0.132500 0.082500 705 159 99
62 0.539167 0.085833 6118 647 103
63 0.397500 0.092500 4668 477 111
64 0.110833 0.093333 298 133 112
65 0.000000 0.096667 1184 0 116
66 0.257500 0.098333 4606 309 118
67 0.395000 0.099167 4589 474 119
68 0.137500 0.100000 2769 165 120
69 0.439167 0.100000 5580 527 120
70 0.000000 0.101667 866 0 122
71 0.223333 0.106667 4268 268 128
72 0.241667 0.106667 4101 290 128
73 0.232500 0.109167 4603 279 131
74 0.411667 0.109167 4691 494 131
75 0.446667 0.110000 5784 536 132
76 0.255000 0.110833 4429 306 133
77 0.183333 0.111667 4265 220 134
78 0.212500 0.111667 4274 255 134
79 0.497500 0.111667 5269 597 134
80 0.035000 0.114167 2828 42 137
81 0.200000 0.115833 4068 240 139
82 0.403333 0.115833 5269 484 139
83 0.345833 0.116667 4396 415 140
84 0.285000 0.117500 4038 342 141
85 0.512500 0.119167 5255 615 143
86 0.060000 0.120000 2959 72 144
87 0.253333 0.120000 4281 304 144
88 0.449167 0.120833 5406 539 145
89 0.405833 0.121667 5505 487 146
90 0.174167 0.122500 3615 209 147
91 0.263333 0.123333 4776 316 148
92 0.505833 0.124167 5446 607 149
93 0.317500 0.125000 4199 381 150
94 0.415000 0.125000 4658 498 150
95 0.534167 0.125000 5213 641 150
96 0.248333 0.125833 4189 298 151
97 0.445000 0.127500 5393 534 153
98 0.289167 0.128333 4425 347 154
99 0.524167 0.134167 5118 629 161
100 0.310833 0.135000 4849 373 162
101 0.351667 0.135000 5255 422 162
102 0.326667 0.135833 4291 392 163
103 0.000000 0.137500 3339 0 165
104 0.082500 0.137500 3556 99 165
105 0.239167 0.137500 4071 287 165
106 0.398333 0.139167 4967 478 167
107 0.455833 0.139167 4793 547 167
108 0.365000 0.140000 4842 438 168
109 0.204167 0.141667 2782 245 170
110 0.474167 0.143333 4993 569 172
111 0.491667 0.144167 5265 590 173
112 0.002500 0.145833 3559 3 175
113 0.252500 0.146667 3825 303 176
114 0.409167 0.148333 6013 491 178
115 0.440833 0.148333 5531 529 178
116 0.346667 0.150000 4655 416 180
117 0.246667 0.153333 4127 296 184
118 0.368333 0.153333 5055 442 184
119 0.405833 0.155000 5780 487 186
120 0.221667 0.155833 3093 266 187
121 0.011667 0.157500 3592 14 189
122 0.079167 0.157500 3815 95 189
123 0.301667 0.157500 4668 362 189
124 0.291667 0.158333 4311 350 190
125 0.316667 0.160833 3717 380 193
126 0.522500 0.160833 5124 627 193
127 0.280000 0.161667 4117 336 194
128 0.394167 0.161667 5590 473 194
129 0.476667 0.161667 5410 572 194
130 0.409167 0.162500 5705 491 195
131 0.350000 0.163333 4714 420 196
132 0.106667 0.165833 3336 128 199
133 0.042500 0.166667 4468 51 200
134 0.302500 0.166667 4399 363 200
135 0.432500 0.167500 4852 519 201
136 0.449167 0.168333 5252 539 202
137 0.014167 0.170000 4855 17 204
138 0.403333 0.170833 5377 484 205
139 0.471667 0.170833 5439 566 205
140 0.127500 0.171667 3881 153 206
141 0.500000 0.172500 5062 600 207
142 0.303333 0.173333 4888 364 208
143 0.387500 0.173333 5193 465 208
144 0.531667 0.173333 5062 638 208
145 0.187500 0.176667 3818 225 212
146 0.057500 0.179167 2890 69 215
147 0.416667 0.179167 5246 500 215
148 0.470833 0.179167 5328 565 215
149 0.524167 0.181667 5252 629 218
150 0.072500 0.182500 787 87 219
151 0.450833 0.183333 5580 541 220
152 0.321667 0.184167 4340 386 221
153 0.301667 0.187500 4747 362 225
154 0.123333 0.190833 4206 148 229
155 0.539167 0.190833 5324 647 229
156 0.110833 0.192500 3684 133 231
157 0.031667 0.195000 2824 38 234
158 0.060833 0.195000 2772 73 234
159 0.140000 0.195000 3421 168 234
160 0.009167 0.195833 4051 11 235
161 0.450000 0.195833 5393 540 235
162 0.505000 0.196667 5269 606 236
163 0.085000 0.200000 1578 102 240
164 0.195000 0.200000 3730 234 240
165 0.431667 0.200000 5587 518 240
166 0.486667 0.200833 4799 584 241
167 0.216667 0.202500 4074 260 243
168 0.436667 0.203333 5538 524 244
169 0.153333 0.205000 4343 184 246
170 0.182500 0.205000 4481 219 246
171 0.418333 0.205000 4770 502 246
172 0.142500 0.208333 4333 171 250
173 0.410833 0.208333 5104 493 250
174 0.370000 0.209167 4678 444 251
175 0.308333 0.210000 4219 370 252
176 0.352500 0.210000 4278 423 252
177 0.508333 0.213333 5173 610 256
178 0.381667 0.214167 4642 458 257
179 0.539167 0.215000 3874 647 258
180 0.364167 0.215833 4071 437 259
181 0.520000 0.215833 5725 624 259
182 0.020000 0.216667 915 24 260
183 0.088333 0.216667 3297 106 260
184 0.210000 0.216667 4356 252 260
185 0.244167 0.216667 3799 293 260
186 0.463333 0.216667 3874 556 260
187 0.165833 0.217500 5108 199 261
188 0.176667 0.222500 4865 212 267
189 0.199167 0.225000 4999 239 270
190 0.437500 0.225000 5446 525 270
191 0.022500 0.227500 731 27 273
192 0.156667 0.227500 5196 188 273
193 0.204167 0.227500 4311 245 273
194 0.410000 0.227500 4858 492 273
195 0.206667 0.230000 4471 248 276
196 0.504167 0.230833 5091 605 277
197 0.480000 0.235833 4396 576 283
198 0.318333 0.240833 2831 382 289
199 0.113333 0.241667 3356 136 290
200 0.078333 0.243333 4484 94 292
201 0.337500 0.243333 4491 405 292
202 0.437500 0.243333 4468 525 292
203 0.509167 0.244167 5711 611 293
204 0.129167 0.245000 3136 155 294
205 0.207500 0.247500 4514 249 297
206 0.220000 0.247500 5524 264 297
207 0.533333 0.247500 4858 640 297
208 0.047500 0.248333 4173 57 298
209 0.520833 0.248333 5439 625 298
210 0.218333 0.251667 5426 262 302
211 0.510000 0.252500 5544 612 303
212 0.190000 0.254167 4278 228 305
213 0.377500 0.255833 4133 453 307
214 0.501667 0.255833 5790 602 307
215 0.037500 0.257500 3933 45 309
216 0.048333 0.258333 4101 58 310
217 0.268333 0.258333 4796 322 310
218 0.370000 0.259167 3996 444 311
219 0.082500 0.261667 4455 99 314
220 0.019167 0.264167 4238 23 317
221 0.205833 0.264167 4547 247 317
222 0.247500 0.264167 3966 297 317
223 0.000000 0.265000 971 0 318
224 0.000000 0.268333 1171 0 322
225 0.521667 0.268333 5009 626 322
226 0.095000 0.269167 4619 114 323
227 0.190833 0.270000 4812 229 324
228 0.269167 0.270000 4954 323 324
229 0.276667 0.270000 4632 332 324
230 0.159167 0.270833 1161 191 325
231 0.299167 0.273333 4402 359 328
232 0.214167 0.274167 4819 257 329
233 0.382500 0.275000 4570 459 330
234 0.459167 0.275833 4927 551 331
235 0.068333 0.276667 4019 82 332
236 0.539167 0.276667 3293 647 332
237 0.400000 0.277500 4665 480 333
238 0.135000 0.279167 3274 162 335
239 0.471667 0.280000 5524 566 336
240 0.509167 0.280000 5449 611 336
241 0.258333 0.280833 4858 310 337
242 0.118333 0.281667 4550 142 338
243 0.225000 0.282500 3674 270 339
244 0.362500 0.282500 4320 435 339
245 0.297500 0.284167 4865 357 341
246 0.388333 0.285000 5275 466 342
247 0.000000 0.285833 1013 0 343
248 0.320000 0.285833 2634 384 343
249 0.480833 0.286667 5524 577 344
250 0.109167 0.290833 3933 131 349
251 0.520000 0.291667 5321 624 350
252 0.531667 0.291667 5108 638 350
253 0.473333 0.294167 4724 568 353
254 0.229167 0.296667 4609 275 356
255 0.098333 0.297500 4002 118 357
256 0.142500 0.297500 4606 171 357
257 0.109167 0.298333 4012 131 358
258 0.492500 0.298333 5561 591 358
259 0.505000 0.298333 5193 606 358
260 0.119167 0.299167 3405 143 359
261 0.325833 0.300000 2706 391 360
262 0.149167 0.300833 4012 179 361
263 0.305833 0.301667 4724 367 362
264 0.211667 0.302500 4202 254 363
265 0.135000 0.303333 4268 162 364
266 0.327500 0.304167 2765 393 365
267 0.399167 0.305000 4540 479 366
268 0.427500 0.305000 5305 513 366
269 0.450000 0.306667 3280 540 368
270 0.300833 0.307500 4786 361 369
271 0.229167 0.308333 5213 275 370
272 0.004167 0.309167 1108 5 371
273 0.198333 0.310000 5121 238 372
274 0.467500 0.310000 4990 561 372
275 0.080000 0.311667 3956 96 374
276 0.248333 0.311667 4599 298 374
277 0.300833 0.311667 4790 361 374
278 0.488333 0.313333 5301 586 376
279 0.477500 0.314167 5265 573 377
280 0.030833 0.315000 2368 37 378
281 0.286667 0.315000 4583 344 378
282 0.268333 0.315833 4875 322 379
283 0.413333 0.317500 4865 496 381
284 0.310833 0.319167 4173 373 383
285 0.426667 0.319167 5137 512 383
286 0.332500 0.320000 3979 399 384
287 0.117500 0.320833 4835 141 385
288 0.291667 0.320833 4511 350 385
289 0.525833 0.321667 5062 631 386
290 0.180000 0.323333 5114 216 388
291 0.253333 0.323333 5134 304 388
292 0.489167 0.323333 4898 587 388
293 0.302500 0.324167 4337 363 389
294 0.205000 0.325000 4291 246 390
295 0.004167 0.327500 1702 5 393
296 0.492500 0.327500 5616 591 393
297 0.467500 0.329167 5314 561 395
298 0.394167 0.330000 4996 473 396
299 0.109167 0.331667 4416 131 398
300 0.453333 0.331667 5971 544 398
301 0.040833 0.332500 3959 49 399
302 0.030833 0.333333 3851 37 400
303 0.174167 0.333333 4278 209 400
304 0.190000 0.335000 4035 228 402
305 0.292500 0.335000 4235 351 402
306 0.110000 0.336667 4402 132 404
307 0.347500 0.336667 4960 417 404
308 0.490833 0.336667 6046 589 404
309 0.535833 0.338333 4435 643 406
310 0.538333 0.338333 4412 646 406
311 0.308333 0.339167 4668 370 407
312 0.249167 0.340833 4005 299 409
313 0.118333 0.342500 3615 142 411
314 0.392500 0.344167 4504 471 413
315 0.260833 0.345833 4314 313 415
316 0.453333 0.345833 5826 544 415
317 0.539167 0.346667 4924 647 416
318 0.402500 0.347500 4399 483 417
319 0.288333 0.350000 4238 346 420
320 0.341667 0.350000 4940 410 420
321 0.355000 0.350000 4133 426 420
322 0.452500 0.352500 5587 543 423
323 0.235000 0.353333 5275 282 424
324 0.239167 0.357500 4983 287 429
325 0.053333 0.360000 4032 64 432
326 0.206667 0.361667 5085 248 434
327 0.000000 0.363333 1591 0 436
328 0.029167 0.365000 3080 35 438
329 0.195000 0.365833 2969 234 439
330 0.397500 0.365833 4708 477 439
331 0.429167 0.365833 2027 515 439
332 0.149167 0.367500 1702 179 441
333 0.187500 0.368333 3264 225 442
334 0.000000 0.369167 1427 0 443
335 0.071667 0.369167 4327 86 443
336 0.348333 0.370000 4793 418 444
337 0.461667 0.370000 4412 554 444
338 0.260000 0.371667 4999 312 446
339 0.295000 0.371667 4002 354 446
340 0.066667 0.372500 4002 80 447
341 0.174167 0.374167 3083 209 449
342 0.207500 0.378333 4632 249 454
343 0.060000 0.379167 3772 72 455
344 0.230000 0.379167 4422 276 455
345 0.340000 0.381667 4363 408 458
346 0.523333 0.381667 4662 628 458
347 0.220833 0.382500 5032 265 459
348 0.095000 0.383333 4363 114 460
349 0.149167 0.384167 3487 179 461
350 0.001667 0.385833 2716 2 463
351 0.105833 0.385833 3710 127 463
352 0.330833 0.386667 3805 397 464
353 0.072500 0.387500 4087 87 465
354 0.244167 0.388333 3727 293 466
355 0.538333 0.388333 3467 646 466
356 0.154167 0.389167 3375 185 467
357 0.395833 0.390000 4370 475 468
358 0.520000 0.391667 4658 624 470
359 0.010000 0.392500 3356 12 471
360 0.207500 0.394167 4245 249 473
361 0.285000 0.394167 4258 342 473
362 0.192500 0.395833 4960 231 475
363 0.519167 0.395833 4458 623 475
364 0.145833 0.396667 3064 175 476
365 0.238333 0.397500 4311 286 477
366 0.403333 0.397500 4947 484 477
367 0.217500 0.400000 4895 261 480
368 0.096667 0.400833 4261 116 481
369 0.005833 0.401667 3694 7 482
370 0.037500 0.401667 3487 45 482
371 0.355833 0.401667 2431 427 482
372 0.010833 0.404167 3553 13 485
373 0.507500 0.404167 5013 609 485
374 0.152500 0.405833 4379 183 487
375 0.174167 0.408333 4849 209 490
376 0.453333 0.408333 2335 544 490
377 0.490833 0.409167 4140 589 491
378 0.037500 0.411667 4347 45 494
379 0.168333 0.411667 4662 202 494
380 0.184167 0.412500 4448 221 495
381 0.235833 0.413333 4796 283 496
382 0.329167 0.414167 2828 395 497
383 0.108333 0.415833 3 130 499
384 0.164167 0.416667 4662 197 500
385 0.013333 0.417500 3156 16 501
386 0.060000 0.417500 4356 72 501
387 0.254167 0.417500 4160 305 501
388 0.000000 0.418333 3041 0 502
389 0.038333 0.418333 4291 46 502
390 0.422500 0.418333 2404 507 502
391 0.078333 0.421667 2962 94 506
392 0.056667 0.422500 4271 68 507
393 0.154167 0.425833 5029 185 511
394 0.045833 0.426667 3776 55 512
395 0.062500 0.426667 3740 75 512
396 0.160000 0.426667 5009 192 512
397 0.000000 0.427500 3261 0 513
398 0.255000 0.427500 3868 306 513
399 0.000000 0.429167 3274 0 515
400 0.357500 0.429167 849 429 515
401 0.271667 0.431667 3218 326 518
402 0.237500 0.432500 4311 285 519
403 0.009167 0.433333 3100 11 520
404 0.074167 0.435000 3674 89 522
405 0.035000 0.435833 4127 42 523
406 0.065833 0.435833 3559 79 523
407 0.117500 0.441667 3264 141 530
408 0.023333 0.444167 2880 28 533
409 0.126667 0.445000 3917 152 534
410 0.539167 0.448333 4097 647 538
411 0.152500 0.450000 4543 183 540
412 0.040000 0.450833 3661 48 541
413 0.134167 0.450833 4363 161 541
414 0.450000 0.453333 3083 540 544
415 0.404167 0.454167 846 485 545
416 0.490000 0.455833 1981 588 547
417 0.018333 0.456667 3507 22 548
418 0.119167 0.457500 4002 143 549
419 0.151667 0.458333 4783 182 550
420 0.000000 0.459167 2516 0 551
421 0.195833 0.459167 2979 235 551
422 0.269167 0.463333 3753 323 556
423 0.285000 0.464167 3996 342 557
424 0.529167 0.464167 3615 635 557
425 0.052500 0.466667 4350 63 560
426 0.000000 0.467500 2454 0 561
427 0.415833 0.468333 3126 499 562
428 0.048333 0.469167 4603 58 563
429 0.140000 0.470000 3825 168 564
430 0.115833 0.470833 4360 139 565
431 0.151667 0.470833 3969 182 565
432 0.434167 0.471667 4333 521 566
433 0.286667 0.472500 3736 344 567
434 0.446667 0.472500 4471 536 567
435 0.138333 0.475000 3671 166 570
436 0.185833 0.477500 3412 223 573
437 0.211667 0.477500 4146 254 573
438 0.040833 0.478333 3871 49 574
439 0.263333 0.478333 2362 316 574
440 0.225000 0.479167 3753 270 575
441 0.364167 0.479167 2890 437 575
442 0.005833 0.482500 3018 7 579
443 0.309167 0.482500 2762 371 579
444 0.112500 0.485833 4015 135 583
445 0.207500 0.485833 3786 249 583
446 0.046667 0.487500 3523 56 585
447 0.191667 0.487500 1381 230 585
448 0.460833 0.487500 4068 553 585
449 0.482500 0.487500 4593 579 585
450 0.487500 0.490000 4593 585 588
451 0.477500 0.490833 4130 573 589
452 0.360833 0.494167 3284 433 593
453 0.471667 0.495000 4268 566 594
454 0.500000 0.495833 4576 600 595
455 0.237500 0.497500 2837 285 597
456 0.448333 0.500833 4468 538 601
457 0.463333 0.500833 4872 556 601
458 0.491667 0.501667 5009 590 602
459 0.430000 0.503333 3615 516 604
460 0.366667 0.505833 4051 440 607
461 0.090000 0.507500 2053 108 609
462 0.120833 0.507500 4012 145 609
463 0.235833 0.507500 2565 283 609
464 0.539167 0.507500 3205 647 609
465 0.420833 0.509167 3618 505 611
466 0.132500 0.512500 3533 159 615
467 0.240000 0.513333 3307 288 616
468 0.378333 0.513333 3868 454 616
469 0.037500 0.514167 2972 45 617
470 0.172500 0.515833 1574 207 619
471 0.452500 0.515833 4284 543 619
472 0.539167 0.517500 3832 647 621
473 0.115833 0.518333 3569 139 622
474 0.380000 0.520000 3851 456 624
475 0.296667 0.520833 2237 356 625
476 0.200833 0.522500 2595 241 627
477 0.524167 0.525833 3602 629 631
478 0.503333 0.528333 4609 604 634
479 0.286667 0.529167 2568 344 635
480 0.255000 0.530000 3937 306 636
481 0.232500 0.532500 3671 279 639
482 0.264167 0.532500 3366 317 639
483 0.510000 0.534167 4268 612 641
484 0.139167 0.535833 790 167 643
485 0.170000 0.536667 1286 204 644
486 0.495000 0.536667 4376 594 644
487 0.515000 0.536667 3930 618 644
488 0.093333 0.537500 1184 112 645
489 0.192500 0.537500 1515 231 645
490 0.282500 0.537500 2604 339 645
491 0.116667 0.538333 718 140 646
492 0.125000 0.539167 675 150 647
493 0.132500 0.539167 692 159 647
494 0.348333 0.539167 669 418 647
495 0.365833 0.539167 200 439 647
496 0.375833 0.539167 413 451 647
497 0.392500 0.539167 2132 471 647
498 0.402500 0.539167 2627 483 647
499 0.425833 0.539167 2119 511 647
500 0.449167 0.539167 1108 539 647
501 0.470833 0.539167 2509 565 647
502 0.530833 0.539167 4622 637 647
503 0.539167 0.539167 4238 647 647
PromSaddles 502
1 0.020000 0.000833 0 24 1
2 0.022500 0.000000 0 27 0
3 0.025833 0.000833 0 31 1
4 0.046667 0.000833 0 56 1
5 0.120833 0.002500 1312 145 3
6 0.187500 0.028333 0 225 34
7 0.216667 0.000000 2870 260 0
8 0.222500 0.000000 2929 267 0
9 0.229167 0.000000 2841 275 0
10 0.235833 0.000000 2703 283 0
11 0.399167 0.000000 4999 479 0
12 0.402500 0.000000 4970 483 0
13 0.492500 0.000000 5252 591 0
14 0.507500 0.000000 4655 609 0
15 0.437500 0.001667 1564 525 2
16 0.528333 0.002500 5006 634 3
17 0.359167 0.009167 4163 431 11
18 0.389167 0.010000 5091 467 12
19 0.368333 0.011667 5003 442 14
20 0.484167 0.012500 5711 581 15
21 0.308333 0.013333 177 370 16
22 0.340000 0.013333 4934 408 16
23 0.330000 0.015000 3946 396 18
24 0.480833 0.015000 5711 577 18
25 0.098333 0.020833 2808 118 25
26 0.528333 0.020000 5246 634 24
27 0.360833 0.022500 4986 433 27
28 0.379167 0.026667 5059 455 32
29 0.110000 0.031667 2890 132 38
30 0.440000 0.035833 5075 528 43
31 0.108333 0.040833 2952 130 49
32 0.525833 0.038333 4124 631 46
33 0.000000 0.040000 2355 0 48
34 0.354167 0.040000 4127 425 48
35 0.433333 0.040833 5075 520 49
36 0.006667 0.041667 2299 8 50
37 0.000833 0.042500 2345 1 51
38 0.077500 0.044167 2680 93 53
39 0.285000 0.044167 3536 342 53
40 0.327500 0.046667 5006 393 56
41 0.338333 0.047500 5377 406 57
42 0.430833 0.047500 4468 517 57
43 0.257500 0.048333 2700 309 58
44 0.301667 0.050000 3766 362 60
45 0.024167 0.050833 2175 29 61
46 0.101667 0.051667 3143 122 62
47 0.082500 0.051667 2877 99 62
48 0.315000 0.051667 4593 378 62
49 0.358333 0.051667 4619 430 62
50 0.180000 0.052500 797 216 63
51 0.519167 0.052500 4721 623 63
52 0.040833 0.053333 3024 49 64
53 0.307500 0.055833 4337 369 67
54 0.539167 0.069167 5426 647 83
55 0.350833 0.070833 3415 421 85
56 0.198333 0.075000 1443 238 90
57 0.514167 0.076667 5485 617 92
58 0.533333 0.077500 5479 640 93
59 0.131667 0.080833 577 158 97
60 0.002500 0.086667 528 3 104
61 0.233333 0.087500 2975 280 105
62 0.113333 0.092500 180 136 111
63 0.005833 0.097500 853 7 117
64 0.396667 0.097500 4324 476 117
65 0.150833 0.098333 2263 181 118
66 0.000000 0.100833 862 0 121
67 0.397500 0.100833 4304 477 121
68 0.442500 0.104167 5413 531 125
69 0.228333 0.106667 3828 274 128
70 0.240000 0.106667 3940 288 128
71 0.218333 0.107500 3743 262 129
72 0.256667 0.107500 4140 308 129
73 0.246667 0.109167 3343 296 131
74 0.410000 0.111667 4589 492 134
75 0.539167 0.111667 3543 647 134
76 0.194167 0.114167 3326 233 137
77 0.206667 0.114167 3937 248 137
78 0.255833 0.114167 3566 307 137
79 0.050000 0.115833 2089 60 139
80 0.379167 0.115833 1788 455 139
81 0.501667 0.116667 4960 602 140
82 0.447500 0.117500 5232 537 141
83 0.257500 0.118333 3956 309 142
84 0.405833 0.118333 4993 487 142
85 0.180000 0.119167 3474 216 143
86 0.275833 0.120833 3172 331 145
87 0.288333 0.120833 3851 346 145
88 0.251667 0.121667 4058 302 146
89 0.510000 0.121667 5111 612 146
90 0.523333 0.122500 4737 628 147
91 0.347500 0.123333 4133 417 148
92 0.413333 0.124167 4452 496 149
93 0.446667 0.124167 5111 536 149
94 0.019167 0.126667 1440 23 152
95 0.520833 0.127500 4721 625 153
96 0.065833 0.129167 2634 79 155
97 0.316667 0.129167 4078 380 155
98 0.298333 0.130000 3120 358 156
99 0.321667 0.131667 3940 386 158
100 0.415833 0.133333 3753 499 160
101 0.245833 0.133333 3795 295 160
102 0.205833 0.136667 2559 247 164
103 0.258333 0.136667 3546 310 164
104 0.453333 0.136667 4606 544 164
105 0.360000 0.138333 4130 432 166
106 0.400833 0.140833 4796 481 169
107 0.000833 0.141667 2896 1 170
108 0.340000 0.143333 3540 408 172
109 0.303333 0.144167 4117 364 173
110 0.346667 0.145000 4589 416 174
111 0.453333 0.145000 4209 544 174
112 0.367500 0.146667 4668 441 176
113 0.473333 0.147500 4806 568 177
114 0.007500 0.148333 2608 9 178
115 0.250833 0.149167 3681 301 179
116 0.515000 0.150833 3753 618 181
117 0.080833 0.150833 3421 97 181
118 0.346667 0.150833 4589 416 181
119 0.407500 0.152500 5662 489 183
120 0.225000 0.153333 2752 270 184
121 0.319167 0.154167 3293 383 185
122 0.489167 0.153333 4921 587 184
123 0.028333 0.155833 2723 34 187
124 0.401667 0.155833 5255 482 187
125 0.295833 0.158333 4199 355 190
126 0.285000 0.159167 3795 342 191
127 0.408333 0.159167 5419 490 191
128 0.439167 0.159167 4416 527 191
129 0.012500 0.161667 3428 15 194
130 0.300833 0.162500 4097 361 195
131 0.511667 0.162500 4399 614 195
132 0.427500 0.165833 4576 513 199
133 0.436667 0.165833 4471 524 199
134 0.405833 0.167500 5262 487 201
135 0.095833 0.168333 2565 115 202
136 0.119167 0.168333 2818 143 202
137 0.475833 0.169167 5121 571 203
138 0.301667 0.170000 4248 362 204
139 0.389167 0.170000 5039 467 204
140 0.418333 0.170000 4845 502 204
141 0.489167 0.170833 4028 587 205
142 0.452500 0.171667 4832 543 206
143 0.316667 0.175000 3723 380 210
144 0.470833 0.175833 5196 565 211
145 0.531667 0.175833 4914 638 211
146 0.055000 0.176667 2755 66 212
147 0.072500 0.178333 662 87 214
148 0.124167 0.179167 3740 149 215
149 0.230833 0.179167 1259 277 215
150 0.302500 0.181667 4383 363 218
151 0.187500 0.183333 3444 225 220
152 0.486667 0.183333 3395 584 220
153 0.530833 0.185833 5144 637 223
154 0.455000 0.187500 5045 546 225
155 0.517500 0.187500 3766 621 225
156 0.060833 0.188333 2030 73 226
157 0.462500 0.189167 3930 555 227
158 0.033333 0.190833 2437 40 229
159 0.113333 0.190833 3553 136 229
160 0.008333 0.193333 3690 10 232
161 0.136667 0.196667 2946 164 236
162 0.140000 0.197500 3303 168 237
163 0.495833 0.199167 4311 595 239
164 0.445000 0.200000 5259 534 240
165 0.308333 0.201667 3651 370 242
166 0.435000 0.201667 5433 522 242
167 0.505000 0.202500 4534 606 243
168 0.086667 0.203333 1456 104 244
169 0.194167 0.203333 3615 233 244
170 0.175000 0.205000 3809 210 246
171 0.417500 0.205000 4767 501 246
172 0.419167 0.205000 4767 503 246
173 0.097500 0.205833 528 117 247
174 0.149167 0.205833 4101 179 247
175 0.157500 0.207500 4179 189 249
176 0.214167 0.208333 3618 257 250
177 0.439167 0.210000 4940 527 252
178 0.377500 0.210833 3891 453 253
179 0.395833 0.211667 3690 475 254
180 0.463333 0.211667 3736 556 254
181 0.364167 0.213333 3851 437 256
182 0.510833 0.213333 5045 613 256
183 0.020000 0.215000 780 24 258
184 0.538333 0.215000 3871 646 258
185 0.192500 0.217500 2516 231 261
186 0.206667 0.218333 4015 248 262
187 0.357500 0.218333 3828 429 262
188 0.410833 0.219167 4399 493 263
189 0.023333 0.220000 498 28 264
190 0.172500 0.220833 4435 207 265
191 0.242500 0.220833 3615 291 265
192 0.160833 0.223333 4858 193 268
193 0.536667 0.224167 3543 644 269
194 0.091667 0.224167 3054 110 269
195 0.202500 0.226667 4304 243 272
196 0.347500 0.227500 3940 417 273
197 0.205000 0.228333 4304 246 274
198 0.482500 0.232500 4209 579 279
199 0.213333 0.234167 3530 256 281
200 0.462500 0.412500 0 555 495
201 0.505000 0.234167 4796 606 281
202 0.446667 0.235000 3999 536 282
203 0.321667 0.243333 2716 386 292
204 0.124167 0.244167 2559 149 293
205 0.210833 0.248333 4350 253 298
206 0.517500 0.248333 5288 621 298
207 0.102500 0.249167 1309 123 299
208 0.218333 0.250000 5321 262 300
209 0.527500 0.250000 4727 633 300
210 0.085833 0.251667 3730 103 302
211 0.509167 0.252500 5521 611 303
212 0.510833 0.252500 5521 613 303
213 0.050833 0.254167 3868 61 305
214 0.065833 0.255833 2621 79 307
215 0.028333 0.257500 1968 34 309
216 0.043333 0.258333 3546 52 310
217 0.214167 0.257500 3733 257 309
218 0.130833 0.363333 0 157 436
219 0.380000 0.258333 3868 456 310
220 0.092500 0.261667 3595 111 314
221 0.267500 0.261667 4491 321 314
222 0.370000 0.262500 3615 444 315
223 0.523333 0.262500 4563 628 315
224 0.198333 0.263333 3671 238 316
225 0.160000 0.265000 764 192 318
226 0.238333 0.265000 1043 286 318
227 0.000833 0.265833 928 1 319
228 0.536667 0.267500 3015 644 321
229 0.001667 0.267500 1046 2 321
230 0.200833 0.268333 4229 241 322
231 0.209167 0.270000 3828 251 324
232 0.273333 0.270000 4438 328 324
233 0.069167 0.271667 3651 83 326
234 0.245000 0.273333 2936 294 328
235 0.517500 0.273333 4448 621 328
236 0.000000 0.275833 590 0 331
237 0.298333 0.276667 4196 358 332
238 0.367500 0.276667 3622 441 332
239 0.385000 0.276667 4396 462 332
240 0.262500 0.278333 4612 315 334
241 0.460000 0.278333 4701 552 334
242 0.104167 0.280000 2152 125 336
243 0.222500 0.280000 3477 267 336
244 0.398333 0.280833 4399 478 337
245 0.131667 0.281667 3133 158 338
246 0.476667 0.282500 4990 572 339
247 0.112500 0.286667 3602 135 344
248 0.514167 0.286667 4399 617 344
249 0.225000 0.287500 3559 270 345
250 0.315833 0.287500 2493 379 345
251 0.505833 0.287500 4806 607 345
252 0.103333 0.290833 3320 124 349
253 0.445833 0.291667 2063 535 350
254 0.526667 0.291667 4747 632 350
255 0.320833 0.292500 2549 385 351
256 0.475000 0.292500 4560 570 351
257 0.487500 0.292500 5252 585 351
258 0.110000 0.293333 3766 132 352
259 0.119167 0.295000 3123 143 354
260 0.031667 0.299167 853 38 359
261 0.400833 0.295833 3087 481 355
262 0.254167 0.296667 2247 305 356
263 0.301667 0.296667 4461 362 356
264 0.147500 0.297500 3891 177 357
265 0.227500 0.300000 4399 273 360
266 0.499167 0.300000 4255 599 360
267 0.122500 0.300833 2824 147 361
268 0.218333 0.301667 3677 262 362
269 0.326667 0.301667 2565 392 362
270 0.087500 0.302500 3599 105 363
271 0.138333 0.302500 3953 166 363
272 0.130000 0.303333 4150 156 364
273 0.207500 0.303333 3979 249 364
274 0.279167 0.305000 2585 335 366
275 0.302500 0.305000 4458 363 366
276 0.537500 0.307500 4242 645 369
277 0.330833 0.307500 2637 397 369
278 0.487500 0.307500 4954 585 369
279 0.010833 0.308333 925 13 370
280 0.300000 0.310000 4645 360 372
281 0.410833 0.310000 4393 493 372
282 0.474167 0.310000 4750 569 372
283 0.451667 0.311667 2883 542 374
284 0.186667 0.314167 3487 224 377
285 0.248333 0.314167 4442 298 377
286 0.484167 0.314167 4793 581 377
287 0.295000 0.315000 4091 354 378
288 0.463333 0.315000 4435 556 378
289 0.428333 0.315833 4832 514 379
290 0.539167 0.316667 3474 647 380
291 0.030833 0.317500 2267 37 381
292 0.289167 0.318333 4035 347 382
293 0.421667 0.318333 4343 506 382
294 0.301667 0.319167 4137 362 383
295 0.489167 0.319167 4527 587 383
296 0.400833 0.320000 4333 481 384
297 0.310000 0.320833 3966 372 385
298 0.111667 0.321667 3963 134 386
299 0.204167 0.321667 3999 245 386
300 0.338333 0.321667 3366 406 386
301 0.262500 0.324167 3205 315 389
302 0.488333 0.325000 4776 586 390
303 0.006667 0.329167 1505 8 395
304 0.179167 0.329167 3690 215 395
305 0.305833 0.329167 4196 367 395
306 0.465000 0.329167 5170 558 395
307 0.490000 0.330000 5252 588 396
308 0.189167 0.331667 3782 227 398
309 0.035000 0.332500 3520 42 399
310 0.292500 0.333333 4127 351 400
311 0.110000 0.334167 4274 132 401
312 0.391667 0.335000 4104 470 402
313 0.260000 0.335833 3412 312 403
314 0.539167 0.337500 4409 647 405
315 0.450833 0.338333 5032 541 406
316 0.116667 0.339167 3323 140 407
317 0.344167 0.340000 4458 413 408
318 0.290000 0.340833 3871 348 409
319 0.255000 0.341667 3795 306 410
320 0.535000 0.341667 4399 642 410
321 0.354167 0.342500 3727 425 411
322 0.396667 0.345833 4196 476 415
323 0.244167 0.347500 2814 293 417
324 0.452500 0.349167 5318 543 419
325 0.038333 0.351667 1879 46 422
326 0.354167 0.355000 3713 425 426
327 0.237500 0.355833 4806 285 427
328 0.250833 0.360833 4084 301 433
329 0.389167 0.360833 3349 467 433
330 0.037500 0.361667 2844 45 434
331 0.216667 0.362500 3326 260 435
332 0.227500 0.362500 2693 273 435
333 0.195833 0.365000 2962 235 438
334 0.290833 0.365000 3746 349 438
335 0.060833 0.365833 3625 73 439
336 0.000000 0.366667 1384 0 440
337 0.193333 0.367500 2962 232 441
338 0.433333 0.369167 1778 520 443
339 0.458333 0.369167 4101 550 443
340 0.536667 0.370000 3149 644 444
341 0.069167 0.370000 3864 83 444
342 0.147500 0.370000 1266 177 444
343 0.180000 0.372500 2700 216 447
344 0.064167 0.375000 3654 77 450
345 0.000000 0.375833 1207 0 451
346 0.085833 0.376667 2513 103 452
347 0.342500 0.377500 3884 411 453
348 0.214167 0.378333 4032 257 454
349 0.229167 0.378333 4301 275 454
350 0.073333 0.379167 3454 88 455
351 0.404167 0.380833 2926 485 457
352 0.333333 0.382500 3202 400 459
353 0.104167 0.385000 3592 125 462
354 0.537500 0.385000 3395 645 462
355 0.150833 0.385833 3116 181 463
356 0.240833 0.386667 2831 289 464
357 0.523333 0.386667 3959 628 464
358 0.211667 0.387500 3645 254 465
359 0.276667 0.387500 3061 332 465
360 0.002500 0.390833 2339 3 469
361 0.240833 0.390833 3133 289 469
362 0.221667 0.391667 3795 266 470
363 0.355833 0.391667 2296 427 470
364 0.155833 0.392500 2969 187 471
365 0.009167 0.394167 3231 11 473
366 0.095000 0.395000 3622 114 474
367 0.201667 0.394167 3815 242 473
368 0.519167 0.394167 4409 623 473
369 0.056667 0.396667 1230 68 476
370 0.395833 0.396667 3809 475 476
371 0.517500 0.397500 4409 621 477
372 0.148333 0.400000 2903 178 480
373 0.452500 0.400833 1663 543 481
374 0.008333 0.402500 3290 10 483
375 0.036667 0.403333 3316 44 484
376 0.237500 0.405000 3471 285 486
377 0.185833 0.407500 4169 223 489
378 0.494167 0.408333 3963 593 490
379 0.170000 0.410000 4534 204 492
380 0.180000 0.410000 3907 216 492
381 0.328333 0.410000 2690 394 492
382 0.156667 0.410833 3566 188 493
383 0.011667 0.413333 2952 14 496
384 0.165833 0.414167 4511 199 497
385 0.416667 0.415000 1807 500 498
386 0.038333 0.415833 4186 46 499
387 0.249167 0.416667 3602 299 500
388 0.058333 0.419167 4101 70 503
389 0.162500 0.419167 4494 195 503
390 0.000000 0.421667 2844 0 506
391 0.240833 0.421667 3622 289 506
392 0.044167 0.422500 3339 53 507
393 0.255000 0.422500 3480 306 507
394 0.035000 0.424167 3067 42 509
395 0.077500 0.424167 2726 93 509
396 0.060833 0.425833 3631 73 511
397 0.156667 0.426667 4580 188 512
398 0.047500 0.427500 3615 57 513
399 0.355000 0.427500 698 426 513
400 0.000000 0.428333 3254 0 514
401 0.010000 0.430833 2883 12 517
402 0.268333 0.430833 2942 322 517
403 0.060000 0.431667 3175 72 518
404 0.004167 0.435833 2690 5 523
405 0.068333 0.435833 3267 82 523
406 0.160833 0.440833 3973 193 529
407 0.025833 0.441667 2365 31 530
408 0.251667 0.444167 1768 302 533
409 0.118333 0.444167 3061 142 533
410 0.022500 0.446667 2667 27 536
411 0.037500 0.447500 3149 45 537
412 0.126667 0.447500 3759 152 537
413 0.005833 0.449167 1551 7 539
414 0.130000 0.450000 3651 156 540
415 0.143333 0.452500 3700 172 543
416 0.151667 0.453333 4409 182 544
417 0.002500 0.455833 2162 3 547
418 0.047500 0.455833 3120 57 547
419 0.405833 0.456667 652 487 548
420 0.207500 0.456667 1722 249 548
421 0.455000 0.457500 2887 546 549
422 0.500000 0.457500 1650 600 549
423 0.535833 0.458333 3018 643 550
424 0.117500 0.460833 3362 141 553
425 0.278333 0.462500 3484 334 555
426 0.000000 0.463333 2188 0 556
427 0.194167 0.464167 2857 233 557
428 0.050833 0.467500 4242 61 561
429 0.140833 0.467500 3536 169 561
430 0.148333 0.468333 3749 178 562
431 0.285833 0.468333 3536 343 562
432 0.418333 0.468333 2896 502 562
433 0.440000 0.471667 4058 528 566
434 0.000000 0.473333 2290 0 568
435 0.138333 0.473333 3543 166 568
436 0.043333 0.475833 3543 52 571
437 0.266667 0.475833 2201 320 571
438 0.220833 0.477500 2798 265 573
439 0.247500 0.479167 1118 297 575
440 0.304167 0.479167 2168 365 575
441 0.364167 0.481667 2693 437 578
442 0.392500 0.481667 1118 471 578
443 0.113333 0.481667 3290 136 578
444 0.208333 0.482500 3648 250 579
445 0.459167 0.483333 3641 551 580
446 0.043333 0.484167 3228 52 581
447 0.539167 0.484167 328 647 581
448 0.195000 0.486667 1269 234 584
449 0.235000 0.486667 2332 282 584
450 0.479167 0.488333 3920 575 586
451 0.485000 0.490000 4291 582 588
452 0.462500 0.490833 3736 555 589
453 0.365833 0.493333 3031 439 592
454 0.476667 0.493333 3966 572 592
455 0.489167 0.495000 3937 587 594
456 0.176667 0.496667 1253 212 596
457 0.469167 0.496667 3838 563 596
458 0.135833 0.497500 1850 163 597
459 0.031667 0.498333 1581 38 598
460 0.497500 0.498333 4370 597 598
461 0.455000 0.500833 4360 546 601
462 0.432500 0.501667 3461 519 602
463 0.283333 0.503333 1118 340 604
464 0.235000 0.504167 2401 282 605
465 0.426667 0.505000 3418 512 606
466 0.093333 0.505833 1768 112 607
467 0.130833 0.510000 3408 157 612
468 0.237500 0.510000 2414 285 612
469 0.455000 0.510833 3959 546 613
470 0.539167 0.510833 3087 647 613
471 0.373333 0.512500 2923 448 615
472 0.117500 0.513333 3418 141 616
473 0.501667 0.514167 3231 602 617
474 0.379167 0.516667 3628 455 620
475 0.291667 0.523333 2109 350 628
476 0.205833 0.523333 2342 247 628
477 0.236667 0.523333 2447 284 628
478 0.539167 0.525000 2473 647 630
479 0.525833 0.528333 3421 631 634
480 0.242500 0.529167 2946 291 635
481 0.262500 0.530833 3225 315 637
482 0.507500 0.530833 3999 609 637
483 0.195000 0.531667 1266 234 638
484 0.496667 0.531667 3763 596 638
485 0.285000 0.532500 2414 342 639
486 0.101667 0.533333 380 122 640
487 0.133333 0.535833 587 160 643
488 0.180000 0.533333 1017 216 640
489 0.136667 0.534167 662 164 641
490 0.513333 0.535833 3861 616 643
491 0.523333 0.535000 2746 628 642
492 0.122500 0.537500 600 147 645
493 0.442500 0.537500 987 531 645
494 0.448333 0.537500 1053 538 645
495 0.129167 0.539167 593 155 647
496 0.361667 0.539167 164 434 647
497 0.366667 0.539167 196 440 647
498 0.377500 0.539167 390 453 647
499 0.393333 0.539167 2129 472 647
500 0.416667 0.539167 1305 500 647
501 0.472500 0.539167 2467 567 647
502 0.535833 0.539167 3756 643 647
BasinSaddles 0
Runoffs 115
1 0.000000 0.000000 0 0 0
2 0.008333 0.000000 3 10 0
3 0.012500 0.000000 288 15 0
4 0.020000 0.000000 236 24 0
5 0.028333 0.000000 364 34 0
6 0.075000 0.000000 1879 90 0
7 0.083333 0.000000 2142 100 0
8 0.091667 0.000000 1870 110 0
9 0.112500 0.000000 1502 135 0
10 0.127500 0.000000 1387 153 0
11 0.215000 0.000000 2887 258 0
12 0.220000 0.000000 2949 264 0
13 0.225000 0.000000 2952 270 0
14 0.230000 0.000000 2844 276 0
15 0.236667 0.000000 2713 284 0
16 0.290833 0.000000 3152 349 0
17 0.354167 0.000000 5052 425 0
18 0.370833 0.000000 3677 445 0
19 0.390000 0.000000 5846 468 0
20 0.400833 0.000000 5006 481 0
21 0.410000 0.000000 5971 492 0
22 0.450833 0.000000 2047 541 0
23 0.490833 0.000000 5314 589 0
24 0.498333 0.000000 5541 598 0
25 0.520833 0.000000 5052 625 0
26 0.539167 0.000000 4491 647 0
27 0.539167 0.009167 5469 647 11
28 0.539167 0.065833 5436 647 79
29 0.539167 0.085833 6118 647 103
30 0.539167 0.128333 5170 647 154
31 0.539167 0.145833 3749 647 175
32 0.539167 0.155833 4862 647 187
33 0.539167 0.190833 5324 647 229
34 0.539167 0.215000 3874 647 258
35 0.539167 0.219167 3743 647 263
36 0.539167 0.236667 3927 647 284
37 0.539167 0.245833 4219 647 295
38 0.539167 0.258333 3356 647 310
39 0.539167 0.276667 3293 647 332
40 0.539167 0.283333 2910 647 340
41 0.539167 0.289167 3005 647 347
42 0.539167 0.301667 4527 647 362
43 0.539167 0.335000 4412 647 402
44 0.539167 0.338333 4409 647 406
45 0.539167 0.347500 4924 647 417
46 0.539167 0.362500 3769 647 435
47 0.539167 0.375000 3297 647 450
48 0.539167 0.388333 3448 647 466
49 0.539167 0.400833 2647 647 481
50 0.539167 0.448333 4097 647 538
51 0.539167 0.507500 3205 647 609
52 0.539167 0.517500 3832 647 621
53 0.539167 0.539167 4238 647 647
54 0.000000 0.025000 1482 0 30
55 0.000000 0.038333 2388 0 46
56 0.000000 0.041667 2365 0 50
57 0.000000 0.075833 1095 0 91
58 0.000000 0.096667 1184 0 116
59 0.000000 0.101667 866 0 122
60 0.000000 0.137500 3339 0 165
61 0.000000 0.156667 2565 0 188
62 0.000000 0.167500 2867 0 201
63 0.000000 0.175000 2680 0 210
64 0.000000 0.184167 2198 0 221
65 0.000000 0.188333 2030 0 226
66 0.000000 0.201667 1676 0 242
67 0.000000 0.212500 2355 0 255
68 0.000000 0.250833 1525 0 301
69 0.000000 0.265000 971 0 318
70 0.000000 0.268333 1171 0 322
71 0.000000 0.285833 1013 0 343
72 0.000000 0.325833 1171 0 391
73 0.000000 0.363333 1591 0 436
74 0.000000 0.369167 1427 0 443
75 0.000000 0.384167 2522 0 461
76 0.000000 0.394167 1489 0 473
77 0.000000 0.398333 1453 0 478
78 0.000000 0.401667 1545 0 482
79 0.000000 0.405833 1496 0 487
80 0.000000 0.418333 3041 0 502
81 0.000000 0.427500 3261 0 513
82 0.000000 0.429167 3274 0 515
83 0.000000 0.446667 1614 0 536
84 0.000000 0.459167 2516 0 551
85 0.000000 0.467500 2454 0 561
86 0.000000 0.476667 2772 0 572
87 0.000000 0.539167 0 0 647
88 0.095000 0.539167 1043 114 647
89 0.113333 0.539167 656 136 647
90 0.117500 0.539167 629 141 647
91 0.125000 0.539167 675 150 647
92 0.132500 0.539167 692 159 647
93 0.168333 0.539167 839 202 647
94 0.172500 0.539167 974 207 647
95 0.177500 0.539167 980 213 647
96 0.183333 0.539167 866 220 647
97 0.193333 0.539167 1384 232 647
98 0.232500 0.539167 2598 279 647
99 0.242500 0.539167 2188 291 647
100 0.251667 0.539167 3038 302 647
101 0.262500 0.539167 2880 315 647
102 0.282500 0.539167 2549 339 647
103 0.293333 0.539167 1811 352 647
104 0.348333 0.539167 669 418 647
105 0.365833 0.539167 200 439 647
106 0.375833 0.539167 413 451 647
107 0.392500 0.539167 2132 471 647
108 0.403333 0.539167 2627 484 647
109 0.426667 0.539167 2119 512 647
110 0.449167 0.539167 1108 539 647
111 0.470833 0.539167 2509 565 647
112 0.486667 0.539167 3264 584 647
113 0.495000 0.539167 4340 594 647
114 0.515833 0.539167 3877 619 647
115 0.530833 0.539167 4622 637 647
Edges 502
1 4 1
2 4 2
3 4 3
4 26 4
5 29 5
6 7 7
7 49 6
8 7 8
9 8 9
10 9 10
11 23 21
12 13 11
13 17 12
14 15 14
15 18 16
16 24 17
17 28 15
18 25 26
19 24 19
20 14 13
21 27 22
22 20 20
23 21 23
24 12 18
25 44 32
26 29 25
27 24 27
28 22 24
29 32 29
30 24 28
31 51 45
32 49 31
33 53 38
34 37 33
35 28 30
36 35 35
37 38 37
38 31 36
39 43 40
40 41 43
41 42 39
42 52 44
43 45 41
44 55 51
45 27 34
46 45 49
47 36 42
48 49 46
49 54 50
50 39 48
51 53 52
52 50 53
53 48 47
54 77 56
55 62 54
56 45 55
57 59 57
58 65 60
59 62 58
60 73 61
61 49 59
62 95 75
63 67 64
64 49 62
65 80 63
66 76 72
67 82 67
68 77 65
69 75 68
70 65 66
71 73 69
72 76 73
73 72 70
74 82 74
75 88 82
76 87 78
77 81 76
78 71 71
79 92 81
80 86 79
81 78 77
82 89 84
83 101 91
84 98 87
85 99 95
86 104 96
87 91 83
88 97 93
89 94 92
90 77 85
91 84 86
92 85 89
93 102 99
94 114 100
95 85 90
96 87 88
97 107 104
98 100 98
99 126 116
100 93 97
101 67 80
102 101 108
103 80 94
104 122 117
105 96 101
106 114 106
107 115 111
108 101 105
109 81 102
110 129 113
111 129 122
112 103 107
113 91 103
114 119 119
115 136 128
116 101 110
117 113 115
118 108 112
119 130 127
120 105 120
121 112 114
122 132 135
123 100 109
124 123 125
125 102 121
126 141 131
127 124 126
128 119 124
129 139 137
130 135 132
131 116 118
132 140 136
133 137 123
134 123 130
135 136 133
136 151 142
137 121 129
138 130 134
139 166 152
140 154 148
141 129 141
142 134 138
143 128 139
144 149 145
145 170 151
146 133 146
147 130 140
148 139 144
149 162 155
150 122 147
151 161 154
152 142 143
153 142 150
154 159 161
155 149 153
156 154 159
157 137 158
158 146 156
159 172 162
160 137 160
161 148 157
162 177 167
163 183 168
164 170 169
165 168 166
166 162 163
167 117 149
168 161 164
169 187 175
170 189 185
171 165 172
172 169 174
173 171 171
174 178 178
175 153 165
176 180 187
177 181 182
178 173 179
179 181 184
180 174 181
181 209 193
182 160 183
183 156 173
184 167 176
185 206 191
186 148 180
187 170 170
188 187 190
189 184 186
190 168 177
191 182 189
192 187 192
193 189 195
194 173 188
195 193 197
196 203 201
197 196 198
198 201 203
199 219 207
200 183 194
201 176 196
202 190 202
203 209 206
204 199 204
205 210 205
206 195 199
207 209 209
208 219 214
209 225 223
210 206 208
211 203 212
212 221 224
213 233 219
214 211 211
215 216 216
216 208 213
217 228 221
218 233 222
219 200 210
220 215 215
221 210 217
222 232 226
223 224 227
224 220 229
225 240 235
226 219 220
227 221 230
228 241 240
229 228 232
230 212 225
231 245 237
232 221 231
233 246 239
234 239 241
235 219 233
236 225 228
237 246 244
238 242 245
239 249 246
240 259 251
241 222 234
242 250 247
243 232 243
244 233 238
245 263 263
246 416 200
247 224 236
248 263 250
249 258 257
250 226 242
251 240 248
252 251 254
253 249 256
254 243 249
255 250 252
256 265 271
257 250 258
258 278 278
259 258 266
260 242 259
261 263 255
262 256 264
263 270 275
264 271 268
265 287 272
266 261 269
267 246 261
268 285 289
269 268 253
270 277 280
271 254 265
272 302 279
273 264 273
274 300 288
275 255 270
276 241 262
277 288 287
278 279 286
279 274 282
280 235 260
281 282 274
282 291 301
283 267 281
284 293 297
285 283 293
286 266 277
287 260 267
288 281 292
289 252 276
290 273 284
291 276 285
292 278 295
293 277 294
294 273 299
295 302 303
296 292 302
297 300 306
298 283 296
299 287 298
300 269 283
301 302 309
302 280 291
303 290 304
304 290 308
305 288 310
306 299 311
307 286 300
308 296 307
309 289 290
310 309 314
311 293 305
312 315 319
313 306 316
314 298 312
315 291 313
316 300 315
317 309 320
318 314 322
319 305 318
320 307 317
321 307 321
322 316 324
323 312 323
324 323 327
325 302 325
326 347 331
327 334 336
328 325 330
329 326 333
330 314 329
331 322 338
332 349 342
333 329 337
334 350 345
335 340 341
336 321 326
337 322 339
338 324 328
339 319 334
340 325 335
341 333 343
342 347 348
343 340 344
344 347 349
345 336 347
346 317 340
347 323 332
348 335 346
349 356 355
350 369 360
351 348 353
352 345 352
353 335 350
354 347 356
355 346 354
356 374 364
357 330 351
358 346 357
359 369 365
360 347 358
361 338 359
362 360 367
363 358 368
364 374 372
365 354 361
366 357 370
367 347 362
368 348 366
369 372 374
370 378 375
371 336 363
372 385 383
373 363 371
374 384 382
375 380 380
376 322 373
377 373 378
378 353 369
379 375 379
380 362 377
381 365 376
382 352 381
383 262 218
384 379 384
385 403 401
386 392 388
387 381 387
388 397 390
389 378 386
390 366 385
391 404 395
392 394 398
393 396 397
394 389 392
395 392 396
396 384 389
397 399 400
398 387 393
399 417 413
400 371 399
401 398 402
402 381 391
403 399 404
404 406 405
405 389 394
406 392 403
407 418 409
408 405 407
409 418 412
410 424 423
411 396 406
412 405 411
413 411 415
414 434 421
415 427 419
416 424 422
417 408 410
418 413 414
419 411 416
420 417 417
421 437 420
422 402 408
423 422 425
424 464 447
425 412 418
426 420 426
427 468 442
428 425 428
429 419 429
430 418 424
431 419 430
432 427 432
433 423 431
434 432 433
435 429 435
436 421 427
437 440 438
438 428 436
439 422 437
440 455 449
441 452 441
442 426 434
443 433 440
444 430 443
445 437 444
446 438 446
447 445 448
448 434 445
449 451 450
450 449 451
451 453 454
452 460 453
453 457 457
454 458 460
455 422 439
456 457 461
457 448 452
458 450 455
459 456 462
460 468 471
461 444 466
462 430 458
463 455 464
464 472 470
465 459 465
466 462 467
467 463 468
468 474 474
469 446 459
470 436 456
471 457 469
472 503 478
473 462 472
475 479 475
476 440 476
477 502 479
478 458 473
479 433 463
480 481 480
481 467 477
482 480 481
483 478 482
484 466 489
485 476 488
486 478 484
487 483 490
488 473 486
489 476 483
490 479 485
491 492 492
492 493 495
493 484 487
494 495 496
495 496 497
496 497 498
497 498 499
498 499 500
499 471 493
500 471 494
501 486 501
502 487 491
503 502 502
RunoffEdges 115
1 0
1 1
2 2
3 3
4 4
26 5
26 6
26 7
29 8
5 9
6 10
7 11
8 12
9 13
10 14
11 15
16 16
19 17
12 18
13 19
17 20
28 21
20 22
14 23
15 24
18 25
18 26
55 27
62 28
95 29
95 30
126 31
155 32
179 33
181 34
209 35
207 36
225 37
236 38
252 39
252 40
252 41
309 42
310 43
317 44
317 45
346 46
355 47
358 48
410 49
464 50
472 51
503 52
31 53
34 54
37 55
58 56
65 57
70 58
103 59
121 60
137 61
137 62
137 63
137 64
160 65
160 66
220 67
223 68
224 69
247 70
295 71
327 72
334 73
350 74
369 75
369 76
369 77
369 78
388 79
397 80
399 81
399 82
420 83
426 84
442 85
383 86
488 87
491 88
491 89
492 90
493 91
485 92
485 93
485 94
489 95
489 96
481 97
481 98
480 99
482 100
490 101
479 102
494 103
495 104
496 105
497 106
498 107
499 108
500 109
501 110
486 111
486 112
487 113
502 114
