Peaks 451
1 0.050000 0.000000 3451 60 0
2 0.064167 0.000000 3346 77 0
3 0.077500 0.000000 3576 93 0
4 0.087500 0.000000 3054 105 0
5 0.095000 0.000000 3093 114 0
6 0.215833 0.000000 1922 259 0
7 0.258333 0.000000 2814 310 0
8 0.305000 0.000000 784 366 0
9 0.335833 0.000000 265 403 0
10 0.354167 0.000000 459 425 0
11 0.435833 0.000000 2627 523 0
12 0.486667 0.000000 3297 584 0
13 0.490833 0.000000 3149 589 0
14 0.470833 0.002500 3795 565 3
15 0.501667 0.002500 3336 602 3
16 0.036667 0.004167 5875 44 5
17 0.321667 0.004167 879 386 5
18 0.018333 0.005000 5659 22 6
19 0.021667 0.009167 5892 26 11
20 0.330833 0.009167 479 397 11
21 0.039167 0.010000 5587 47 12
22 0.234167 0.010000 4904 281 12
23 0.240833 0.010000 5137 289 12
24 0.383333 0.010833 695 460 13
25 0.352500 0.012500 702 423 15
26 0.190000 0.013333 3641 228 16
27 0.278333 0.013333 2956 334 16
28 0.398333 0.019167 1532 478 23
29 0.227500 0.020833 4648 273 25
30 0.249167 0.020833 4803 299 25
31 0.435000 0.020833 2103 522 25
32 0.316667 0.023333 961 380 28
33 0.011667 0.024167 5013 14 29
34 0.372500 0.024167 816 447 29
35 0.000833 0.025833 4071 1 31
36 0.407500 0.026667 1643 489 32
37 0.509167 0.026667 3487 611 32
38 0.006667 0.029167 4278 8 35
39 0.014167 0.029167 5301 17 35
40 0.352500 0.029167 836 423 35
41 0.539167 0.030000 4350 647 36
42 0.539167 0.031667 4320 647 38
43 0.021667 0.032500 5479 26 39
44 0.033333 0.033333 5183 40 40
45 0.209167 0.033333 3556 251 40
46 0.539167 0.034167 4291 647 41
47 0.268333 0.036667 2122 322 44
48 0.357500 0.037500 803 429 45
49 0.102500 0.038333 3845 123 46
50 0.535833 0.038333 4265 643 46
51 0.312500 0.040000 495 375 48
52 0.525833 0.040000 4206 631 48
53 0.409167 0.040833 1269 491 49
54 0.300000 0.041667 390 360 50
55 0.308333 0.041667 442 370 50
56 0.331667 0.043333 587 398 52
57 0.399167 0.043333 1354 479 52
58 0.422500 0.043333 1269 507 52
59 0.539167 0.044167 3966 647 53
60 0.357500 0.045000 741 429 54
61 0.007500 0.045833 4396 9 55
62 0.385833 0.045833 1210 463 55
63 0.100833 0.047500 3953 121 57
64 0.294167 0.047500 275 353 57
65 0.490833 0.047500 1400 589 57
66 0.276667 0.050000 912 332 60
67 0.348333 0.052500 662 418 63
68 0.539167 0.052500 3500 647 63
69 0.450833 0.053333 1604 541 64
70 0.429167 0.055000 1473 515 66
71 0.020000 0.055833 4967 24 67
72 0.090000 0.055833 5006 108 67
73 0.405833 0.055833 1538 487 67
74 0.308333 0.056667 846 370 68
75 0.381667 0.056667 833 458 68
76 0.078333 0.057500 4990 94 69
77 0.360833 0.062500 456 433 75
78 0.422500 0.062500 1223 507 75
79 0.477500 0.062500 1571 573 75
80 0.432500 0.063333 1430 519 76
81 0.299167 0.064167 872 359 77
82 0.245000 0.065000 1049 294 78
83 0.448333 0.066667 1177 538 80
84 0.185000 0.067500 1263 222 81
85 0.231667 0.067500 1240 278 81
86 0.267500 0.068333 1512 321 82
87 0.381667 0.070833 977 458 85
88 0.399167 0.072500 872 479 87
89 0.000000 0.073333 2519 0 88
90 0.424167 0.074167 1046 509 89
91 0.083333 0.075833 4314 100 91
92 0.021667 0.076667 4885 26 92
93 0.420000 0.076667 1194 504 92
94 0.296667 0.078333 761 356 94
95 0.242500 0.079167 1295 291 95
96 0.072500 0.080833 5360 87 97
97 0.203333 0.080833 1286 244 97
98 0.443333 0.081667 738 532 98
99 0.000000 0.082500 3835 0 99
100 0.423333 0.082500 1089 508 99
101 0.295000 0.083333 738 354 100
102 0.262500 0.084167 1499 315 101
103 0.331667 0.085000 426 398 102
104 0.345833 0.085000 912 415 102
105 0.401667 0.085000 741 482 102
106 0.412500 0.085000 731 495 102
107 0.000000 0.087500 4481 0 105
108 0.381667 0.088333 688 458 106
109 0.441667 0.089167 816 530 107
110 0.319167 0.090000 616 383 108
111 0.016667 0.091667 5059 20 110
112 0.409167 0.091667 652 491 110
113 0.215000 0.092500 902 258 111
114 0.294167 0.095000 967 353 114
115 0.434167 0.096667 705 521 116
116 0.020833 0.100833 5239 25 121
117 0.396667 0.100833 600 476 121
118 0.339167 0.101667 636 407 122
119 0.330833 0.103333 646 397 124
120 0.405000 0.107500 810 486 129
121 0.139167 0.108333 4993 167 130
122 0.390000 0.108333 1043 468 130
123 0.238333 0.109167 1624 286 131
124 0.036667 0.111667 4662 44 134
125 0.380833 0.111667 1354 457 134
126 0.395000 0.111667 1003 474 134
127 0.410000 0.111667 741 492 134
128 0.358333 0.112500 439 430 135
129 0.389167 0.112500 1131 467 135
130 0.335833 0.113333 603 403 136
131 0.125000 0.114167 4396 150 137
132 0.372500 0.114167 1361 447 137
133 0.179167 0.117500 652 215 141
134 0.214167 0.119167 1492 257 143
135 0.435833 0.125833 974 523 151
136 0.449167 0.127500 875 539 153
137 0.009167 0.128333 4980 11 154
138 0.228333 0.128333 1666 274 154
139 0.476667 0.128333 813 572 154
140 0.501667 0.129167 662 602 155
141 0.093333 0.130000 5305 112 156
142 0.392500 0.132500 390 471 159
143 0.212500 0.136667 1338 255 164
144 0.315833 0.137500 4875 379 165
145 0.300833 0.140833 7893 361 169
146 0.435000 0.140833 954 522 169
147 0.187500 0.141667 2726 225 170
148 0.489167 0.141667 1102 587 170
149 0.026667 0.145000 6778 32 174
150 0.482500 0.147500 1259 579 177
151 0.465000 0.148333 1263 558 178
152 0.503333 0.148333 1302 604 178
153 0.004167 0.150000 6230 5 180
154 0.296667 0.151667 8477 356 182
155 0.095000 0.154167 6722 114 185
156 0.520000 0.155833 1213 624 187
157 0.023333 0.156667 6742 28 188
158 0.031667 0.158333 6702 38 190
159 0.462500 0.158333 1122 555 190
160 0.019167 0.159167 6453 23 191
161 0.358333 0.159167 7208 430 191
162 0.365000 0.160000 6256 438 192
163 0.474167 0.160833 1233 569 193
164 0.000000 0.161667 6627 0 194
165 0.306667 0.162500 9150 368 195
166 0.533333 0.162500 931 640 195
167 0.495000 0.163333 980 594 196
168 0.353333 0.165000 7139 424 198
169 0.000000 0.165833 6236 0 199
170 0.016667 0.165833 6686 20 199
171 0.168333 0.165833 2506 202 199
172 0.502500 0.165833 1351 603 199
173 0.317500 0.166667 6482 381 200
174 0.385833 0.166667 5951 463 200
175 0.164167 0.167500 2460 197 201
176 0.235000 0.167500 1328 282 201
177 0.539167 0.167500 1151 647 201
178 0.279167 0.170000 5918 335 204
179 0.526667 0.170833 1023 632 205
180 0.273333 0.171667 6397 328 206
181 0.500000 0.171667 1233 600 206
182 0.298333 0.172500 8303 358 207
183 0.354167 0.172500 6030 425 207
184 0.162500 0.175833 2293 195 211
185 0.539167 0.176667 1167 647 212
186 0.172500 0.177500 1564 207 213
187 0.350833 0.178333 5987 421 214
188 0.539167 0.180833 1141 647 217
189 0.015000 0.183333 6092 18 220
190 0.465000 0.183333 1118 558 220
191 0.262500 0.184167 5882 315 221
192 0.351667 0.185833 6164 422 223
193 0.036667 0.186667 6115 44 224
194 0.260833 0.188333 5997 313 226
195 0.380000 0.188333 8513 456 226
196 0.294167 0.189167 6240 353 227
197 0.389167 0.189167 8618 467 227
198 0.506667 0.193333 643 608 232
199 0.290000 0.196667 6938 348 236
200 0.535833 0.200000 1276 643 240
201 0.314167 0.202500 5357 377 243
202 0.367500 0.202500 7713 441 243
203 0.370000 0.203333 7913 444 244
204 0.262500 0.205000 6315 315 246
205 0.291667 0.205000 5505 350 246
206 0.352500 0.205000 8635 423 246
207 0.373333 0.208333 8110 448 250
208 0.260000 0.210000 6476 312 252
209 0.312500 0.210000 6922 375 252
210 0.300000 0.210833 6309 360 253
211 0.537500 0.210833 1085 645 253
212 0.308333 0.211667 6906 370 254
213 0.330000 0.211667 6584 396 254
214 0.374167 0.211667 7431 449 254
215 0.375000 0.213333 7286 450 256
216 0.149167 0.215000 5534 179 258
217 0.336667 0.215833 7211 404 259
218 0.350833 0.215833 7998 421 259
219 0.375833 0.216667 7168 451 260
220 0.539167 0.217500 931 647 261
221 0.378333 0.220833 7217 454 265
222 0.532500 0.220833 931 639 265
223 0.000000 0.222500 4642 0 267
224 0.165833 0.222500 4849 199 267
225 0.248333 0.223333 4025 298 268
226 0.129167 0.225000 6122 155 270
227 0.510833 0.225000 849 613 270
228 0.424167 0.226667 4835 509 272
229 0.438333 0.227500 4294 526 273
230 0.086667 0.228333 5124 104 274
231 0.356667 0.230000 6033 428 276
232 0.539167 0.233333 898 647 280
233 0.129167 0.234167 5708 155 281
234 0.246667 0.240833 5541 296 289
235 0.250000 0.241667 5662 300 290
236 0.403333 0.243333 4980 484 292
237 0.475833 0.243333 843 571 292
238 0.148333 0.245000 4717 178 294
239 0.366667 0.245000 5374 440 294
240 0.156667 0.245833 4547 188 295
241 0.158333 0.247500 4524 190 297
242 0.245000 0.248333 5538 294 298
243 0.533333 0.249167 1489 640 299
244 0.497500 0.250833 1653 597 301
245 0.282500 0.251667 5104 339 302
246 0.102500 0.252500 5918 123 303
247 0.274167 0.254167 5475 329 305
248 0.140833 0.255000 5780 169 306
249 0.374167 0.256667 4983 449 308
250 0.099167 0.257500 5810 119 309
251 0.249167 0.257500 5561 299 309
252 0.527500 0.259167 1725 633 311
253 0.389167 0.260000 5469 467 312
254 0.155833 0.260833 5265 187 313
255 0.396667 0.262500 5403 476 315
256 0.475000 0.262500 1184 570 315
257 0.073333 0.263333 5528 88 316
258 0.217500 0.263333 5157 261 316
259 0.380000 0.264167 4990 456 317
260 0.135833 0.265000 6033 163 318
261 0.252500 0.268333 6141 303 322
262 0.283333 0.268333 4908 340 322
263 0.329167 0.268333 1929 395 322
264 0.269167 0.269167 6158 323 323
265 0.292500 0.271667 4783 351 326
266 0.530833 0.271667 1660 637 326
267 0.259167 0.273333 5695 311 328
268 0.140833 0.274167 5797 169 329
269 0.455000 0.279167 1377 546 335
270 0.539167 0.282500 971 647 339
271 0.213333 0.283333 5127 256 340
272 0.205833 0.285000 5170 247 342
273 0.246667 0.285833 4639 296 343
274 0.090000 0.289167 6722 108 347
275 0.105833 0.290000 6469 127 348
276 0.097500 0.290833 6548 117 349
277 0.012500 0.292500 6184 15 351
278 0.201667 0.294167 5357 242 353
279 0.539167 0.297500 885 647 357
280 0.261667 0.301667 4616 314 362
281 0.071667 0.305000 7099 86 366
282 0.256667 0.305000 4652 308 366
283 0.316667 0.305833 1499 380 367
284 0.025000 0.307500 6998 30 369
285 0.190833 0.308333 5387 229 370
286 0.495000 0.309167 3274 594 371
287 0.317500 0.310833 1604 381 373
288 0.212500 0.312500 5298 255 375
289 0.033333 0.315000 7080 40 378
290 0.005000 0.315833 5866 6 379
291 0.365833 0.316667 1167 439 380
292 0.110000 0.319167 6548 132 383
293 0.316667 0.319167 1246 380 383
294 0.190000 0.320000 5908 228 384
295 0.245000 0.321667 5288 294 386
296 0.268333 0.323333 6138 322 388
297 0.032500 0.324167 6827 39 389
298 0.496667 0.328333 1788 596 394
299 0.073333 0.330000 7329 88 396
300 0.479167 0.330833 2050 575 397
301 0.263333 0.331667 6069 316 398
302 0.462500 0.333333 2086 555 400
303 0.539167 0.333333 1735 647 400
304 0.195833 0.336667 6423 235 404
305 0.205833 0.338333 6545 247 406
306 0.240000 0.341667 6893 288 410
307 0.020833 0.344167 6597 25 413
308 0.027500 0.344167 6604 33 413
309 0.208333 0.344167 5912 250 413
310 0.224167 0.344167 6253 269 413
311 0.080833 0.346667 7375 97 416
312 0.022500 0.348333 6584 27 418
313 0.245833 0.350000 6978 295 420
314 0.334167 0.355000 5131 401 426
315 0.086667 0.356667 7752 104 428
316 0.019167 0.357500 6722 23 429
317 0.492500 0.357500 3992 591 429
318 0.078333 0.360000 7650 94 432
319 0.392500 0.360000 5134 471 432
320 0.188333 0.360833 4655 226 433
321 0.460833 0.360833 4176 553 433
322 0.138333 0.361667 6587 166 434
323 0.360833 0.364167 3861 433 437
324 0.444167 0.368333 4511 533 442
325 0.014167 0.370833 5997 17 445
326 0.510000 0.370833 4140 612 445
327 0.322500 0.372500 5659 387 447
328 0.056667 0.375833 6000 68 451
329 0.399167 0.379167 4826 479 455
330 0.462500 0.379167 3920 555 455
331 0.436667 0.381667 4212 524 458
332 0.118333 0.385833 7621 142 463
333 0.125833 0.385833 7847 151 463
334 0.302500 0.386667 5003 363 464
335 0.189167 0.387500 6499 227 465
336 0.049167 0.390833 5557 59 469
337 0.270833 0.390833 2073 325 469
338 0.333333 0.391667 5554 400 470
339 0.126667 0.393333 7942 152 472
340 0.306667 0.394167 4773 368 473
341 0.451667 0.395833 3510 542 475
342 0.089167 0.396667 6315 107 476
343 0.308333 0.396667 4868 370 476
344 0.512500 0.397500 3697 615 477
345 0.364167 0.398333 4757 437 478
346 0.080833 0.401667 6135 97 482
347 0.254167 0.402500 4422 305 483
348 0.506667 0.402500 3690 608 483
349 0.115833 0.403333 6925 139 484
350 0.199167 0.405000 5974 239 486
351 0.260833 0.405000 4419 313 486
352 0.532500 0.406667 2726 639 488
353 0.098333 0.410000 6289 118 492
354 0.107500 0.410000 6742 129 492
355 0.496667 0.412500 3375 596 495
356 0.468333 0.413333 3933 562 496
357 0.000000 0.415000 5082 0 498
358 0.183333 0.415000 6912 220 498
359 0.319167 0.415833 3602 383 499
360 0.189167 0.419167 7309 227 503
361 0.244167 0.419167 7089 293 503
362 0.381667 0.419167 4655 458 503
363 0.130833 0.420000 6732 157 504
364 0.395000 0.420833 4891 474 505
365 0.539167 0.423333 2073 647 508
366 0.503333 0.427500 3353 604 513
367 0.110000 0.428333 6824 132 514
368 0.127500 0.429167 7335 153 515
369 0.000000 0.430000 4596 0 516
370 0.105000 0.431667 6794 126 518
371 0.115000 0.432500 7401 138 519
372 0.092500 0.435833 5764 111 523
373 0.124167 0.435833 7696 149 523
374 0.182500 0.435833 6876 219 523
375 0.248333 0.437500 7929 298 525
376 0.327500 0.437500 1020 393 525
377 0.147500 0.439167 6131 177 527
378 0.269167 0.440833 5705 323 529
379 0.095833 0.442500 6085 115 531
380 0.432500 0.443333 4537 519 532
381 0.401667 0.445833 4888 482 535
382 0.282500 0.446667 4009 339 536
383 0.417500 0.448333 5085 501 538
384 0.539167 0.448333 3615 647 538
385 0.158333 0.450833 6181 190 541
386 0.539167 0.455000 4314 647 546
387 0.405833 0.457500 4973 487 549
388 0.413333 0.458333 4999 496 550
389 0.258333 0.460000 8126 310 552
390 0.539167 0.460000 4248 647 552
391 0.084167 0.460833 6033 101 553
392 0.317500 0.462500 3533 381 555
393 0.539167 0.463333 4412 647 556
394 0.438333 0.464167 5282 526 557
395 0.125833 0.465000 4229 151 558
396 0.425833 0.465833 4826 511 559
397 0.088333 0.468333 5367 106 562
398 0.336667 0.470833 2565 404 565
399 0.260833 0.474167 8179 313 569
400 0.189167 0.478333 6643 227 574
401 0.366667 0.478333 885 440 574
402 0.322500 0.480000 2329 387 576
403 0.040833 0.486667 639 49 584
404 0.006667 0.488333 1863 8 586
405 0.536667 0.488333 5098 644 586
406 0.433333 0.490000 4596 520 588
407 0.000000 0.492500 1679 0 591
408 0.033333 0.494167 626 40 593
409 0.270833 0.494167 9074 325 593
410 0.336667 0.496667 3264 404 596
411 0.531667 0.498333 4727 638 598
412 0.209167 0.499167 7480 251 599
413 0.146667 0.502500 4875 176 603
414 0.454167 0.503333 4865 545 604
415 0.538333 0.503333 4596 646 604
416 0.116667 0.505000 4557 140 606
417 0.275000 0.509167 8841 330 611
418 0.460000 0.509167 4675 552 611
419 0.149167 0.512500 7969 179 615
420 0.323333 0.513333 4921 388 616
421 0.340000 0.514167 4822 408 617
422 0.071667 0.515833 3779 86 619
423 0.483333 0.516667 4146 580 620
424 0.139167 0.517500 5774 167 621
425 0.163333 0.517500 7687 196 621
426 0.465833 0.518333 4560 559 622
427 0.310833 0.520000 4849 373 624
428 0.280833 0.523333 8330 337 628
429 0.317500 0.523333 5141 381 628
430 0.259167 0.524167 8523 311 629
431 0.290833 0.524167 6502 349 629
432 0.335000 0.528333 5839 402 634
433 0.326667 0.529167 5331 392 635
434 0.138333 0.531667 8349 166 638
435 0.335000 0.531667 5898 402 638
436 0.112500 0.532500 7053 135 639
437 0.539167 0.532500 3408 647 639
438 0.043333 0.534167 3904 52 641
439 0.281667 0.534167 7526 338 641
440 0.532500 0.538333 3497 639 646
441 0.001667 0.539167 68 2 647
442 0.081667 0.539167 3612 98 647
443 0.123333 0.539167 7522 148 647
444 0.196667 0.539167 6774 236 647
445 0.337500 0.539167 6272 405 647
446 0.350000 0.539167 3684 420 647
447 0.353333 0.539167 3667 424 647
448 0.355833 0.539167 3799 427 647
449 0.420000 0.539167 1026 504 647
450 0.505000 0.539167 2460 606 647
451 0.539167 0.539167 3359 647 647
PromSaddles 450
1 0.046667 0.000833 3428 56 1
2 0.062500 0.000000 3339 75 0
3 0.065000 0.000000 3343 78 0
4 0.084167 0.000000 3024 101 0
5 0.090833 0.000000 2939 109 0
6 0.215000 0.000000 1912 258 0
7 0.483333 0.000000 3198 580 0
8 0.490000 0.000000 3139 588 0
9 0.257500 0.000833 2798 309 1
10 0.335000 0.000833 246 402 1
11 0.354167 0.000833 433 425 1
12 0.436667 0.001667 2611 524 2
13 0.303333 0.001667 534 364 2
14 0.494167 0.002500 3005 593 3
15 0.311667 0.004167 318 374 5
16 0.030000 0.005000 4999 36 6
17 0.020000 0.006667 5557 24 8
18 0.215000 0.006667 1929 258 8
19 0.039167 0.009167 5472 47 11
20 0.235833 0.009167 4773 283 11
21 0.407500 0.010833 1345 489 13
22 0.511667 0.010833 2342 614 13
23 0.275000 0.014167 2844 330 17
24 0.316667 0.014167 479 380 17
25 0.379167 0.015833 426 455 19
26 0.232500 0.015833 4350 279 19
27 0.434167 0.015833 1942 521 19
28 0.244167 0.016667 4478 293 20
29 0.356667 0.017500 557 428 21
30 0.017500 0.020000 4734 21 24
31 0.322500 0.022500 160 387 27
32 0.402500 0.022500 1381 483 27
33 0.014167 0.024167 4901 17 29
34 0.002500 0.026667 4012 3 32
35 0.173333 0.027500 2001 208 33
36 0.007500 0.028333 4173 9 34
37 0.019167 0.028333 4862 23 34
38 0.364167 0.030833 643 437 37
39 0.539167 0.030833 4301 647 37
40 0.270000 0.032500 2001 324 39
41 0.339167 0.032500 410 407 39
42 0.362500 0.032500 623 435 39
43 0.027500 0.033333 4960 33 40
44 0.515000 0.033333 3077 618 40
45 0.539167 0.033333 4271 647 40
46 0.422500 0.034167 1158 507 41
47 0.221667 0.035000 3231 266 42
48 0.537500 0.036667 4212 645 44
49 0.409167 0.037500 990 491 45
50 0.312500 0.038333 334 375 46
51 0.530000 0.038333 4097 636 46
52 0.255000 0.103333 147 306 124
53 0.392500 0.040000 1072 471 48
54 0.300833 0.042500 246 361 51
55 0.405000 0.042500 958 486 51
56 0.102500 0.043333 3697 123 52
57 0.308333 0.044167 321 370 53
58 0.356667 0.043333 629 428 52
59 0.539167 0.043333 3956 647 52
60 0.009167 0.046667 3950 11 56
61 0.398333 0.046667 1135 478 56
62 0.436667 0.046667 1059 524 56
63 0.493333 0.046667 1263 592 56
64 0.025000 0.047500 4652 30 57
65 0.423333 0.049167 1112 508 59
66 0.097500 0.050000 3710 117 60
67 0.353333 0.050000 557 424 60
68 0.539167 0.050833 3379 647 61
69 0.383333 0.053333 731 460 64
70 0.086667 0.056667 4635 104 68
71 0.315833 0.057500 219 379 69
72 0.272500 0.058333 305 327 70
73 0.487500 0.059167 967 585 71
74 0.354167 0.060000 265 425 72
75 0.300833 0.060833 679 361 73
76 0.429167 0.060833 1233 515 73
77 0.426667 0.061667 1095 512 74
78 0.440000 0.062500 1056 528 75
79 0.029167 0.064167 4337 35 77
80 0.182500 0.065833 1112 219 79
81 0.230833 0.065833 1099 277 79
82 0.075833 0.066667 4222 91 80
83 0.388333 0.067500 656 466 81
84 0.420000 0.066667 718 504 80
85 0.205833 0.071667 1092 247 86
86 0.243333 0.071667 908 292 86
87 0.401667 0.071667 636 482 86
88 0.234167 0.072500 836 281 87
89 0.297500 0.072500 446 357 87
90 0.001667 0.073333 2312 2 88
91 0.080000 0.074167 4117 96 89
92 0.421667 0.074167 902 506 89
93 0.264167 0.075833 1118 317 91
94 0.295833 0.080833 488 355 97
95 0.380833 0.080833 314 457 97
96 0.420000 0.080833 971 504 97
97 0.027500 0.081667 4501 33 98
98 0.400833 0.081667 492 481 98
99 0.412500 0.082500 620 495 99
100 0.000000 0.083333 3815 0 100
101 0.445000 0.084167 577 534 101
102 0.335000 0.084167 242 402 101
103 0.295000 0.085833 439 354 103
104 0.436667 0.086667 705 524 104
105 0.053333 0.088333 4573 64 106
106 0.408333 0.087500 465 490 105
107 0.004167 0.088333 3923 5 106
108 0.328333 0.090000 278 394 108
109 0.427500 0.093333 580 513 112
110 0.388333 0.095000 439 466 114
111 0.020000 0.095833 4868 24 115
112 0.212500 0.098333 751 255 118
113 0.331667 0.100000 472 398 120
114 0.292500 0.101667 731 351 122
115 0.249167 0.102500 767 299 123
116 0.397500 0.102500 426 477 123
117 0.316667 0.103333 377 380 124
118 0.335000 0.107500 475 402 129
119 0.034167 0.109167 4655 41 131
120 0.392500 0.109167 754 471 131
121 0.408333 0.109167 616 490 131
122 0.388333 0.110000 885 466 132
123 0.037500 0.112500 4655 45 135
124 0.130833 0.111667 4012 157 134
125 0.415833 0.111667 344 499 134
126 0.360000 0.112500 321 432 135
127 0.403333 0.112500 554 484 135
128 0.385833 0.113333 1007 463 136
129 0.378333 0.114167 1115 454 137
130 0.180833 0.115833 551 217 139
131 0.235000 0.116667 1453 282 140
132 0.329167 0.116667 344 395 140
133 0.120833 0.117500 3418 145 141
134 0.210833 0.117500 1381 253 141
135 0.496667 0.130000 557 596 156
136 0.010833 0.130000 4875 13 156
137 0.440000 0.130000 672 528 156
138 0.210000 0.131667 1161 252 158
139 0.216667 0.132500 1135 260 159
140 0.437500 0.132500 659 525 159
141 0.450833 0.132500 711 541 159
142 0.094167 0.134167 4986 113 161
143 0.392500 0.134167 282 471 161
144 0.476667 0.134167 702 572 161
145 0.315000 0.136667 4685 378 164
146 0.301667 0.143333 7493 362 172
147 0.490833 0.144167 931 589 173
148 0.495000 0.145000 984 594 174
149 0.024167 0.150833 6066 29 181
150 0.005833 0.151667 6033 7 182
151 0.482500 0.154167 1066 579 185
152 0.298333 0.154167 8093 358 185
153 0.460833 0.155000 987 553 186
154 0.471667 0.155000 1105 566 186
155 0.515000 0.155000 954 618 186
156 0.026667 0.157500 6217 32 189
157 0.021667 0.159167 6217 26 191
158 0.018333 0.160833 6269 22 193
159 0.175000 0.161667 1748 210 194
160 0.355833 0.161667 6430 427 194
161 0.362500 0.161667 4763 435 194
162 0.494167 0.162500 971 593 195
163 0.496667 0.162500 971 596 195
164 0.009167 0.163333 5958 11 196
165 0.531667 0.163333 918 638 196
166 0.534167 0.163333 918 641 196
167 0.000000 0.165000 6223 0 198
168 0.315000 0.166667 6371 378 200
169 0.166667 0.167500 2332 200 201
170 0.300833 0.167500 7608 361 201
171 0.385000 0.168333 5685 462 202
172 0.353333 0.170833 5836 424 205
173 0.500833 0.170000 1131 601 204
174 0.277500 0.170833 5734 333 205
175 0.530000 0.171667 898 636 206
176 0.538333 0.173333 1082 646 208
177 0.165000 0.174167 2145 198 209
178 0.352500 0.175000 5528 423 210
179 0.229167 0.175833 787 275 211
180 0.031667 0.177500 5757 38 213
181 0.159167 0.176667 1922 191 212
182 0.171667 0.176667 1332 206 212
183 0.016667 0.177500 5875 20 213
184 0.539167 0.179167 1128 647 215
185 0.350833 0.180833 5790 421 217
186 0.265833 0.181667 5449 319 218
187 0.295833 0.181667 5272 355 218
188 0.051667 0.182500 5465 62 219
189 0.279167 0.183333 4947 335 220
190 0.261667 0.185833 5711 314 223
191 0.384167 0.187500 8218 461 225
192 0.509167 0.187500 331 611 225
193 0.455833 0.190833 501 547 229
194 0.291667 0.192500 5728 350 231
195 0.261667 0.194167 5114 314 233
196 0.503333 0.195000 518 604 234
197 0.360000 0.195833 5793 432 235
198 0.087500 0.199167 4386 105 239
199 0.372500 0.197500 6315 447 237
200 0.290833 0.202500 5275 349 243
201 0.357500 0.202500 5728 429 243
202 0.368333 0.203333 7368 442 244
203 0.313333 0.205833 5118 376 247
204 0.261667 0.206667 6197 314 248
205 0.294167 0.206667 5239 353 248
206 0.372500 0.206667 6164 447 248
207 0.534167 0.209167 1033 641 251
208 0.302500 0.210833 5741 363 253
209 0.310000 0.210833 6509 372 253
210 0.348333 0.210833 6607 418 253
211 0.374167 0.210833 6843 449 253
212 0.323333 0.211667 5311 388 254
213 0.005000 0.212500 3526 6 255
214 0.375000 0.212500 7158 450 255
215 0.331667 0.213333 6197 398 256
216 0.375000 0.215000 6348 450 258
217 0.145000 0.215833 5104 174 259
218 0.339167 0.215833 6847 407 259
219 0.539167 0.216667 918 647 260
220 0.511667 0.217500 744 614 261
221 0.377500 0.219167 6358 453 263
222 0.534167 0.219167 820 641 263
223 0.250000 0.220833 3868 300 265
224 0.163333 0.223333 4737 196 268
225 0.353333 0.224167 5521 424 269
226 0.247500 0.225000 3871 297 270
227 0.095833 0.228333 4770 115 274
228 0.430000 0.227500 4097 516 273
229 0.509167 0.228333 721 611 274
230 0.419167 0.230833 4445 503 277
231 0.129167 0.232500 5524 155 279
232 0.539167 0.234167 892 647 281
233 0.114167 0.238333 5141 137 286
234 0.360000 0.238333 4931 432 286
235 0.247500 0.240833 5410 297 289
236 0.135000 0.243333 4498 162 292
237 0.154167 0.245833 4373 185 295
238 0.245000 0.245833 5203 294 295
239 0.157500 0.246667 4373 189 296
240 0.474167 0.246667 606 569 296
241 0.145833 0.247500 4586 175 297
242 0.400833 0.249167 4658 481 299
243 0.528333 0.251667 1351 634 302
244 0.245833 0.252500 4931 295 303
245 0.372500 0.252500 4721 447 303
246 0.278333 0.253333 4862 334 304
247 0.100833 0.255000 5652 121 306
248 0.145833 0.256667 5016 175 308
249 0.333333 0.256667 1328 400 308
250 0.270833 0.257500 5216 325 309
251 0.087500 0.258333 4878 105 310
252 0.139167 0.258333 5351 167 310
253 0.482500 0.259167 774 579 311
254 0.510833 0.259167 1184 613 311
255 0.392500 0.260833 5242 471 313
256 0.377500 0.262500 4835 453 315
257 0.250000 0.263333 5226 300 316
258 0.382500 0.264167 4721 459 317
259 0.471667 0.266667 1056 566 320
260 0.525833 0.266667 1492 631 320
261 0.074167 0.267500 4855 89 321
262 0.139167 0.270833 5649 167 325
263 0.281667 0.270833 4763 338 325
264 0.215833 0.271667 4708 259 326
265 0.256667 0.271667 5524 308 326
266 0.260000 0.271667 5541 312 326
267 0.289167 0.271667 4399 347 326
268 0.535833 0.281667 793 643 338
269 0.209167 0.283333 4990 251 340
270 0.246667 0.283333 4409 296 340
271 0.103333 0.290000 6364 124 348
272 0.203333 0.290000 4822 244 348
273 0.093333 0.291667 6328 112 350
274 0.017500 0.293333 6082 21 352
275 0.237500 0.295833 2263 285 355
276 0.086667 0.296667 5977 104 356
277 0.450833 0.298333 1062 541 358
278 0.538333 0.299167 882 646 359
279 0.200000 0.300000 4527 240 360
280 0.260000 0.301667 4504 312 362
281 0.207500 0.302500 4730 249 363
282 0.315833 0.308333 1272 379 370
283 0.047500 0.311667 6292 57 374
284 0.027500 0.310000 6640 33 372
285 0.250833 0.310833 4146 301 373
286 0.007500 0.311667 5531 9 374
287 0.190000 0.311667 5141 228 374
288 0.069167 0.314167 6505 83 377
289 0.313333 0.317500 836 376 381
290 0.362500 0.320000 1033 435 384
291 0.033333 0.320833 6676 40 385
292 0.320000 0.320833 872 384 385
293 0.461667 0.323333 1607 554 388
294 0.494167 0.325833 1673 593 391
295 0.250000 0.327500 5039 300 393
296 0.106667 0.328333 6397 128 394
297 0.240833 0.328333 4760 289 394
298 0.190833 0.329167 5396 229 395
299 0.263333 0.329167 5429 316 395
300 0.466667 0.329167 1889 560 395
301 0.080000 0.333333 6656 96 400
302 0.032500 0.335000 6167 39 402
303 0.533333 0.334167 1610 640 401
304 0.451667 0.335833 1784 542 403
305 0.201667 0.337500 5958 242 405
306 0.229167 0.340833 5108 275 409
307 0.215000 0.341667 5324 258 410
308 0.208333 0.343333 5734 250 412
309 0.240000 0.343333 6499 288 412
310 0.025833 0.345000 6430 31 414
311 0.022500 0.346667 6463 27 416
312 0.084167 0.347500 7214 101 417
313 0.198333 0.351667 4238 238 422
314 0.021667 0.353333 6453 26 424
315 0.084167 0.358333 7542 101 430
316 0.470000 0.359167 3605 564 431
317 0.500833 0.359167 3713 601 431
318 0.450000 0.364167 3861 540 437
319 0.325833 0.365000 4612 391 438
320 0.391667 0.366667 4438 470 440
321 0.015833 0.367500 5688 19 441
322 0.112500 0.368333 6400 135 442
323 0.357500 0.369167 3736 429 443
324 0.135000 0.371667 6456 162 446
325 0.186667 0.372500 4268 224 447
326 0.060000 0.373333 5849 72 448
327 0.424167 0.374167 3448 509 449
328 0.439167 0.374167 3937 527 449
329 0.460000 0.375833 3720 552 451
330 0.515833 0.380833 3333 619 457
331 0.326667 0.381667 4757 392 458
332 0.308333 0.385833 4199 370 463
333 0.121667 0.386667 7086 146 464
334 0.050833 0.387500 5390 61 465
335 0.130000 0.388333 7549 156 466
336 0.305833 0.392500 4763 367 471
337 0.199167 0.395833 5305 239 475
338 0.306667 0.395000 4763 368 474
339 0.446667 0.395000 3402 536 474
340 0.271667 0.395833 1948 326 475
341 0.090833 0.396667 6197 109 476
342 0.395000 0.398333 2837 474 478
343 0.453333 0.398333 3366 544 478
344 0.083333 0.399167 5869 100 479
345 0.509167 0.400000 3579 611 480
346 0.003333 0.400833 4150 4 481
347 0.356667 0.400833 4291 428 481
348 0.118333 0.402500 6758 142 483
349 0.255833 0.402500 4268 307 483
350 0.532500 0.402500 2582 639 483
351 0.256667 0.405833 3858 308 487
352 0.200000 0.407500 5698 240 489
353 0.108333 0.408333 6528 130 490
354 0.100000 0.409167 6145 120 491
355 0.129167 0.409167 6443 155 491
356 0.501667 0.410000 3257 602 492
357 0.317500 0.411667 3451 381 494
358 0.375833 0.411667 3904 451 494
359 0.184167 0.417500 6571 221 501
360 0.497500 0.419167 3126 597 503
361 0.160833 0.420833 5944 193 505
362 0.305833 0.420833 928 367 505
363 0.129167 0.421667 6610 155 506
364 0.000000 0.423333 4163 0 508
365 0.389167 0.423333 4481 467 508
366 0.242500 0.424167 6650 291 509
367 0.539167 0.426667 1906 647 512
368 0.111667 0.428333 6604 134 514
369 0.107500 0.429167 6318 129 515
370 0.184167 0.429167 6646 221 515
371 0.126667 0.431667 7148 152 518
372 0.095833 0.433333 5462 115 520
373 0.120833 0.434167 7175 145 521
374 0.152500 0.435000 5741 183 522
375 0.399167 0.435000 4087 479 522
376 0.093333 0.437500 5515 112 525
377 0.210833 0.438333 6085 253 526
378 0.266667 0.439167 5472 320 527
379 0.327500 0.440000 912 393 528
380 0.162500 0.444167 5925 195 533
381 0.281667 0.445000 3740 338 534
382 0.429167 0.445000 4360 515 534
383 0.090000 0.445833 5147 108 535
384 0.018333 0.489167 0 22 587
385 0.250000 0.448333 7769 300 538
386 0.539167 0.449167 3595 647 539
387 0.405000 0.451667 4753 486 542
388 0.415833 0.452500 4845 499 543
389 0.539167 0.457500 3989 647 549
390 0.409167 0.459167 4783 491 551
391 0.126667 0.460000 3900 152 552
392 0.539167 0.461667 4242 647 554
393 0.422500 0.463333 4438 507 556
394 0.085833 0.465000 5029 103 558
395 0.430833 0.466667 4550 517 560
396 0.256667 0.467500 7637 308 561
397 0.328333 0.468333 2240 394 562
398 0.313333 0.470000 1968 376 564
399 0.539167 0.472500 3976 647 567
400 0.007500 0.477500 1729 9 573
401 0.039167 0.480833 357 47 577
402 0.320833 0.481667 2135 385 578
403 0.360000 0.481667 774 432 578
404 0.191667 0.482500 6489 230 579
405 0.227500 0.485000 7135 273 582
406 0.263333 0.484167 7647 316 581
407 0.431667 0.484167 4333 518 581
408 0.038333 0.487500 498 46 585
409 0.001667 0.492500 1676 2 591
410 0.442500 0.492500 3887 531 591
411 0.533333 0.493333 4612 640 592
412 0.337500 0.500833 3162 405 601
413 0.148333 0.502500 4675 178 603
414 0.536667 0.503333 4501 644 604
415 0.271667 0.506667 8674 326 608
416 0.457500 0.506667 4540 549 608
417 0.124167 0.510000 3700 149 612
418 0.196667 0.511667 6784 236 614
419 0.476667 0.512500 3999 572 615
420 0.465833 0.515000 4393 559 618
421 0.075833 0.515833 3549 91 619
422 0.140000 0.517500 5649 168 621
423 0.157500 0.517500 6824 189 621
424 0.278333 0.518333 7772 334 622
425 0.338333 0.518333 4514 406 622
426 0.321667 0.519167 4448 386 623
427 0.307500 0.520000 4340 369 624
428 0.260833 0.520833 8113 313 625
429 0.153333 0.522500 6729 184 627
430 0.312500 0.522500 4701 375 627
431 0.538333 0.523333 2591 646 628
432 0.289167 0.524167 6397 347 629
433 0.320833 0.526667 5029 385 632
434 0.330000 0.528333 5183 396 634
435 0.195000 0.530833 6558 234 637
436 0.335000 0.529167 5734 402 635
437 0.280833 0.530000 7312 337 636
438 0.504167 0.531667 2352 605 638
439 0.118333 0.534167 6702 142 641
440 0.336667 0.534167 5688 404 641
441 0.539167 0.536667 3261 647 644
442 0.123333 0.538333 7516 148 646
443 0.420833 0.538333 1000 505 646
444 0.062500 0.539167 2342 75 647
445 0.083333 0.539167 3556 100 647
446 0.348333 0.539167 3635 418 647
447 0.351667 0.539167 3549 422 647
448 0.354167 0.539167 3615 425 647
449 0.506667 0.539167 2417 608 647
450 0.536667 0.539167 3195 644 647
BasinSaddles 0
Runoffs 176
1 0.000000 0.000000 2808 0 0
2 0.015000 0.000000 5029 18 0
3 0.021667 0.000000 5144 26 0
4 0.031667 0.000000 4730 38 0
5 0.051667 0.000000 3451 62 0
6 0.064167 0.000000 3346 77 0
7 0.077500 0.000000 3576 93 0
8 0.087500 0.000000 3054 105 0
9 0.095000 0.000000 3093 114 0
10 0.105000 0.000000 2467 126 0
11 0.109167 0.000000 2427 131 0
12 0.131667 0.000000 2070 158 0
13 0.134167 0.000000 2070 161 0
14 0.148333 0.000000 1843 178 0
15 0.152500 0.000000 1847 183 0
16 0.160000 0.000000 1801 192 0
17 0.164167 0.000000 1791 197 0
18 0.199167 0.000000 3218 239 0
19 0.215833 0.000000 1922 259 0
20 0.235000 0.000000 3982 282 0
21 0.238333 0.000000 3802 286 0
22 0.245833 0.000000 3605 295 0
23 0.258333 0.000000 2814 310 0
24 0.272500 0.000000 1781 327 0
25 0.280833 0.000000 1568 337 0
26 0.284167 0.000000 1594 341 0
27 0.293333 0.000000 1085 352 0
28 0.295833 0.000000 961 355 0
29 0.305000 0.000000 784 366 0
30 0.323333 0.000000 770 388 0
31 0.331667 0.000000 206 398 0
32 0.335833 0.000000 265 403 0
33 0.343333 0.000000 127 412 0
34 0.346667 0.000000 134 416 0
35 0.354167 0.000000 459 425 0
36 0.360000 0.000000 528 432 0
37 0.375000 0.000000 331 450 0
38 0.378333 0.000000 344 454 0
39 0.383333 0.000000 344 460 0
40 0.387500 0.000000 426 465 0
41 0.392500 0.000000 82 471 0
42 0.426667 0.000000 2253 512 0
43 0.435833 0.000000 2627 523 0
44 0.456667 0.000000 3349 548 0
45 0.466667 0.000000 3677 560 0
46 0.471667 0.000000 3674 566 0
47 0.486667 0.000000 3297 584 0
48 0.490833 0.000000 3149 589 0
49 0.497500 0.000000 2933 597 0
50 0.508333 0.000000 3316 610 0
51 0.535000 0.000000 1482 642 0
52 0.539167 0.000000 1141 647 0
53 0.539167 0.030000 4350 647 36
54 0.539167 0.031667 4320 647 38
55 0.539167 0.034167 4291 647 41
56 0.539167 0.039167 4219 647 47
57 0.539167 0.044167 3966 647 53
58 0.539167 0.052500 3500 647 63
59 0.539167 0.145000 508 647 174
60 0.539167 0.167500 1151 647 201
61 0.539167 0.176667 1167 647 212
62 0.539167 0.180833 1141 647 217
63 0.539167 0.200000 1102 647 240
64 0.539167 0.208333 1079 647 250
65 0.539167 0.210833 1036 647 253
66 0.539167 0.215000 971 647 258
67 0.539167 0.218333 931 647 262
68 0.539167 0.233333 898 647 280
69 0.539167 0.240833 1108 647 289
70 0.539167 0.248333 1374 647 298
71 0.539167 0.256667 1148 647 308
72 0.539167 0.264167 1299 647 317
73 0.539167 0.272500 1145 647 327
74 0.539167 0.282500 971 647 339
75 0.539167 0.298333 885 647 358
76 0.539167 0.313333 1332 647 376
77 0.539167 0.317500 1292 647 381
78 0.539167 0.333333 1735 647 400
79 0.539167 0.339167 1482 647 407
80 0.539167 0.350833 1968 647 421
81 0.539167 0.364167 2595 647 437
82 0.539167 0.365833 2604 647 439
83 0.539167 0.374167 2575 647 449
84 0.539167 0.392500 2257 647 471
85 0.539167 0.395833 2198 647 475
86 0.539167 0.400000 2237 647 480
87 0.539167 0.410833 2237 647 493
88 0.539167 0.423333 2073 647 508
89 0.539167 0.448333 3615 647 538
90 0.539167 0.455000 4314 647 546
91 0.539167 0.460000 4248 647 552
92 0.539167 0.463333 4412 647 556
93 0.539167 0.481667 4399 647 578
94 0.539167 0.488333 4947 647 586
95 0.539167 0.504167 4550 647 605
96 0.539167 0.532500 3408 647 639
97 0.539167 0.539167 3359 647 647
98 0.000000 0.008333 3159 0 10
99 0.000000 0.017500 2434 0 21
100 0.000000 0.026667 4019 0 32
101 0.000000 0.040000 3087 0 48
102 0.000000 0.045833 3044 0 55
103 0.000000 0.050000 3307 0 60
104 0.000000 0.056667 3779 0 68
105 0.000000 0.060000 3520 0 72
106 0.000000 0.070000 2234 0 84
107 0.000000 0.073333 2519 0 88
108 0.000000 0.082500 3835 0 99
109 0.000000 0.087500 4481 0 105
110 0.000000 0.145833 5515 0 175
111 0.000000 0.150833 5633 0 181
112 0.000000 0.161667 6627 0 194
113 0.000000 0.166667 6236 0 200
114 0.000000 0.187500 4790 0 225
115 0.000000 0.198333 4238 0 238
116 0.000000 0.212500 3398 0 255
117 0.000000 0.222500 4642 0 267
118 0.000000 0.239167 1837 0 287
119 0.000000 0.242500 1804 0 291
120 0.000000 0.249167 1840 0 299
121 0.000000 0.252500 1837 0 303
122 0.000000 0.280833 5006 0 337
123 0.000000 0.282500 5009 0 339
124 0.000000 0.295000 5144 0 354
125 0.000000 0.303333 4865 0 364
126 0.000000 0.313333 5308 0 376
127 0.000000 0.325000 3832 0 390
128 0.000000 0.326667 3825 0 392
129 0.000000 0.334167 3677 0 401
130 0.000000 0.346667 3838 0 416
131 0.000000 0.350000 3858 0 420
132 0.000000 0.363333 4455 0 436
133 0.000000 0.365833 4409 0 439
134 0.000000 0.367500 4399 0 441
135 0.000000 0.382500 4074 0 459
136 0.000000 0.392500 3946 0 471
137 0.000000 0.415000 5082 0 498
138 0.000000 0.430000 4596 0 516
139 0.000000 0.492500 1679 0 591
140 0.000000 0.539167 6 0 647
141 0.001667 0.539167 68 2 647
142 0.031667 0.539167 2312 38 647
143 0.043333 0.539167 3172 52 647
144 0.048333 0.539167 3120 58 647
145 0.053333 0.539167 3244 64 647
146 0.081667 0.539167 3612 98 647
147 0.105000 0.539167 6387 126 647
148 0.110833 0.539167 6138 133 647
149 0.123333 0.539167 7522 148 647
150 0.127500 0.539167 6676 153 647
151 0.130000 0.539167 6929 156 647
152 0.136667 0.539167 7263 164 647
153 0.146667 0.539167 7066 176 647
154 0.196667 0.539167 6774 236 647
155 0.256667 0.539167 6364 308 647
156 0.279167 0.539167 6397 335 647
157 0.283333 0.539167 6745 340 647
158 0.312500 0.539167 3139 375 647
159 0.321667 0.539167 3861 386 647
160 0.337500 0.539167 6272 405 647
161 0.350000 0.539167 3684 420 647
162 0.353333 0.539167 3667 424 647
163 0.355833 0.539167 3799 427 647
164 0.420000 0.539167 1026 504 647
165 0.422500 0.539167 1020 507 647
166 0.447500 0.539167 1758 537 647
167 0.456667 0.539167 2155 548 647
168 0.461667 0.539167 2434 554 647
169 0.474167 0.539167 3064 569 647
170 0.478333 0.539167 2870 574 647
171 0.485000 0.539167 2975 582 647
172 0.487500 0.539167 2926 585 647
173 0.493333 0.539167 2782 592 647
174 0.505000 0.539167 2460 606 647
175 0.523333 0.539167 3146 628 647
176 0.532500 0.539167 3451 639 647
Edges 450
1 16 1
2 1 2
3 2 3
4 3 4
5 4 5
6 26 6
7 30 9
8 27 13
9 20 10
10 25 11
11 14 12
12 14 7
13 12 8
14 36 21
15 13 14
16 19 16
17 8 15
18 19 17
19 39 30
20 32 31
21 16 19
22 29 26
23 22 20
24 34 25
25 40 29
26 91 35
27 30 23
28 36 32
29 26 18
30 23 28
31 14 27
32 17 24
33 39 33
34 40 38
35 38 34
36 53 49
37 15 22
38 33 36
39 43 37
40 56 41
41 42 39
42 46 45
43 44 43
44 71 64
45 29 47
46 50 48
47 30 40
48 40 42
49 63 56
50 52 51
51 32 50
52 37 44
53 57 55
54 55 54
55 74 57
56 74 71
57 73 61
58 31 46
59 50 59
60 48 58
61 71 60
62 57 53
63 72 66
64 147 52
65 52 63
66 86 72
67 60 67
68 59 68
69 31 62
70 58 65
71 92 79
72 76 70
73 88 87
74 81 75
75 62 69
76 96 82
77 67 74
78 70 77
79 65 73
80 70 76
81 94 89
82 95 86
83 70 78
84 91 80
85 45 81
86 102 93
87 108 95
88 87 83
89 99 90
90 78 84
91 96 91
92 116 97
93 90 92
94 101 94
95 85 88
96 116 105
97 45 85
98 109 101
99 107 100
100 93 96
101 114 103
102 123 115
103 118 108
104 103 102
105 88 98
106 93 99
107 111 107
108 117 110
109 100 104
110 145 117
111 116 111
112 106 106
113 147 112
114 145 114
115 100 109
116 124 119
117 126 116
118 119 113
119 130 118
120 127 121
121 131 124
122 126 120
123 138 131
124 149 123
125 129 128
126 120 127
127 135 125
128 132 126
129 122 122
130 145 132
131 155 133
132 125 129
133 147 130
134 147 134
135 136 137
136 151 141
137 149 136
138 143 139
139 151 144
140 148 135
141 155 142
142 174 143
143 147 138
144 145 145
145 154 146
146 135 140
147 171 159
148 150 147
149 157 149
150 163 151
151 163 154
152 148 148
153 164 150
154 165 152
155 230 198
156 152 155
157 160 157
158 157 156
159 151 153
160 170 158
161 168 160
162 161 161
163 167 162
164 170 164
165 182 170
166 156 165
167 172 163
168 183 172
169 164 167
170 193 180
171 175 169
172 181 173
173 165 168
174 195 171
175 184 177
176 292 179
177 166 166
178 180 174
179 177 175
180 191 186
181 200 192
182 196 187
183 187 178
184 226 181
185 177 176
186 175 182
187 192 185
188 185 184
189 170 183
190 229 193
191 194 190
192 202 197
193 155 188
194 204 195
195 203 199
196 199 194
197 195 191
198 200 196
199 180 189
200 227 220
201 209 203
202 206 201
203 202 202
204 208 204
205 199 200
206 218 210
207 203 206
208 225 223
209 212 209
210 205 205
211 200 207
212 210 208
213 209 212
214 207 211
215 214 214
216 226 217
217 213 215
218 217 218
219 215 216
220 211 219
221 219 221
222 211 222
223 189 213
224 216 224
225 234 226
226 246 233
227 244 229
228 236 230
229 228 228
230 226 227
231 218 225
232 243 232
233 226 231
234 242 238
235 234 235
236 255 242
237 256 240
238 248 241
239 231 234
240 238 237
241 240 239
242 251 244
243 252 243
244 256 253
245 247 246
246 250 247
247 264 250
248 233 236
249 239 245
250 257 251
251 261 257
252 244 254
253 259 258
254 248 248
255 253 255
256 286 259
257 281 261
258 271 264
259 249 256
260 248 252
261 273 270
262 264 263
263 231 249
264 267 266
265 262 267
266 252 260
267 261 265
268 260 262
269 286 277
270 266 268
271 272 269
272 278 272
273 288 275
274 281 276
275 276 271
276 274 273
277 284 274
278 285 279
279 286 278
280 282 280
281 299 288
282 295 285
283 287 282
284 289 284
285 294 287
286 302 293
287 293 289
288 278 281
289 299 283
290 284 286
291 319 290
292 315 296
293 314 292
294 304 298
295 306 297
296 301 299
297 289 291
298 286 294
299 315 301
300 302 300
301 295 295
302 321 304
303 326 303
304 320 313
305 304 305
306 310 306
307 308 310
308 297 302
309 305 308
310 305 307
311 315 312
312 307 311
313 306 309
314 327 319
315 332 322
316 312 314
317 321 316
318 315 315
319 329 320
320 335 325
321 324 318
322 333 324
323 338 323
324 331 328
325 316 321
326 317 317
327 334 332
328 318 326
329 345 342
330 321 329
331 329 327
332 333 333
333 339 335
334 340 336
335 350 337
336 328 334
337 351 340
338 327 331
339 363 355
340 343 338
341 331 339
342 332 341
343 382 362
344 326 330
345 338 347
346 342 344
347 351 349
348 344 345
349 339 348
350 360 352
351 361 351
352 344 350
353 354 354
354 349 353
355 348 356
356 341 343
357 325 346
358 360 359
359 343 357
360 374 370
361 375 366
362 345 358
363 374 361
364 362 365
365 384 367
366 355 360
367 371 368
368 363 363
369 357 364
370 367 369
371 373 373
372 370 372
373 368 371
374 399 377
375 389 385
376 392 379
377 374 374
378 375 378
379 372 376
380 383 382
381 364 375
382 378 381
383 388 388
384 386 386
385 374 380
386 390 389
387 381 387
388 387 390
389 399 396
390 393 392
391 379 383
392 417 398
393 405 399
394 396 395
395 373 391
396 388 393
397 391 394
398 392 397
399 409 406
400 412 404
401 410 403
402 417 402
403 391 401
404 369 400
405 411 411
406 396 407
407 404 409
408 403 408
409 417 415
410 421 412
411 437 431
412 399 405
413 419 413
414 406 410
415 411 414
416 424 417
417 428 424
418 414 416
419 425 423
420 429 426
421 432 425
422 436 421
423 418 419
424 419 422
425 412 418
426 418 420
427 429 430
428 431 432
429 433 433
430 417 428
431 427 427
432 435 436
433 432 434
434 419 429
435 445 440
436 434 439
437 451 441
438 442 444
439 428 437
440 423 438
441 369 384
442 436 445
443 434 442
444 425 435
445 446 446
446 447 447
448 447 448
449 406 443
450 440 449
451 440 450
RunoffEdges 176
19 0
18 1
19 2
16 3
1 4
2 5
3 6
4 7
5 8
3 9
3 10
3 11
3 12
3 13
3 14
91 15
91 16
26 17
6 18
22 19
23 20
23 21
7 22
30 23
27 24
27 25
27 26
27 27
8 28
17 29
20 30
9 31
25 32
25 33
10 34
25 35
24 36
24 37
24 38
24 39
14 40
14 41
11 42
14 43
14 44
14 45
12 46
13 47
15 48
15 49
41 50
41 51
41 52
42 53
46 54
50 55
59 56
68 57
156 58
177 59
185 60
188 61
200 62
211 63
211 64
211 65
220 66
232 67
243 68
243 69
266 70
266 71
266 72
270 73
279 74
286 75
286 76
303 77
326 78
326 79
326 80
326 81
326 82
344 83
344 84
344 85
352 86
365 87
384 88
386 89
390 90
393 91
405 92
405 93
415 94
437 95
451 96
19 97
33 98
35 99
61 100
61 101
61 102
71 103
71 104
116 105
89 106
99 107
107 108
153 109
153 110
164 111
169 112
189 113
189 114
189 115
223 116
223 117
223 118
223 119
277 120
277 121
277 122
277 123
277 124
290 125
290 126
290 127
289 128
307 129
307 130
316 131
316 132
316 133
325 134
325 135
357 136
369 137
407 138
441 139
441 140
438 141
438 142
438 143
438 144
442 145
436 146
436 147
443 148
434 149
434 150
434 151
434 152
444 153
430 154
439 155
439 156
431 157
433 158
445 159
446 160
447 161
448 162
449 163
406 164
414 165
426 166
426 167
426 168
426 169
423 170
423 171
423 172
450 173
440 174
440 175
