Peaks 724
1 0.029444 0.000000 3884 106 0
2 0.063611 0.000000 4878 229 0
3 0.068333 0.000000 5016 246 0
4 0.076389 0.000000 4366 275 0
5 0.084722 0.000000 4963 305 0
6 0.088056 0.000000 5065 317 0
7 0.171944 0.000000 4803 619 0
8 0.176667 0.000000 5154 636 0
9 0.179722 0.000000 5049 647 0
10 0.180833 0.000000 5049 651 0
11 0.184167 0.000000 5364 663 0
12 0.197222 0.000000 3667 710 0
13 0.259722 0.000000 3956 935 0
14 0.265278 0.000000 4258 955 0
15 0.266389 0.000000 4255 959 0
16 0.267500 0.000000 4268 963 0
17 0.317778 0.000000 3562 1144 0
18 0.320000 0.000000 3428 1152 0
19 0.336111 0.000000 3579 1210 0
20 0.349167 0.000000 4468 1257 0
21 0.350000 0.000000 4468 1260 0
22 0.430000 0.000000 3431 1548 0
23 0.456111 0.000000 3106 1642 0
24 0.458056 0.000000 3215 1649 0
25 0.461667 0.000000 3106 1662 0
26 0.535556 0.000000 6463 1928 0
27 0.536667 0.000000 6423 1932 0
28 0.437778 0.000278 2952 1576 1
29 0.476944 0.000278 4340 1717 1
30 0.275833 0.000556 4940 993 2
31 0.345278 0.000556 4307 1243 2
32 0.233333 0.000833 4839 840 3
33 0.295000 0.000833 5278 1062 3
34 0.447222 0.000833 2178 1610 3
35 0.380833 0.001111 5078 1371 4
36 0.536667 0.002778 6249 1932 10
37 0.095556 0.004722 5232 344 17
38 0.277778 0.005000 5318 1000 18
39 0.208333 0.005278 4583 750 19
40 0.103056 0.007778 5587 371 28
41 0.131389 0.009444 5229 473 34
42 0.232222 0.010278 5006 836 37
43 0.187500 0.012222 4281 675 44
44 0.366389 0.012500 6000 1319 45
45 0.180556 0.012778 4379 650 46
46 0.290833 0.013611 5121 1047 49
47 0.118611 0.015556 5203 427 56
48 0.224722 0.016667 4940 809 60
49 0.253889 0.016667 4169 914 60
50 0.101667 0.017222 5593 366 62
51 0.206389 0.018611 4524 743 67
52 0.000278 0.020278 4524 1 73
53 0.016389 0.024444 5980 59 88
54 0.519167 0.024722 7995 1869 89
55 0.207222 0.025278 4540 746 91
56 0.178333 0.025833 4064 642 93
57 0.351111 0.028611 4862 1264 103
58 0.236667 0.028889 5324 852 104
59 0.071389 0.029444 5889 257 106
60 0.389722 0.031389 7290 1403 113
61 0.185556 0.034167 3884 668 123
62 0.181389 0.037222 3897 653 134
63 0.085000 0.038056 5784 306 137
64 0.220556 0.038611 4921 794 139
65 0.148333 0.039722 4281 534 143
66 0.075833 0.042500 5695 273 153
67 0.034167 0.043333 5885 123 156
68 0.401667 0.045000 6755 1446 162
69 0.201667 0.045556 4727 726 164
70 0.246944 0.046111 6535 889 166
71 0.013611 0.048056 6538 49 173
72 0.205000 0.048333 4701 738 174
73 0.135833 0.048889 4507 489 176
74 0.043333 0.049444 5764 156 178
75 0.003889 0.050833 6361 14 183
76 0.000278 0.053333 6466 1 192
77 0.371111 0.054722 8175 1336 197
78 0.110278 0.056389 4442 397 203
79 0.078611 0.058889 4639 283 212
80 0.313611 0.062500 8589 1129 225
81 0.019722 0.063889 5423 71 230
82 0.323056 0.063889 8526 1163 230
83 0.169167 0.064444 3923 609 232
84 0.088056 0.066389 5052 317 239
85 0.293889 0.069167 8799 1058 249
86 0.018056 0.070000 5367 65 252
87 0.072500 0.070278 5160 261 253
88 0.106111 0.070278 4097 382 253
89 0.207222 0.071111 6748 746 256
90 0.064444 0.071944 5036 232 259
91 0.000278 0.074444 5393 1 268
92 0.048333 0.074722 4790 174 269
93 0.264722 0.076111 9012 953 274
94 0.536667 0.076667 6059 1932 276
95 0.244722 0.078056 8605 881 281
96 0.250556 0.078889 8654 902 284
97 0.065833 0.081389 5013 237 293
98 0.119722 0.081667 4511 431 294
99 0.536667 0.081667 6309 1932 294
100 0.296667 0.082778 8392 1068 298
101 0.011111 0.083333 5262 40 300
102 0.152500 0.083889 4855 549 302
103 0.255278 0.084722 8687 919 305
104 0.074722 0.085000 4685 269 306
105 0.226389 0.086667 8323 815 312
106 0.033611 0.086944 4983 121 313
107 0.000000 0.087500 5597 0 315
108 0.010000 0.088333 5291 36 318
109 0.046111 0.089167 5055 166 321
110 0.270278 0.090556 8546 973 326
111 0.536667 0.092222 5777 1932 332
112 0.021111 0.092500 5036 76 333
113 0.536667 0.094444 5692 1932 340
114 0.109722 0.095556 4980 395 344
115 0.000000 0.095833 5239 0 345
116 0.304167 0.095833 9081 1095 345
117 0.057222 0.096111 4826 206 346
118 0.250278 0.097500 7601 901 351
119 0.470556 0.099444 6561 1694 358
120 0.000000 0.099722 5150 0 359
121 0.462778 0.099722 6873 1666 359
122 0.273611 0.100556 9025 985 362
123 0.480833 0.101389 6696 1731 365
124 0.038333 0.103889 4862 138 374
125 0.536667 0.104444 5869 1932 376
126 0.000000 0.105000 4849 0 378
127 0.096389 0.105278 4498 347 379
128 0.285278 0.105556 8976 1027 380
129 0.011389 0.105833 5347 41 381
130 0.290000 0.106944 8907 1044 385
131 0.065556 0.108056 5396 236 389
132 0.114722 0.108333 4842 413 390
133 0.520000 0.108333 3267 1872 390
134 0.135278 0.108611 3772 487 391
135 0.000000 0.108889 5045 0 392
136 0.105833 0.109722 5055 381 395
137 0.415833 0.109722 7559 1497 395
138 0.055556 0.110833 5600 200 399
139 0.271944 0.111944 8599 979 403
140 0.376389 0.111944 9442 1355 403
141 0.283611 0.112778 8687 1021 406
142 0.000000 0.115000 5049 0 414
143 0.123056 0.115000 4524 443 414
144 0.105278 0.115278 4842 379 415
145 0.300000 0.115278 9087 1080 415
146 0.248056 0.116389 6725 893 419
147 0.171111 0.116667 7171 616 420
148 0.536667 0.117500 4192 1932 423
149 0.308333 0.117778 9022 1110 424
150 0.366389 0.117778 8392 1319 424
151 0.375000 0.118333 8943 1350 426
152 0.296667 0.120833 9078 1068 435
153 0.414444 0.121389 7752 1492 437
154 0.336667 0.121944 8343 1212 439
155 0.444722 0.121944 6748 1601 439
156 0.065833 0.122222 5485 237 440
157 0.000000 0.122778 5557 0 442
158 0.058889 0.123333 5770 212 444
159 0.038889 0.124444 5938 140 448
160 0.381667 0.125000 9373 1374 450
161 0.295278 0.127222 9146 1063 458
162 0.000000 0.127778 5426 0 460
163 0.011944 0.128056 5354 43 461
164 0.171944 0.128889 7690 619 464
165 0.235278 0.128889 6840 847 464
166 0.519167 0.129444 4652 1869 466
167 0.536667 0.129722 2778 1932 467
168 0.322778 0.130000 8218 1162 468
169 0.000000 0.132778 5538 0 478
170 0.300556 0.133333 9455 1082 480
171 0.000000 0.133611 5593 0 481
172 0.438056 0.136111 6765 1577 490
173 0.335833 0.136667 8713 1209 492
174 0.536667 0.136944 2814 1932 493
175 0.297500 0.137500 8999 1071 495
176 0.345278 0.137778 7595 1243 496
177 0.522222 0.137778 4688 1880 496
178 0.284722 0.138611 9137 1025 499
179 0.375833 0.138611 9425 1353 499
180 0.304722 0.139167 9402 1097 501
181 0.362778 0.140000 8166 1306 504
182 0.378056 0.140556 9350 1361 506
183 0.432222 0.140556 6758 1556 506
184 0.310556 0.141944 9107 1118 511
185 0.316389 0.141944 9156 1139 511
186 0.364167 0.142222 8139 1311 512
187 0.293611 0.142500 8989 1057 513
188 0.334722 0.142778 8963 1205 514
189 0.034722 0.143611 7299 125 517
190 0.280000 0.144722 8914 1008 521
191 0.115556 0.145000 7401 416 522
192 0.536667 0.145278 3336 1932 523
193 0.456389 0.145556 6236 1643 524
194 0.179722 0.145833 7995 647 525
195 0.379167 0.146944 9504 1365 529
196 0.460278 0.147222 6328 1657 530
197 0.473056 0.147500 6256 1703 531
198 0.536667 0.147778 3293 1932 532
199 0.315556 0.148611 9199 1136 535
200 0.536667 0.148889 3228 1932 536
201 0.179722 0.149167 8008 647 537
202 0.207500 0.149167 6748 747 537
203 0.398611 0.149167 9173 1435 537
204 0.358889 0.149722 8779 1292 539
205 0.386111 0.150833 9235 1390 543
206 0.383333 0.151111 9235 1380 544
207 0.266111 0.151667 8372 958 546
208 0.295833 0.151944 8641 1065 547
209 0.322778 0.152222 9081 1162 548
210 0.353333 0.152778 8996 1272 550
211 0.170556 0.153333 7578 614 552
212 0.392778 0.153333 9087 1414 552
213 0.401667 0.153333 9101 1446 552
214 0.113611 0.153611 7568 409 553
215 0.281111 0.153611 8914 1012 553
216 0.064722 0.154167 8175 233 555
217 0.311111 0.154722 8759 1120 557
218 0.326389 0.154722 9347 1175 557
219 0.536389 0.155000 2824 1931 558
220 0.307778 0.157222 8490 1108 566
221 0.350278 0.157222 9438 1261 566
222 0.395556 0.157500 8854 1424 567
223 0.279722 0.157778 9012 1007 568
224 0.357222 0.158056 9494 1286 569
225 0.373056 0.158056 9504 1343 569
226 0.536667 0.158056 2837 1932 569
227 0.026667 0.158333 8244 96 570
228 0.060833 0.158889 8385 219 572
229 0.336667 0.160556 7834 1212 578
230 0.375833 0.161111 9297 1353 580
231 0.362500 0.161389 9186 1305 581
232 0.398056 0.161944 8772 1433 583
233 0.303333 0.162222 8474 1092 584
234 0.323611 0.162778 9163 1165 586
235 0.368056 0.163611 9727 1325 589
236 0.536667 0.164167 2903 1932 591
237 0.403611 0.164722 8687 1453 593
238 0.115000 0.165833 8028 414 597
239 0.387500 0.165833 8080 1395 597
240 0.536667 0.166944 3113 1932 601
241 0.355000 0.167500 9409 1278 603
242 0.536667 0.167500 3126 1932 603
243 0.213611 0.168333 8267 769 606
244 0.536667 0.169722 3103 1932 611
245 0.330833 0.170000 9097 1191 612
246 0.373333 0.170556 9386 1344 614
247 0.353056 0.170833 9242 1271 615
248 0.536667 0.171667 3474 1932 618
249 0.313611 0.171944 8618 1129 619
250 0.053611 0.172222 8835 193 620
251 0.512500 0.172222 6617 1845 620
252 0.372222 0.172500 9261 1340 621
253 0.033333 0.172778 8976 120 622
254 0.065278 0.173056 7939 235 623
255 0.020833 0.173611 8904 75 625
256 0.333333 0.173889 9133 1200 626
257 0.536667 0.173889 3267 1932 626
258 0.204722 0.174167 8589 737 627
259 0.130556 0.175278 7270 470 631
260 0.536667 0.175556 3293 1932 632
261 0.202500 0.176111 8608 729 634
262 0.351667 0.176667 9396 1266 636
263 0.452222 0.176667 6607 1628 636
264 0.536667 0.176944 3313 1932 637
265 0.323056 0.177500 8740 1163 639
266 0.349444 0.178056 9465 1258 641
267 0.211389 0.178611 8287 761 643
268 0.536667 0.178889 3333 1932 644
269 0.343611 0.179167 9629 1237 645
270 0.334444 0.180278 9032 1204 649
271 0.368056 0.181111 8710 1325 652
272 0.503056 0.181389 5892 1811 653
273 0.316944 0.182500 8284 1141 657
274 0.384167 0.183333 9429 1383 660
275 0.496111 0.183333 6400 1786 660
276 0.536667 0.183333 3133 1932 660
277 0.343889 0.184167 9406 1238 663
278 0.201389 0.185000 8687 725 666
279 0.374167 0.185000 8861 1347 666
280 0.323889 0.185833 8251 1166 669
281 0.355556 0.187778 8795 1280 676
282 0.373611 0.187778 8891 1345 676
283 0.011944 0.188333 7762 43 678
284 0.381944 0.189167 8569 1375 681
285 0.392500 0.189444 9389 1413 682
286 0.271944 0.189722 8185 979 683
287 0.344167 0.190000 8625 1239 684
288 0.292500 0.190833 8996 1053 687
289 0.194722 0.191667 8195 701 690
290 0.079444 0.191944 6801 286 691
291 0.370833 0.192500 8979 1335 693
292 0.206389 0.193056 8451 743 695
293 0.536389 0.193056 3202 1931 695
294 0.371944 0.193889 8920 1339 698
295 0.463333 0.194444 3979 1668 700
296 0.019444 0.194722 7614 70 701
297 0.194167 0.195278 8172 699 703
298 0.536667 0.195556 3172 1932 704
299 0.110000 0.196389 8074 396 707
300 0.344722 0.196667 8763 1241 708
301 0.502222 0.197222 6085 1808 710
302 0.206667 0.197500 8431 744 711
303 0.357500 0.198056 8172 1287 713
304 0.535556 0.198889 3395 1928 716
305 0.270000 0.199167 9406 972 717
306 0.291667 0.199167 9396 1050 717
307 0.021111 0.201111 7818 76 724
308 0.276944 0.201111 9744 997 724
309 0.157500 0.203056 7949 567 731
310 0.107778 0.203611 8389 388 733
311 0.155278 0.203611 7831 559 733
312 0.060000 0.204167 9324 216 735
313 0.213611 0.204167 8362 769 735
314 0.292778 0.204444 9616 1054 736
315 0.202500 0.204722 8467 729 737
316 0.150833 0.206389 8188 543 743
317 0.441111 0.206389 6312 1588 743
318 0.281389 0.207222 9724 1013 746
319 0.337500 0.208889 8930 1215 752
320 0.529444 0.209444 5597 1906 754
321 0.279167 0.210000 9635 1005 756
322 0.342778 0.210000 8635 1234 756
323 0.135833 0.211667 8477 489 762
324 0.289167 0.211667 9668 1041 762
325 0.141944 0.211944 8438 511 763
326 0.268889 0.212500 9849 968 765
327 0.333889 0.213333 8854 1202 768
328 0.312778 0.215278 9599 1126 775
329 0.208056 0.215556 9399 749 776
330 0.063889 0.216389 9012 230 779
331 0.235556 0.216944 9183 848 781
332 0.270000 0.216944 9235 972 781
333 0.292500 0.216944 9255 1053 781
334 0.307778 0.216944 9412 1108 781
335 0.228889 0.217222 9780 824 782
336 0.156667 0.217500 7864 564 783
337 0.096389 0.217778 9396 347 784
338 0.302778 0.218056 9340 1090 785
339 0.374167 0.218056 8950 1347 785
340 0.421389 0.218056 7293 1517 785
341 0.295000 0.218889 9455 1062 788
342 0.376389 0.219167 9022 1355 789
343 0.229444 0.219444 9885 826 790
344 0.214722 0.219722 9662 773 791
345 0.297778 0.219722 9468 1072 791
346 0.145833 0.220000 7591 525 792
347 0.324444 0.220000 9307 1168 792
348 0.331667 0.220000 9120 1194 792
349 0.365278 0.220556 9248 1315 794
350 0.496667 0.220556 7513 1788 794
351 0.268056 0.221111 9242 965 796
352 0.200556 0.222778 9048 722 802
353 0.223889 0.223056 9757 806 803
354 0.381111 0.223056 8845 1372 803
355 0.000000 0.223333 4921 0 804
356 0.390278 0.223333 8664 1405 804
357 0.123889 0.223889 8641 446 806
358 0.311667 0.223889 8891 1122 806
359 0.095833 0.225000 9835 345 810
360 0.099444 0.225278 9849 358 811
361 0.000000 0.226667 4901 0 816
362 0.059722 0.226667 8792 215 816
363 0.325000 0.227222 9356 1170 818
364 0.358611 0.227778 8989 1291 820
365 0.366944 0.228056 9461 1321 821
366 0.390000 0.228056 8786 1404 821
367 0.082500 0.228333 9087 297 822
368 0.227500 0.228333 9790 819 822
369 0.281111 0.228889 7933 1012 824
370 0.139167 0.230000 8858 501 828
371 0.000000 0.231389 4632 0 833
372 0.111389 0.231389 9176 401 833
373 0.259167 0.231389 7109 933 833
374 0.339722 0.231389 9035 1223 833
375 0.127222 0.231667 9081 458 834
376 0.358333 0.231667 9455 1290 834
377 0.527778 0.231667 6122 1900 834
378 0.356944 0.231944 9478 1285 835
379 0.363056 0.232500 9156 1307 837
380 0.131111 0.233056 9101 472 839
381 0.390556 0.233056 8822 1406 839
382 0.346389 0.233333 9225 1247 840
383 0.066667 0.233611 8523 240 841
384 0.228333 0.233611 9806 822 841
385 0.293611 0.233611 8966 1057 841
386 0.122778 0.234167 9048 442 843
387 0.291389 0.234722 8982 1049 845
388 0.350278 0.234722 9297 1261 845
389 0.000000 0.235000 4576 0 846
390 0.115556 0.235556 9317 416 848
391 0.022500 0.236944 7260 81 853
392 0.048889 0.236944 8346 176 853
393 0.236111 0.236944 9166 850 853
394 0.239444 0.236944 9199 862 853
395 0.326944 0.236944 8622 1177 853
396 0.285278 0.237500 9087 1027 855
397 0.342778 0.238056 8766 1234 857
398 0.241111 0.238611 9399 868 859
399 0.359444 0.239167 9245 1294 861
400 0.225278 0.239444 9179 811 862
401 0.278333 0.239444 8986 1002 862
402 0.100278 0.241667 8933 361 870
403 0.041389 0.241944 8333 149 871
404 0.244167 0.241944 9333 879 871
405 0.163611 0.243056 8599 589 875
406 0.000000 0.243333 4455 0 876
407 0.280556 0.243611 9081 1010 877
408 0.218333 0.243889 9432 786 878
409 0.347222 0.244722 8953 1250 881
410 0.200000 0.245000 9084 720 882
411 0.166944 0.245556 8441 601 884
412 0.157222 0.245833 9133 566 885
413 0.248333 0.246389 9087 894 887
414 0.266667 0.246667 8054 960 888
415 0.366111 0.246944 9251 1318 889
416 0.150833 0.247500 9668 543 891
417 0.497778 0.248056 7270 1792 893
418 0.214167 0.248333 9442 771 894
419 0.218889 0.248611 9288 788 895
420 0.342222 0.249722 8592 1232 899
421 0.110556 0.250556 10433 398 902
422 0.259167 0.250556 8822 933 902
423 0.404444 0.250556 6381 1456 902
424 0.146111 0.250833 9402 526 903
425 0.320556 0.250833 8841 1154 903
426 0.282222 0.251111 8740 1016 904
427 0.305833 0.251667 7332 1101 906
428 0.375833 0.252500 9091 1353 909
429 0.413056 0.252500 6548 1487 909
430 0.137778 0.253333 9232 496 912
431 0.281389 0.253889 8727 1013 914
432 0.292500 0.253889 8395 1053 914
433 0.344444 0.254722 8654 1240 917
434 0.293611 0.255000 8353 1057 918
435 0.347500 0.255556 8622 1251 920
436 0.449722 0.256389 3628 1619 923
437 0.213056 0.256667 9094 767 924
438 0.321389 0.257500 8307 1157 927
439 0.347500 0.258056 8313 1251 929
440 0.369722 0.258611 8530 1331 931
441 0.231111 0.259444 8976 832 934
442 0.117778 0.260556 9471 424 938
443 0.349444 0.260556 8628 1258 938
444 0.132222 0.261111 9855 476 940
445 0.123333 0.261667 9724 444 942
446 0.266667 0.261667 9255 960 942
447 0.234444 0.261944 8631 844 943
448 0.100278 0.263611 11036 361 949
449 0.134167 0.264167 9704 483 951
450 0.000278 0.264444 7122 1 952
451 0.078611 0.264444 9891 283 952
452 0.318056 0.265000 8208 1145 954
453 0.464167 0.265000 6240 1671 954
454 0.144444 0.265556 9294 520 956
455 0.221389 0.265556 7956 797 956
456 0.350833 0.265556 8287 1263 956
457 0.260833 0.266111 8625 939 958
458 0.082500 0.266667 9806 297 960
459 0.197778 0.266667 8093 712 960
460 0.155833 0.267222 8546 561 962
461 0.352778 0.267222 8254 1270 962
462 0.062778 0.267500 9589 226 963
463 0.068333 0.267778 9704 246 964
464 0.151667 0.268333 8802 546 966
465 0.433889 0.268611 4163 1562 967
466 0.261111 0.270833 7772 940 975
467 0.056389 0.271111 9530 203 976
468 0.160833 0.272222 8533 579 980
469 0.183611 0.272222 8530 661 980
470 0.090278 0.272500 10859 325 981
471 0.203889 0.272500 8405 734 981
472 0.000278 0.272778 7611 1 982
473 0.163889 0.273611 8336 590 985
474 0.215833 0.273611 8582 777 985
475 0.136111 0.273889 9324 490 986
476 0.206667 0.274444 8612 744 988
477 0.225000 0.274722 8244 810 989
478 0.137778 0.275000 9406 496 990
479 0.200000 0.275000 8156 720 990
480 0.291944 0.275000 8136 1051 990
481 0.232222 0.275833 8280 836 993
482 0.321111 0.275833 8123 1156 993
483 0.236111 0.276944 8123 850 997
484 0.517778 0.276944 8011 1864 997
485 0.329167 0.277222 7821 1185 998
486 0.175000 0.278611 8064 630 1003
487 0.088333 0.279167 10738 318 1005
488 0.180000 0.279167 8428 648 1005
489 0.202222 0.279444 7667 728 1006
490 0.241944 0.279722 8018 871 1007
491 0.206667 0.280000 8149 744 1008
492 0.186944 0.280556 7693 673 1010
493 0.083333 0.282778 10629 300 1018
494 0.116111 0.282778 8848 418 1018
495 0.378611 0.282778 7995 1363 1018
496 0.321389 0.283333 7890 1157 1020
497 0.240278 0.284722 8205 865 1025
498 0.223611 0.285556 8038 805 1028
499 0.181667 0.286667 7821 654 1032
500 0.508056 0.286944 8635 1829 1033
501 0.524167 0.287222 8041 1887 1034
502 0.305556 0.287778 5997 1100 1036
503 0.389722 0.287778 8159 1403 1036
504 0.149167 0.288611 8448 537 1039
505 0.073611 0.290278 10052 265 1045
506 0.156389 0.290556 8284 563 1046
507 0.130833 0.291389 8854 471 1049
508 0.242500 0.291667 8005 873 1050
509 0.368056 0.291944 8129 1325 1051
510 0.435833 0.292222 6450 1569 1052
511 0.025000 0.292500 8215 90 1053
512 0.098889 0.295278 8763 356 1063
513 0.227500 0.296944 7273 819 1069
514 0.022500 0.297222 7887 81 1070
515 0.122500 0.298056 8431 441 1073
516 0.357778 0.298611 8175 1288 1075
517 0.158889 0.299722 8405 572 1079
518 0.227222 0.301111 7290 818 1084
519 0.119167 0.301667 8815 429 1086
520 0.318611 0.301667 6830 1147 1086
521 0.391389 0.301667 6499 1409 1086
522 0.284722 0.301944 7083 1025 1087
523 0.506389 0.301944 8779 1823 1087
524 0.250556 0.302778 7244 902 1090
525 0.373333 0.302778 7995 1344 1090
526 0.410000 0.302778 7060 1476 1090
527 0.014167 0.303056 7801 51 1091
528 0.073333 0.303333 8756 264 1092
529 0.083056 0.303333 8517 299 1092
530 0.485833 0.303611 8179 1749 1093
531 0.347222 0.304444 7900 1250 1096
532 0.066667 0.304722 8375 240 1097
533 0.496389 0.306667 8336 1787 1104
534 0.283889 0.306944 7093 1022 1105
535 0.486667 0.307222 8569 1752 1106
536 0.361111 0.307778 8579 1300 1108
537 0.461944 0.307778 8694 1663 1108
538 0.307778 0.308056 6673 1108 1109
539 0.163611 0.308889 7565 589 1112
540 0.357500 0.308889 8523 1287 1112
541 0.506944 0.309444 9002 1825 1114
542 0.167222 0.310556 7657 602 1118
543 0.352222 0.311389 8523 1268 1121
544 0.355278 0.311667 8684 1279 1122
545 0.285556 0.311944 6909 1028 1123
546 0.472500 0.312222 8631 1701 1124
547 0.114722 0.312500 8562 413 1125
548 0.167500 0.313611 7411 603 1129
549 0.358611 0.314167 7969 1291 1131
550 0.340000 0.314444 7490 1224 1132
551 0.473056 0.314722 8618 1703 1133
552 0.113333 0.315000 8602 408 1134
553 0.506944 0.315000 9324 1825 1134
554 0.250556 0.315556 7050 902 1136
555 0.489722 0.315833 8267 1763 1137
556 0.009722 0.316389 9038 35 1139
557 0.031944 0.316389 9140 115 1139
558 0.389167 0.316944 8034 1401 1141
559 0.477778 0.317778 8553 1720 1144
560 0.345000 0.319722 8139 1242 1151
561 0.024444 0.321111 9317 88 1156
562 0.473333 0.321111 8087 1704 1156
563 0.495278 0.322778 8910 1783 1162
564 0.166389 0.323333 7440 599 1164
565 0.369167 0.324167 8543 1329 1167
566 0.116944 0.324722 8087 421 1169
567 0.468056 0.324722 8369 1685 1169
568 0.484167 0.325278 8297 1743 1171
569 0.103056 0.325556 8582 371 1172
570 0.387778 0.326111 8057 1396 1174
571 0.496389 0.326111 9005 1787 1174
572 0.403889 0.326667 8641 1454 1176
573 0.000556 0.328056 10351 2 1181
574 0.487222 0.328056 8500 1754 1181
575 0.000000 0.328333 9064 0 1182
576 0.095556 0.328611 8832 344 1183
577 0.083056 0.329722 8897 299 1187
578 0.536667 0.330000 6591 1932 1188
579 0.000556 0.330278 9780 2 1189
580 0.050000 0.330833 9179 180 1191
581 0.100000 0.331667 8540 360 1194
582 0.072778 0.332778 8300 262 1198
583 0.100000 0.334167 8484 360 1203
584 0.034167 0.334444 9550 123 1204
585 0.064167 0.334722 8051 231 1205
586 0.163889 0.334722 7165 590 1205
587 0.000000 0.335833 9074 0 1209
588 0.000556 0.335833 10190 2 1209
589 0.027500 0.335833 9543 99 1209
590 0.053611 0.335833 8891 193 1209
591 0.496944 0.335833 9366 1789 1209
592 0.175000 0.336667 7129 630 1212
593 0.010000 0.337222 9855 36 1214
594 0.372222 0.337222 8756 1340 1214
595 0.528333 0.337500 8297 1902 1215
596 0.360000 0.338056 8553 1296 1217
597 0.375833 0.338056 8743 1353 1217
598 0.086944 0.339167 8218 313 1221
599 0.120556 0.339167 7080 434 1221
600 0.018889 0.339444 9809 68 1222
601 0.055000 0.340000 8707 198 1224
602 0.536667 0.340000 7696 1932 1224
603 0.179722 0.340556 7112 647 1226
604 0.356944 0.340833 8645 1285 1227
605 0.391944 0.340833 8904 1411 1227
606 0.102778 0.341111 7795 370 1228
607 0.508889 0.341389 8651 1832 1229
608 0.366944 0.341667 8589 1321 1230
609 0.536667 0.341944 7844 1932 1231
610 0.478611 0.342500 8366 1723 1233
611 0.122222 0.343333 7073 440 1236
612 0.386389 0.344722 8628 1391 1241
613 0.527500 0.345000 8704 1899 1242
614 0.477778 0.345556 8320 1720 1244
615 0.401944 0.345833 9045 1447 1245
616 0.316389 0.346111 7227 1139 1246
617 0.507778 0.346111 8372 1828 1246
618 0.368889 0.347500 8467 1328 1251
619 0.388333 0.348889 8658 1398 1256
620 0.469722 0.350278 8297 1691 1261
621 0.318611 0.350556 7345 1147 1262
622 0.535278 0.350556 8582 1927 1262
623 0.366944 0.351944 8497 1321 1267
624 0.133333 0.352222 7417 480 1268
625 0.061944 0.352500 6942 223 1269
626 0.265833 0.353056 7309 957 1271
627 0.285556 0.353056 7267 1028 1271
628 0.130278 0.353611 7171 469 1273
629 0.127778 0.355000 7440 460 1278
630 0.418611 0.355000 8123 1507 1278
631 0.464167 0.355278 8159 1671 1279
632 0.047500 0.356111 7155 171 1282
633 0.120833 0.358056 7260 435 1289
634 0.063611 0.359444 6676 229 1294
635 0.278611 0.362222 7536 1003 1304
636 0.044722 0.363333 7283 161 1308
637 0.536667 0.364444 7470 1932 1312
638 0.315000 0.366111 7650 1134 1318
639 0.360556 0.367500 8248 1298 1323
640 0.264444 0.367778 8264 952 1324
641 0.000000 0.369167 7559 0 1329
642 0.001389 0.369167 8697 5 1329
643 0.113333 0.369167 7007 408 1329
644 0.095556 0.369444 5688 344 1330
645 0.463056 0.369444 7375 1667 1330
646 0.274444 0.370556 8011 988 1334
647 0.392500 0.372500 7329 1413 1341
648 0.376944 0.373333 7670 1357 1344
649 0.111389 0.373889 7040 401 1346
650 0.269444 0.374444 8290 970 1348
651 0.408611 0.374444 7454 1471 1348
652 0.000000 0.374722 7139 0 1349
653 0.464444 0.377222 8159 1672 1358
654 0.110000 0.377500 6935 396 1359
655 0.313333 0.377500 7919 1128 1359
656 0.536667 0.377778 7306 1932 1360
657 0.469444 0.378056 7949 1690 1361
658 0.108611 0.379444 7076 391 1366
659 0.257778 0.379444 8175 928 1366
660 0.248333 0.380000 8139 894 1368
661 0.479722 0.381111 7253 1727 1372
662 0.536667 0.381944 7319 1932 1375
663 0.219722 0.382778 7624 791 1378
664 0.461111 0.382778 8038 1660 1378
665 0.293889 0.383333 6610 1058 1380
666 0.536389 0.383333 7339 1931 1380
667 0.251667 0.383611 8208 906 1381
668 0.402500 0.384167 5853 1449 1383
669 0.460000 0.384167 7939 1656 1383
670 0.006667 0.385278 7933 24 1387
671 0.247222 0.386111 7979 890 1390
672 0.456389 0.386944 8149 1643 1393
673 0.090833 0.391389 6476 327 1409
674 0.213611 0.391389 7847 769 1409
675 0.008333 0.391944 7683 30 1411
676 0.536389 0.393333 6624 1931 1416
677 0.447222 0.393611 7851 1610 1417
678 0.528611 0.395000 6318 1903 1422
679 0.238889 0.395278 7933 860 1423
680 0.228611 0.395556 7539 823 1424
681 0.309722 0.395556 8858 1115 1424
682 0.315000 0.395556 8720 1134 1424
683 0.013889 0.396111 7795 50 1426
684 0.460833 0.396389 7752 1659 1427
685 0.272500 0.397500 7034 981 1431
686 0.282222 0.397500 7211 1016 1431
687 0.536667 0.397500 6574 1932 1431
688 0.035000 0.397778 5656 126 1432
689 0.037222 0.397778 5616 134 1432
690 0.040278 0.397778 5439 145 1432
691 0.046389 0.397778 5629 167 1432
692 0.051667 0.397778 5452 186 1432
693 0.143056 0.397778 4616 515 1432
694 0.160556 0.397778 7053 578 1432
695 0.165278 0.397778 6778 595 1432
696 0.168056 0.397778 6965 605 1432
697 0.171111 0.397778 6889 616 1432
698 0.183611 0.397778 4940 661 1432
699 0.185556 0.397778 4895 668 1432
700 0.270556 0.397778 6975 974 1432
701 0.274167 0.397778 7001 987 1432
702 0.277500 0.397778 7109 999 1432
703 0.279722 0.397778 7139 1007 1432
704 0.291667 0.397778 6686 1050 1432
705 0.312500 0.397778 8802 1125 1432
706 0.313611 0.397778 8779 1129 1432
707 0.340833 0.397778 5928 1227 1432
708 0.343333 0.397778 5941 1236 1432
709 0.352778 0.397778 7230 1270 1432
710 0.358333 0.397778 6932 1290 1432
711 0.360000 0.397778 6916 1296 1432
712 0.381667 0.397778 6853 1374 1432
713 0.390278 0.397778 7099 1405 1432
714 0.394167 0.397778 6932 1419 1432
715 0.396944 0.397778 6922 1429 1432
716 0.406389 0.397778 6515 1463 1432
717 0.414167 0.397778 6469 1491 1432
718 0.425556 0.397778 6965 1532 1432
719 0.433611 0.397778 7365 1561 1432
720 0.435833 0.397778 7280 1569 1432
721 0.437778 0.397778 7253 1576 1432
722 0.441944 0.397778 7431 1591 1432
723 0.447222 0.397778 7837 1610 1432
724 0.452778 0.397778 7142 1630 1432
PromSaddles 723
1 0.028333 0.000278 3835 102 1
2 0.064722 0.000000 4855 233 0
3 0.075833 0.000000 4356 273 0
4 0.078056 0.000000 4238 281 0
5 0.085833 0.000000 4934 309 0
6 0.089444 0.000000 4950 322 0
7 0.173889 0.000000 4675 626 0
8 0.178889 0.000000 4970 644 0
9 0.180278 0.000000 5026 649 0
10 0.181389 0.000000 5029 653 0
11 0.196944 0.000000 3661 709 0
12 0.260556 0.000000 3914 938 0
13 0.265833 0.000000 4242 957 0
14 0.266944 0.000000 4219 961 0
15 0.267778 0.000000 4265 964 0
16 0.317222 0.000000 3523 1142 0
17 0.319444 0.000000 3382 1150 0
18 0.337222 0.000000 3405 1214 0
19 0.349444 0.000000 4461 1258 0
20 0.350556 0.000000 4432 1262 0
21 0.429722 0.000000 3428 1547 0
22 0.447778 0.000556 2175 1612 2
23 0.456944 0.000000 3093 1645 0
24 0.460000 0.000000 2952 1656 0
25 0.465556 0.000000 2513 1676 0
26 0.477222 0.000278 4337 1718 1
27 0.536389 0.000000 6420 1931 0
28 0.437500 0.000278 2946 1575 1
29 0.201389 0.000556 3270 725 2
30 0.276111 0.001111 4917 994 4
31 0.346111 0.001111 4235 1246 4
32 0.536667 0.001667 6217 1932 6
33 0.381389 0.001944 5042 1373 7
34 0.233333 0.003056 4803 840 11
35 0.096667 0.006111 5193 348 22
36 0.536667 0.007222 6017 1932 26
37 0.289722 0.008611 4835 1043 31
38 0.185833 0.008889 4143 669 32
39 0.183333 0.010278 4130 660 37
40 0.286944 0.010278 4862 1033 37
41 0.102778 0.011389 5485 370 41
42 0.125556 0.011389 5062 452 41
43 0.213056 0.011389 4370 767 41
44 0.291111 0.015278 4983 1048 55
45 0.370278 0.016389 5623 1333 59
46 0.112778 0.018333 5078 406 66
47 0.233889 0.019167 4668 842 69
48 0.252778 0.019722 3966 910 71
49 0.207222 0.021667 4261 746 78
50 0.227222 0.022222 4658 818 80
51 0.001389 0.024167 4284 5 87
52 0.097222 0.026944 5193 350 97
53 0.355000 0.027222 4662 1278 98
54 0.211667 0.028333 4248 762 102
55 0.184444 0.028889 3730 664 104
56 0.017778 0.030833 5718 64 111
57 0.238333 0.031667 4868 858 114
58 0.389722 0.034167 7188 1403 123
59 0.185278 0.037778 3772 667 136
60 0.077500 0.038333 5613 279 138
61 0.191389 0.039722 3602 689 143
62 0.221389 0.040000 4812 797 144
63 0.076389 0.040278 5492 275 145
64 0.147500 0.041944 4179 531 151
65 0.120833 0.045833 3884 435 165
66 0.033056 0.044722 5764 119 161
67 0.398056 0.044722 6640 1433 161
68 0.201944 0.047500 4511 727 171
69 0.203889 0.048889 4573 734 176
70 0.249167 0.048889 6377 897 176
71 0.007778 0.049444 6197 28 178
72 0.002222 0.051389 6259 8 185
73 0.086667 0.051667 4491 312 186
74 0.036944 0.054167 5577 133 195
75 0.104722 0.058333 4173 377 210
76 0.075278 0.060833 4461 271 219
77 0.019722 0.061944 5272 71 223
78 0.316667 0.063611 8070 1140 229
79 0.171389 0.063889 3753 617 230
80 0.299722 0.064444 8326 1079 232
81 0.535833 0.066389 3868 1929 239
82 0.019167 0.066944 5131 69 241
83 0.105833 0.067500 3986 381 243
84 0.000278 0.071667 5206 1 258
85 0.069167 0.073056 4904 249 263
86 0.208056 0.072778 6646 749 262
87 0.045278 0.075833 4616 163 273
88 0.372778 0.075833 6922 1342 273
89 0.015556 0.077500 4977 56 279
90 0.295000 0.078056 7877 1062 281
91 0.248333 0.078333 8487 894 282
92 0.066389 0.078611 4862 239 283
93 0.536667 0.078611 5905 1932 283
94 0.251944 0.079444 8536 907 286
95 0.078333 0.079722 4494 282 287
96 0.235556 0.083333 7759 848 300
97 0.260000 0.085000 8034 936 306
98 0.118611 0.085278 4347 427 307
99 0.011111 0.085556 5101 40 308
100 0.266667 0.085556 7988 960 308
101 0.297500 0.085556 8087 1071 308
102 0.072778 0.087778 4573 262 316
103 0.536667 0.088611 5104 1932 319
104 0.028611 0.088889 4786 103 320
105 0.270833 0.092778 8320 975 334
106 0.536667 0.093611 5629 1932 337
107 0.058889 0.094167 4652 212 339
108 0.011667 0.094722 4842 42 341
109 0.000000 0.095556 5236 0 344
110 0.252222 0.095556 7477 908 344
111 0.018333 0.095833 4888 66 345
112 0.155000 0.095833 4461 558 345
113 0.043889 0.096944 4530 158 349
114 0.536667 0.097222 5239 1932 350
115 0.052778 0.099444 4681 190 358
116 0.000000 0.099444 5147 0 358
117 0.471111 0.099444 6532 1696 358
118 0.469444 0.099722 6532 1690 359
119 0.108333 0.100556 4688 390 362
120 0.302778 0.102778 8441 1090 370
121 0.000000 0.103889 4829 0 374
122 0.280278 0.104167 8612 1009 375
123 0.039722 0.105278 4760 143 379
124 0.000000 0.105833 4832 0 381
125 0.099722 0.106111 4389 359 382
126 0.002778 0.106667 4717 10 384
127 0.288056 0.106944 8717 1037 385
128 0.520833 0.108333 3113 1875 390
129 0.112222 0.108889 4740 404 392
130 0.283611 0.108611 8418 1021 391
131 0.273056 0.108889 8290 983 392
132 0.298333 0.110000 8569 1074 396
133 0.133611 0.110556 3556 481 398
134 0.000000 0.112222 4878 0 404
135 0.066389 0.113056 5269 239 407
136 0.249722 0.113333 6620 899 408
137 0.450833 0.114167 6361 1623 411
138 0.536667 0.114722 3615 1932 413
139 0.105556 0.115000 4839 380 414
140 0.120000 0.115278 4330 432 415
141 0.000000 0.115556 5039 0 416
142 0.058889 0.115833 5206 212 417
143 0.105278 0.115833 4839 379 417
144 0.414444 0.115833 7431 1492 417
145 0.008611 0.116667 4842 31 420
146 0.304167 0.116667 8786 1095 420
147 0.368889 0.117222 8254 1328 422
148 0.375278 0.117222 8841 1351 422
149 0.298611 0.117778 8900 1075 424
150 0.170278 0.118611 7057 613 427
151 0.375833 0.119444 8802 1353 430
152 0.413056 0.122778 7634 1487 442
153 0.297500 0.123056 8907 1071 443
154 0.240000 0.123333 6496 864 444
155 0.064444 0.123889 5380 232 446
156 0.059722 0.125556 5583 215 452
157 0.336667 0.125833 7995 1212 453
158 0.036111 0.127500 5711 130 459
159 0.298056 0.128333 8822 1073 462
160 0.536667 0.128333 2752 1932 462
161 0.015833 0.129444 5114 57 466
162 0.000000 0.130278 5298 0 469
163 0.444722 0.130278 6581 1601 469
164 0.536111 0.131389 2713 1930 473
165 0.322222 0.131944 8047 1160 475
166 0.519444 0.132222 4452 1870 476
167 0.379167 0.132500 8661 1365 477
168 0.000278 0.133056 4566 1 479
169 0.000278 0.134722 4694 1 485
170 0.302500 0.134722 8996 1089 485
171 0.298611 0.136667 8887 1075 492
172 0.536389 0.138056 2742 1931 497
173 0.295833 0.138056 8740 1065 497
174 0.436111 0.138056 6637 1570 497
175 0.175833 0.139444 7267 633 502
176 0.376944 0.139444 9196 1357 502
177 0.334444 0.139722 8582 1204 503
178 0.520556 0.139722 4484 1874 503
179 0.283333 0.140833 8736 1020 507
180 0.290556 0.141389 8694 1046 509
181 0.309167 0.141389 8933 1113 509
182 0.312778 0.141389 8920 1126 509
183 0.342778 0.141389 7493 1234 509
184 0.363333 0.141389 8038 1308 509
185 0.365556 0.146667 7995 1316 528
186 0.315278 0.143333 8835 1135 516
187 0.378889 0.143611 8914 1364 517
188 0.430556 0.143889 6607 1550 518
189 0.451389 0.143889 6043 1625 518
190 0.458056 0.146667 6072 1649 528
191 0.536667 0.146667 3093 1932 528
192 0.114167 0.147500 7276 411 531
193 0.180000 0.147778 7831 648 532
194 0.295556 0.148056 8392 1064 533
195 0.466111 0.148333 5951 1678 534
196 0.328889 0.148611 8645 1184 535
197 0.536667 0.148611 3195 1932 535
198 0.321111 0.148889 8628 1156 536
199 0.381944 0.148889 9133 1375 536
200 0.030556 0.149167 7053 110 537
201 0.279444 0.149444 8562 1006 538
202 0.384722 0.150833 9104 1385 543
203 0.388333 0.150833 8838 1398 543
204 0.269444 0.151111 7995 970 544
205 0.358056 0.151389 8648 1289 545
206 0.536667 0.151944 2814 1932 547
207 0.399722 0.152222 8877 1439 548
208 0.374722 0.152500 8746 1349 549
209 0.395000 0.152500 8956 1422 549
210 0.173333 0.152778 7454 624 550
211 0.324444 0.153056 8946 1168 551
212 0.206944 0.154444 6289 745 556
213 0.311944 0.153611 8569 1123 553
214 0.535833 0.154444 2821 1929 556
215 0.354167 0.154444 8858 1275 556
216 0.396111 0.154722 8585 1426 557
217 0.279722 0.155556 8608 1007 560
218 0.112778 0.156111 7375 406 562
219 0.062222 0.156389 8047 224 563
220 0.308333 0.156667 8375 1110 564
221 0.353611 0.157778 9163 1273 568
222 0.536667 0.158611 2828 1932 571
223 0.306111 0.158889 8359 1102 572
224 0.371389 0.159444 9176 1337 574
225 0.397500 0.159444 8533 1431 574
226 0.335278 0.160556 7716 1207 578
227 0.374444 0.159722 9146 1348 575
228 0.325000 0.160000 8753 1170 576
229 0.360278 0.161389 9025 1297 581
230 0.365000 0.161667 8904 1314 582
231 0.183056 0.163611 6791 659 589
232 0.401667 0.163333 8412 1446 588
233 0.024444 0.163611 7801 88 589
234 0.356111 0.163611 8930 1282 589
235 0.387222 0.165000 7949 1394 594
236 0.536667 0.165000 2890 1932 594
237 0.328333 0.165278 8464 1182 595
238 0.371667 0.166667 8894 1338 600
239 0.536667 0.167222 3110 1932 602
240 0.060000 0.167778 8110 216 604
241 0.210278 0.168056 7952 757 605
242 0.536667 0.169167 3064 1932 609
243 0.317222 0.169444 8172 1142 610
244 0.353611 0.169444 9068 1273 610
245 0.536667 0.170000 3100 1932 612
246 0.372778 0.171667 9160 1342 618
247 0.063611 0.172500 7785 229 621
248 0.333056 0.172500 8973 1199 621
249 0.049444 0.172778 8366 178 622
250 0.536667 0.173333 3234 1932 624
251 0.351944 0.173889 8959 1267 626
252 0.536667 0.174444 3241 1932 628
253 0.025000 0.174722 8395 90 629
254 0.325833 0.174722 8471 1173 629
255 0.375833 0.175000 8933 1353 630
256 0.447500 0.175000 6325 1611 630
257 0.203333 0.175278 8467 732 631
258 0.126111 0.175833 7086 454 633
259 0.207500 0.175833 7985 747 633
260 0.338333 0.176111 8730 1218 634
261 0.536667 0.176111 3284 1932 634
262 0.346389 0.177222 9156 1247 638
263 0.350556 0.177222 9258 1262 638
264 0.335000 0.177500 8733 1206 639
265 0.536667 0.177500 3293 1932 639
266 0.320000 0.179722 8126 1152 647
267 0.201667 0.180000 8218 726 648
268 0.368611 0.180278 8579 1327 649
269 0.375278 0.180278 8530 1351 649
270 0.325556 0.180833 8054 1172 651
271 0.503611 0.180833 5885 1813 651
272 0.502500 0.181667 5885 1809 654
273 0.536667 0.181667 3097 1932 654
274 0.115000 0.181944 7145 414 655
275 0.343056 0.182222 9127 1235 656
276 0.533333 0.185278 2949 1920 667
277 0.016667 0.184167 7562 60 663
278 0.388056 0.184444 9051 1397 664
279 0.354167 0.185000 8375 1275 666
280 0.047500 0.186111 7431 171 670
281 0.373611 0.186389 8654 1345 671
282 0.019444 0.187778 7404 70 676
283 0.381667 0.188333 8385 1374 678
284 0.344444 0.188611 8435 1240 679
285 0.371944 0.190556 8484 1339 686
286 0.195556 0.190833 8083 704 687
287 0.271667 0.191111 8051 978 688
288 0.076111 0.192778 6643 274 694
289 0.203333 0.192778 8185 732 694
290 0.292778 0.193056 8753 1054 695
291 0.371667 0.193056 8651 1338 695
292 0.194167 0.193889 8067 699 698
293 0.459167 0.193889 3779 1653 698
294 0.344722 0.194167 8231 1241 699
295 0.536667 0.194167 3064 1932 699
296 0.356389 0.195833 7791 1283 705
297 0.500833 0.195833 5928 1803 705
298 0.535000 0.195833 3005 1926 705
299 0.206667 0.196111 8297 744 706
300 0.020000 0.197778 7483 72 712
301 0.109722 0.197778 7952 395 712
302 0.502778 0.198611 5902 1810 715
303 0.271944 0.199722 9169 979 719
304 0.534722 0.199722 3251 1925 719
305 0.291667 0.200278 9235 1050 721
306 0.203333 0.201944 8179 732 727
307 0.339167 0.202500 7962 1221 729
308 0.155556 0.203333 7821 560 732
309 0.155000 0.203611 7821 558 733
310 0.279167 0.203889 9471 1005 734
311 0.105556 0.205278 8248 380 739
312 0.147500 0.205833 8015 531 741
313 0.439444 0.206111 6184 1582 742
314 0.211667 0.207500 8215 762 747
315 0.204167 0.208333 8277 735 750
316 0.291111 0.208333 9212 1048 750
317 0.280556 0.209167 9491 1010 753
318 0.286667 0.209167 9212 1032 753
319 0.341389 0.209167 8507 1229 753
320 0.335000 0.210556 8480 1206 758
321 0.139167 0.211667 8287 501 762
322 0.528333 0.211667 5331 1902 762
323 0.275556 0.211944 9212 992 763
324 0.062500 0.213333 8822 225 768
325 0.149167 0.215278 7467 537 775
326 0.292222 0.215833 9009 1052 777
327 0.269722 0.216389 9130 971 779
328 0.334722 0.216389 8694 1205 779
329 0.131111 0.216667 7936 472 780
330 0.309167 0.216667 9268 1113 780
331 0.416389 0.216944 6906 1499 781
332 0.371944 0.217222 8618 1339 782
333 0.143333 0.217500 7473 516 783
334 0.208889 0.217500 9268 752 783
335 0.235000 0.217500 9048 846 783
336 0.293611 0.217500 9143 1057 783
337 0.304167 0.217500 9114 1095 783
338 0.228611 0.218333 9642 823 786
339 0.267778 0.218333 8900 964 786
340 0.075833 0.218611 8464 273 787
341 0.299722 0.218611 9114 1079 787
342 0.204722 0.218889 8566 737 788
343 0.296667 0.218889 9337 1068 788
344 0.322500 0.218889 8946 1161 788
345 0.375000 0.218889 8828 1350 788
346 0.095000 0.219167 9284 342 789
347 0.330278 0.219722 8982 1189 791
348 0.380278 0.222222 8638 1369 800
349 0.225833 0.222500 9452 813 801
350 0.388056 0.222500 8362 1397 801
351 0.000000 0.222778 4901 0 802
352 0.220833 0.222778 9068 795 802
353 0.311667 0.223056 8776 1122 803
354 0.366667 0.223611 9045 1320 805
355 0.060556 0.223889 8615 218 806
356 0.000000 0.224722 4826 0 809
357 0.097222 0.225000 9694 350 810
358 0.325000 0.225000 8999 1170 810
359 0.086111 0.225278 8782 310 811
360 0.389722 0.225556 8553 1403 812
361 0.227778 0.226111 9530 820 814
362 0.124444 0.226667 8300 448 816
363 0.295556 0.227500 8533 1064 819
364 0.358056 0.228611 8766 1289 823
365 0.334167 0.229167 8343 1203 825
366 0.280833 0.229444 7821 1011 826
367 0.107778 0.230000 8933 388 828
368 0.000000 0.230278 4576 0 829
369 0.390000 0.230278 8464 1404 829
370 0.136944 0.230556 8671 493 830
371 0.363611 0.231389 8989 1309 833
372 0.261111 0.231667 7004 940 834
373 0.342222 0.231944 8769 1232 835
374 0.357500 0.231944 9333 1287 835
375 0.063889 0.232222 8320 230 836
376 0.228333 0.232222 9580 822 836
377 0.362500 0.232500 9025 1305 837
378 0.130000 0.232778 8963 468 838
379 0.125278 0.233056 8766 451 839
380 0.000000 0.234167 4573 0 843
381 0.051389 0.233889 8234 185 842
382 0.354444 0.233889 8900 1276 842
383 0.113611 0.234167 8930 409 843
384 0.291944 0.234167 8848 1051 843
385 0.327222 0.234444 8461 1178 844
386 0.288611 0.234722 8694 1039 845
387 0.120556 0.235278 8920 434 847
388 0.347778 0.235278 9025 1252 847
389 0.233889 0.235833 9064 842 849
390 0.026111 0.236389 7145 94 851
391 0.527778 0.236389 6013 1900 851
392 0.237778 0.236667 9012 856 852
393 0.360556 0.236944 8986 1298 853
394 0.343889 0.237222 8608 1238 854
395 0.044444 0.237778 8218 160 856
396 0.114444 0.237500 9127 412 855
397 0.240278 0.237500 9081 865 855
398 0.505278 0.237778 6624 1819 856
399 0.225556 0.238056 9038 812 857
400 0.281944 0.238333 8809 1015 858
401 0.348333 0.240278 8480 1254 865
402 0.242222 0.240556 8950 872 866
403 0.000000 0.241389 4409 0 869
404 0.105000 0.241389 8736 378 869
405 0.280833 0.241389 8753 1011 869
406 0.223889 0.241667 8786 806 870
407 0.162222 0.242778 8389 584 874
408 0.322500 0.242778 8362 1161 874
409 0.165278 0.243889 8205 595 878
410 0.245278 0.244444 8792 883 880
411 0.364167 0.245278 8953 1311 883
412 0.155000 0.245556 8599 558 884
413 0.206111 0.246111 8792 742 886
414 0.219167 0.246111 9176 789 886
415 0.343611 0.247778 8480 1237 892
416 0.217500 0.248056 9071 783 893
417 0.252222 0.248889 8530 908 896
418 0.268056 0.248889 7949 965 896
419 0.281667 0.248889 8418 1014 896
420 0.308056 0.248889 7191 1109 896
421 0.228333 0.249444 8195 822 898
422 0.146944 0.250278 9238 529 901
423 0.404167 0.250278 6377 1455 901
424 0.371111 0.250556 8435 1336 902
425 0.404722 0.250556 6377 1457 902
426 0.500833 0.250833 7017 1803 903
427 0.289444 0.251389 8005 1042 905
428 0.139444 0.251944 9068 502 907
429 0.109167 0.252500 10295 393 909
430 0.281944 0.252778 8602 1015 910
431 0.343889 0.253056 8362 1238 911
432 0.213611 0.253889 8749 769 914
433 0.278889 0.254167 8303 1004 915
434 0.292778 0.254444 8238 1054 916
435 0.136389 0.254722 9005 491 917
436 0.266667 0.255000 8126 960 918
437 0.346111 0.255278 8484 1246 919
438 0.320833 0.256111 8031 1155 922
439 0.370278 0.256667 8182 1333 924
440 0.347222 0.257500 8287 1250 927
441 0.446667 0.257500 3517 1608 927
442 0.347778 0.258333 8287 1252 930
443 0.115833 0.259722 9232 417 935
444 0.121944 0.260278 9281 439 937
445 0.319167 0.260278 8031 1149 937
446 0.127778 0.260833 9386 460 939
447 0.233611 0.261111 8428 841 940
448 0.133333 0.263333 9593 480 948
449 0.223889 0.263611 7847 806 949
450 0.071389 0.264167 9461 257 951
451 0.143056 0.264167 8940 515 951
452 0.350278 0.264167 7979 1261 951
453 0.204167 0.265000 7683 735 954
454 0.261111 0.265000 8494 940 954
455 0.080278 0.265556 9507 289 956
456 0.295000 0.266111 7608 1062 958
457 0.352222 0.266389 8054 1268 959
458 0.083333 0.266944 9698 300 961
459 0.098056 0.267222 10472 353 962
460 0.150000 0.267222 8543 540 962
461 0.000278 0.267500 6656 1 963
462 0.065833 0.267500 9363 237 963
463 0.155000 0.267500 8385 558 963
464 0.200556 0.268056 7965 722 965
465 0.158056 0.268611 8248 569 967
466 0.060556 0.268611 9337 218 967
467 0.430556 0.269444 4012 1550 970
468 0.260556 0.269722 7637 938 971
469 0.319722 0.270833 7906 1151 975
470 0.135556 0.273056 9176 488 983
471 0.163056 0.273333 8192 587 984
472 0.205000 0.273333 8270 738 984
473 0.136944 0.273889 9156 493 986
474 0.461944 0.273889 6023 1663 986
475 0.211111 0.274167 8192 760 987
476 0.222500 0.274167 8057 801 987
477 0.193611 0.274722 7749 697 989
478 0.228056 0.275000 7883 821 990
479 0.088056 0.275000 10492 317 990
480 0.180556 0.275556 8028 650 992
481 0.201389 0.275556 8021 725 992
482 0.326111 0.276389 7690 1174 995
483 0.234444 0.276944 7851 844 997
484 0.170278 0.277500 7493 613 999
485 0.240833 0.278333 7824 867 1002
486 0.176389 0.278611 7910 635 1003
487 0.141111 0.278889 8018 508 1004
488 0.202500 0.278889 7513 729 1004
489 0.116111 0.279167 8553 418 1005
490 0.206667 0.279167 8008 744 1005
491 0.515556 0.280000 7621 1856 1008
492 0.186389 0.280556 7555 671 1010
493 0.086111 0.281111 10465 310 1012
494 0.320556 0.281111 7693 1154 1012
495 0.131667 0.281667 8015 474 1014
496 0.241111 0.282222 7900 868 1016
497 0.381667 0.282500 7837 1374 1017
498 0.370000 0.283056 7611 1332 1019
499 0.223056 0.283333 7670 803 1020
500 0.179444 0.285000 7634 646 1026
501 0.307222 0.286389 5741 1106 1031
502 0.518889 0.286389 7693 1868 1031
503 0.153611 0.286667 7719 553 1032
504 0.075278 0.288889 9944 271 1040
505 0.241111 0.288889 7772 868 1040
506 0.291111 0.290000 6568 1048 1044
507 0.347500 0.290556 6801 1251 1046
508 0.123611 0.291389 7339 445 1049
509 0.000278 0.291667 5154 1 1050
510 0.440000 0.293889 6158 1584 1058
511 0.098056 0.294167 8661 353 1059
512 0.320000 0.295000 6719 1152 1062
513 0.504167 0.294722 8362 1815 1061
514 0.157778 0.295278 8008 568 1063
515 0.364722 0.295278 7664 1313 1063
516 0.023889 0.295556 7749 86 1064
517 0.225833 0.296111 7152 813 1066
518 0.247778 0.297500 6850 892 1071
519 0.227222 0.298333 7014 818 1074
520 0.120833 0.298611 8264 435 1075
521 0.018333 0.299722 7647 66 1079
522 0.358333 0.300556 7962 1290 1082
523 0.389722 0.301667 6397 1403 1086
524 0.081944 0.301667 8287 295 1086
525 0.072500 0.302222 8638 261 1088
526 0.370278 0.303056 7673 1333 1091
527 0.067500 0.303333 8241 243 1092
528 0.284722 0.303611 6955 1025 1093
529 0.408056 0.304722 6781 1469 1097
530 0.485556 0.304722 8038 1748 1097
531 0.349722 0.305000 7660 1259 1098
532 0.506389 0.305833 8254 1823 1101
533 0.013333 0.305833 7696 48 1101
534 0.315000 0.306389 6463 1134 1103
535 0.161389 0.306667 7368 581 1104
536 0.500000 0.307500 7949 1800 1107
537 0.358611 0.307778 8385 1291 1108
538 0.465833 0.308611 8412 1677 1111
539 0.164722 0.309167 7444 593 1113
540 0.356389 0.310000 8392 1283 1116
541 0.114722 0.310278 8198 413 1117
542 0.285556 0.310278 6791 1028 1117
543 0.353056 0.310833 8343 1271 1119
544 0.506944 0.311667 8763 1825 1122
545 0.250000 0.312222 6876 900 1124
546 0.360000 0.312500 7864 1296 1125
547 0.488333 0.312500 8100 1758 1125
548 0.166944 0.312778 7283 601 1126
549 0.113889 0.313611 8392 410 1129
550 0.472778 0.313611 8480 1702 1129
551 0.341111 0.314722 7385 1228 1133
552 0.363333 0.315000 7910 1308 1134
553 0.475278 0.316111 8415 1711 1138
554 0.347500 0.316389 7979 1251 1139
555 0.166667 0.317500 7165 600 1143
556 0.490833 0.317778 7952 1767 1144
557 0.029167 0.318056 8871 105 1145
558 0.008056 0.318889 8795 29 1148
559 0.497778 0.318889 8540 1792 1148
560 0.473333 0.320556 8064 1704 1154
561 0.020000 0.320833 8789 72 1155
562 0.473056 0.321389 8064 1703 1157
563 0.482222 0.322500 8169 1736 1161
564 0.104722 0.323333 8136 377 1164
565 0.111389 0.323333 7860 401 1164
566 0.386944 0.323889 7726 1393 1166
567 0.495833 0.325000 8694 1785 1170
568 0.485000 0.326111 8152 1746 1174
569 0.099444 0.326667 8389 358 1176
570 0.369167 0.326667 8211 1329 1176
571 0.089444 0.326944 7969 322 1177
572 0.494722 0.328889 8815 1781 1184
573 0.488333 0.329167 8359 1758 1185
574 0.000000 0.329722 8723 0 1187
575 0.000556 0.329722 9773 2 1187
576 0.077222 0.330278 7959 278 1189
577 0.098889 0.330278 8238 356 1189
578 0.385833 0.330556 7762 1389 1190
579 0.000556 0.330556 9773 2 1190
580 0.536667 0.330556 6578 1932 1190
581 0.046111 0.331111 8743 166 1192
582 0.171944 0.331667 6624 619 1194
583 0.397778 0.331667 7962 1432 1194
584 0.164167 0.332222 6942 591 1196
585 0.100000 0.332778 8362 360 1198
586 0.051944 0.333611 8654 187 1201
587 0.068056 0.333611 7709 245 1201
588 0.083333 0.333611 7933 300 1201
589 0.030000 0.335833 9393 108 1209
590 0.025000 0.336111 9353 90 1210
591 0.062222 0.336389 7785 224 1211
592 0.000000 0.337222 8727 0 1214
593 0.015556 0.337222 9658 56 1214
594 0.118611 0.337778 6788 427 1216
595 0.363333 0.337778 8211 1308 1216
596 0.373889 0.337778 8562 1346 1216
597 0.177222 0.338056 6912 638 1217
598 0.005000 0.338611 9632 18 1219
599 0.054722 0.338611 8599 197 1219
600 0.385556 0.338889 8231 1388 1220
601 0.358333 0.339167 8435 1290 1221
602 0.368889 0.339722 8435 1328 1223
603 0.102222 0.340278 7654 368 1225
604 0.481944 0.340000 7988 1735 1224
605 0.121389 0.340278 6896 437 1225
606 0.526944 0.340278 7860 1897 1225
607 0.536667 0.340278 7693 1932 1225
608 0.330278 0.341667 6131 1189 1230
609 0.505556 0.341389 8343 1820 1229
610 0.387500 0.342778 8474 1395 1234
611 0.516389 0.343333 8057 1859 1236
612 0.536389 0.343333 7719 1931 1236
613 0.478056 0.344167 8031 1721 1239
614 0.368889 0.344722 8307 1328 1241
615 0.396667 0.344722 8517 1428 1241
616 0.508056 0.344722 8179 1829 1241
617 0.387222 0.346389 8444 1394 1247
618 0.124444 0.347222 6591 448 1250
619 0.318056 0.347222 7109 1145 1250
620 0.473333 0.348333 7874 1704 1254
621 0.531944 0.348611 8336 1915 1255
622 0.410833 0.348889 7634 1479 1256
623 0.060556 0.349722 6689 218 1259
624 0.367500 0.349722 8277 1323 1259
625 0.048056 0.350833 6893 173 1263
626 0.130556 0.353333 7168 470 1272
627 0.130000 0.353611 7168 468 1273
628 0.265833 0.354722 7191 957 1277
629 0.318333 0.354444 6971 1146 1276
630 0.464444 0.354444 7995 1672 1276
631 0.284444 0.355000 7083 1024 1278
632 0.062222 0.356944 6571 224 1285
633 0.046111 0.357500 7050 166 1287
634 0.123889 0.357778 7145 446 1288
635 0.366944 0.358889 7880 1321 1292
636 0.536667 0.359722 7083 1932 1295
637 0.118611 0.362778 6696 427 1306
638 0.275833 0.365000 7312 993 1314
639 0.000278 0.365278 7965 1 1315
640 0.463056 0.366111 6850 1667 1318
641 0.000000 0.367222 7322 0 1322
642 0.100000 0.368889 5426 360 1328
643 0.374722 0.368333 7463 1349 1326
644 0.407222 0.369722 7063 1466 1331
645 0.266111 0.370000 8034 958 1332
646 0.392222 0.370278 7201 1412 1333
647 0.270833 0.371667 7844 975 1338
648 0.462500 0.371111 7240 1665 1336
649 0.111667 0.371667 6906 402 1338
650 0.316667 0.371944 7509 1140 1339
651 0.000000 0.374167 7132 0 1347
652 0.535000 0.374167 7050 1926 1347
653 0.263333 0.375833 7664 948 1353
654 0.110278 0.377222 6932 397 1358
655 0.109722 0.377500 6932 395 1359
656 0.467500 0.377778 7847 1683 1360
657 0.476667 0.379167 7135 1716 1365
658 0.536667 0.379444 7230 1932 1366
659 0.462222 0.380000 7644 1664 1368
660 0.000833 0.380556 7762 3 1370
661 0.254167 0.381111 7893 915 1372
662 0.309722 0.381111 7385 1115 1372
663 0.249722 0.381667 7969 899 1374
664 0.536667 0.382500 7306 1932 1377
665 0.403056 0.383333 5744 1451 1380
666 0.460278 0.383889 7933 1657 1382
667 0.459722 0.384444 7933 1655 1384
668 0.248889 0.385278 7841 896 1387
669 0.289444 0.385833 6181 1042 1389
670 0.216389 0.386667 7434 779 1392
671 0.098056 0.388889 5744 353 1400
672 0.007500 0.389722 7450 27 1403
673 0.278056 0.390278 6722 1001 1405
674 0.245000 0.392500 7447 882 1413
675 0.450556 0.392500 7664 1622 1413
676 0.011667 0.392778 7572 42 1414
677 0.530833 0.392778 6207 1911 1414
678 0.536389 0.392778 6617 1931 1414
679 0.221667 0.393333 7342 798 1416
680 0.459722 0.395278 7641 1655 1423
681 0.231111 0.395833 7372 832 1425
682 0.446944 0.395833 7421 1609 1425
683 0.296944 0.396389 6181 1069 1427
684 0.314444 0.396389 8605 1132 1427
685 0.536389 0.396667 6545 1931 1428
686 0.311111 0.396944 8727 1120 1429
687 0.452222 0.396944 7086 1628 1429
688 0.344722 0.397222 5869 1241 1430
689 0.370833 0.397500 5646 1335 1431
690 0.290833 0.397778 6604 1047 1432
691 0.443333 0.397500 7286 1596 1431
692 0.034444 0.397778 5633 124 1432
693 0.036111 0.397778 5561 130 1432
694 0.039167 0.397778 5419 141 1432
695 0.042222 0.397778 5334 152 1432
696 0.051111 0.397778 5442 184 1432
697 0.143611 0.397778 4612 517 1432
698 0.164722 0.397778 6768 593 1432
699 0.165833 0.397778 6765 597 1432
700 0.170000 0.397778 6840 612 1432
701 0.183056 0.397778 4927 659 1432
702 0.184722 0.397778 4829 665 1432
703 0.194722 0.397778 3622 701 1432
704 0.270833 0.397778 6965 975 1432
705 0.273333 0.397778 6991 984 1432
706 0.274722 0.397778 6994 989 1432
707 0.278056 0.397778 7106 1001 1432
708 0.280000 0.397778 7132 1008 1432
709 0.313056 0.397778 8759 1127 1432
710 0.340556 0.397778 5925 1226 1432
711 0.342222 0.397778 5898 1232 1432
712 0.356111 0.397778 6863 1282 1432
713 0.359444 0.397778 6912 1294 1432
714 0.384722 0.397778 6338 1385 1432
715 0.393056 0.397778 6879 1415 1432
716 0.395556 0.397778 6893 1424 1432
717 0.400833 0.397778 5997 1443 1432
718 0.409722 0.397778 5764 1475 1432
719 0.418611 0.397778 5561 1507 1432
720 0.429167 0.397778 6502 1545 1432
721 0.435000 0.397778 7263 1566 1432
722 0.436944 0.397778 7211 1573 1432
723 0.439722 0.397778 7139 1583 1432
BasinSaddles 0
Runoffs 293
1 0.011111 0.000000 4376 40 0
2 0.012500 0.000000 4376 45 0
3 0.016389 0.000000 4399 59 0
4 0.017222 0.000000 4399 62 0
5 0.029444 0.000000 3884 106 0
6 0.038333 0.000000 3622 138 0
7 0.063889 0.000000 4878 230 0
8 0.068333 0.000000 5016 246 0
9 0.076389 0.000000 4366 275 0
10 0.084722 0.000000 4963 305 0
11 0.088056 0.000000 5065 317 0
12 0.094167 0.000000 5272 339 0
13 0.103611 0.000000 5347 373 0
14 0.110000 0.000000 4970 396 0
15 0.123611 0.000000 4297 445 0
16 0.126111 0.000000 4209 454 0
17 0.132222 0.000000 4891 476 0
18 0.138889 0.000000 4563 500 0
19 0.142778 0.000000 4281 514 0
20 0.143611 0.000000 4284 517 0
21 0.144444 0.000000 4278 520 0
22 0.145556 0.000000 4314 524 0
23 0.171944 0.000000 4803 619 0
24 0.176944 0.000000 5154 637 0
25 0.179722 0.000000 5049 647 0
26 0.180833 0.000000 5049 651 0
27 0.184444 0.000000 5364 664 0
28 0.197500 0.000000 3667 711 0
29 0.205556 0.000000 3848 740 0
30 0.210556 0.000000 4245 758 0
31 0.214167 0.000000 4097 771 0
32 0.218056 0.000000 4074 785 0
33 0.222500 0.000000 4294 801 0
34 0.226944 0.000000 4317 817 0
35 0.233333 0.000000 4806 840 0
36 0.240278 0.000000 4104 865 0
37 0.241944 0.000000 4156 871 0
38 0.244444 0.000000 4084 880 0
39 0.247778 0.000000 4035 892 0
40 0.259722 0.000000 3956 935 0
41 0.265556 0.000000 4258 956 0
42 0.266389 0.000000 4255 959 0
43 0.267500 0.000000 4268 963 0
44 0.275833 0.000000 4934 993 0
45 0.279167 0.000000 4780 1005 0
46 0.282778 0.000000 4770 1018 0
47 0.295556 0.000000 5170 1064 0
48 0.296389 0.000000 5167 1067 0
49 0.298611 0.000000 5160 1075 0
50 0.307500 0.000000 4353 1107 0
51 0.309167 0.000000 4301 1113 0
52 0.318056 0.000000 3562 1145 0
53 0.320000 0.000000 3428 1152 0
54 0.336111 0.000000 3579 1210 0
55 0.342222 0.000000 3999 1232 0
56 0.345278 0.000000 4251 1243 0
57 0.349167 0.000000 4468 1257 0
58 0.350000 0.000000 4468 1260 0
59 0.357778 0.000000 5308 1288 0
60 0.367778 0.000000 4593 1324 0
61 0.370000 0.000000 4668 1332 0
62 0.379722 0.000000 5068 1367 0
63 0.390833 0.000000 4235 1407 0
64 0.396667 0.000000 3257 1428 0
65 0.398889 0.000000 3300 1436 0
66 0.400000 0.000000 3359 1440 0
67 0.405278 0.000000 3799 1459 0
68 0.407222 0.000000 3707 1466 0
69 0.408889 0.000000 3687 1472 0
70 0.413333 0.000000 3959 1488 0
71 0.415556 0.000000 4127 1496 0
72 0.416944 0.000000 4124 1501 0
73 0.421389 0.000000 4337 1517 0
74 0.422778 0.000000 4255 1522 0
75 0.430000 0.000000 3431 1548 0
76 0.431944 0.000000 3297 1555 0
77 0.432778 0.000000 3287 1558 0
78 0.437778 0.000000 2949 1576 0
79 0.447222 0.000000 2175 1610 0
80 0.456389 0.000000 3106 1643 0
81 0.458056 0.000000 3215 1649 0
82 0.461667 0.000000 3106 1662 0
83 0.476944 0.000000 4337 1717 0
84 0.480278 0.000000 4360 1729 0
85 0.496389 0.000000 5541 1787 0
86 0.497222 0.000000 5538 1790 0
87 0.500833 0.000000 5400 1803 0
88 0.516111 0.000000 6886 1858 0
89 0.526944 0.000000 6013 1897 0
90 0.535556 0.000000 6463 1928 0
91 0.536667 0.000000 6423 1932 0
92 0.536667 0.002778 6249 1932 10
93 0.536667 0.012778 6427 1932 46
94 0.536667 0.019722 6817 1932 71
95 0.536667 0.033611 7162 1932 121
96 0.536667 0.043333 6607 1932 156
97 0.536667 0.076667 6059 1932 276
98 0.536667 0.081667 6309 1932 294
99 0.536667 0.092222 5777 1932 332
100 0.536667 0.094444 5692 1932 340
101 0.536667 0.104444 5869 1932 376
102 0.536667 0.117500 4192 1932 423
103 0.536667 0.129722 2778 1932 467
104 0.536667 0.133333 2785 1932 480
105 0.536667 0.136944 2814 1932 493
106 0.536667 0.140556 2923 1932 506
107 0.536667 0.143056 2867 1932 515
108 0.536667 0.145278 3336 1932 523
109 0.536667 0.147778 3293 1932 532
110 0.536667 0.148889 3228 1932 536
111 0.536667 0.155000 2824 1932 558
112 0.536667 0.158056 2837 1932 569
113 0.536667 0.164444 2903 1932 592
114 0.536667 0.166944 3113 1932 601
115 0.536667 0.167778 3126 1932 604
116 0.536667 0.169722 3103 1932 611
117 0.536667 0.171667 3474 1932 618
118 0.536667 0.173889 3267 1932 626
119 0.536667 0.175556 3293 1932 632
120 0.536667 0.176944 3313 1932 637
121 0.536667 0.178889 3333 1932 644
122 0.536667 0.183611 3133 1932 661
123 0.536667 0.193056 3192 1932 695
124 0.536667 0.195556 3172 1932 704
125 0.536667 0.198889 3326 1932 716
126 0.536667 0.203333 3503 1932 732
127 0.536667 0.205000 3415 1932 738
128 0.536667 0.205833 3418 1932 741
129 0.536667 0.210278 4002 1932 757
130 0.536667 0.213333 3707 1932 768
131 0.536667 0.215000 3658 1932 774
132 0.536667 0.219167 4078 1932 789
133 0.536667 0.220000 4005 1932 792
134 0.536667 0.221111 3979 1932 796
135 0.536667 0.231944 4757 1932 835
136 0.536667 0.236389 4990 1932 851
137 0.536667 0.239167 5016 1932 861
138 0.536667 0.241111 5042 1932 868
139 0.536667 0.256111 6827 1932 922
140 0.536667 0.257222 6824 1932 926
141 0.536667 0.261667 6879 1932 942
142 0.536667 0.265556 7208 1932 956
143 0.536667 0.275278 6466 1932 991
144 0.536667 0.276667 6558 1932 996
145 0.536667 0.278333 6722 1932 1002
146 0.536667 0.280278 6778 1932 1009
147 0.536667 0.281389 6784 1932 1013
148 0.536667 0.282222 6788 1932 1016
149 0.536667 0.289444 5400 1932 1042
150 0.536667 0.291389 5574 1932 1049
151 0.536667 0.296111 5154 1932 1066
152 0.536667 0.303611 4944 1932 1093
153 0.536667 0.306111 5301 1932 1102
154 0.536667 0.312778 5357 1932 1126
155 0.536667 0.317778 5925 1932 1144
156 0.536667 0.323333 5656 1932 1164
157 0.536667 0.330000 6591 1932 1188
158 0.536667 0.336667 7309 1932 1212
159 0.536667 0.340000 7696 1932 1224
160 0.536667 0.342222 7844 1932 1232
161 0.536667 0.343889 7700 1932 1238
162 0.536667 0.352500 8553 1932 1269
163 0.536667 0.364444 7470 1932 1312
164 0.536667 0.377778 7306 1932 1360
165 0.536667 0.381944 7319 1932 1375
166 0.536667 0.383056 7335 1932 1379
167 0.536667 0.387222 7194 1932 1394
168 0.536667 0.393889 6624 1932 1418
169 0.536667 0.397778 6574 1932 1432
170 0.000000 0.087500 5597 0 315
171 0.000000 0.096111 5239 0 346
172 0.000000 0.100000 5150 0 360
173 0.000000 0.105000 4849 0 378
174 0.000000 0.108889 5045 0 392
175 0.000000 0.115278 5049 0 415
176 0.000000 0.122778 5557 0 442
177 0.000000 0.127778 5426 0 460
178 0.000000 0.132778 5538 0 478
179 0.000000 0.133889 5593 0 482
180 0.000000 0.154167 4999 0 555
181 0.000000 0.161944 5298 0 583
182 0.000000 0.165833 5291 0 597
183 0.000000 0.171111 5449 0 616
184 0.000000 0.173889 5396 0 626
185 0.000000 0.192778 6942 0 694
186 0.000000 0.200556 6811 0 722
187 0.000000 0.223333 4921 0 804
188 0.000000 0.226667 4901 0 816
189 0.000000 0.231389 4632 0 833
190 0.000000 0.235833 4576 0 849
191 0.000000 0.243611 4455 0 877
192 0.000000 0.260556 5524 0 938
193 0.000000 0.264444 6423 0 952
194 0.000000 0.273056 6804 0 983
195 0.000000 0.279722 5892 0 1007
196 0.000000 0.293056 5032 0 1055
197 0.000000 0.297500 5593 0 1071
198 0.000000 0.328333 9064 0 1182
199 0.000000 0.335833 9074 0 1209
200 0.000000 0.342500 8654 0 1233
201 0.000000 0.347500 8208 0 1251
202 0.000000 0.353611 7906 0 1273
203 0.000000 0.357778 7650 0 1288
204 0.000000 0.363056 7414 0 1307
205 0.000000 0.369167 7559 0 1329
206 0.000000 0.373333 7145 0 1344
207 0.000000 0.374722 7139 0 1349
208 0.000000 0.376667 7096 0 1356
209 0.000000 0.379444 6935 0 1366
210 0.000000 0.397778 5587 0 1432
211 0.004722 0.397778 7273 17 1432
212 0.013333 0.397778 7621 48 1432
213 0.026389 0.397778 6397 95 1432
214 0.035000 0.397778 5656 126 1432
215 0.037222 0.397778 5616 134 1432
216 0.040278 0.397778 5439 145 1432
217 0.046667 0.397778 5629 168 1432
218 0.051944 0.397778 5452 187 1432
219 0.077222 0.397778 4330 278 1432
220 0.087500 0.397778 4819 315 1432
221 0.089722 0.397778 4639 323 1432
222 0.090833 0.397778 4678 327 1432
223 0.092500 0.397778 4740 333 1432
224 0.093611 0.397778 4711 337 1432
225 0.095833 0.397778 4734 345 1432
226 0.097222 0.397778 4678 350 1432
227 0.098333 0.397778 4655 354 1432
228 0.102222 0.397778 4475 368 1432
229 0.106944 0.397778 4721 385 1432
230 0.113056 0.397778 4422 407 1432
231 0.114167 0.397778 4432 411 1432
232 0.116944 0.397778 4402 421 1432
233 0.123889 0.397778 3582 446 1432
234 0.143333 0.397778 4616 516 1432
235 0.160833 0.397778 7053 579 1432
236 0.165278 0.397778 6778 595 1432
237 0.168056 0.397778 6965 605 1432
238 0.171111 0.397778 6889 616 1432
239 0.183611 0.397778 4940 661 1432
240 0.185556 0.397778 4895 668 1432
241 0.209167 0.397778 6515 753 1432
242 0.210833 0.397778 6548 759 1432
243 0.213611 0.397778 6702 769 1432
244 0.216667 0.397778 6584 780 1432
245 0.223889 0.397778 7185 806 1432
246 0.226944 0.397778 7089 817 1432
247 0.230278 0.397778 7024 829 1432
248 0.233611 0.397778 7411 841 1432
249 0.235833 0.397778 7345 849 1432
250 0.237500 0.397778 7253 855 1432
251 0.240278 0.397778 7549 865 1432
252 0.248889 0.397778 6525 896 1432
253 0.250000 0.397778 6535 900 1432
254 0.253056 0.397778 6328 911 1432
255 0.254444 0.397778 6312 916 1432
256 0.256389 0.397778 6125 923 1432
257 0.260833 0.397778 6115 939 1432
258 0.270556 0.397778 6975 974 1432
259 0.272500 0.397778 7027 981 1432
260 0.274167 0.397778 7001 987 1432
261 0.277500 0.397778 7109 999 1432
262 0.279722 0.397778 7139 1007 1432
263 0.281111 0.397778 7208 1012 1432
264 0.291667 0.397778 6686 1050 1432
265 0.307222 0.397778 8103 1106 1432
266 0.312500 0.397778 8802 1125 1432
267 0.313611 0.397778 8779 1129 1432
268 0.316389 0.397778 8464 1139 1432
269 0.340833 0.397778 5928 1227 1432
270 0.343333 0.397778 5941 1236 1432
271 0.352778 0.397778 7230 1270 1432
272 0.358611 0.397778 6932 1291 1432
273 0.360000 0.397778 6916 1296 1432
274 0.381667 0.397778 6853 1374 1432
275 0.390278 0.397778 7099 1405 1432
276 0.394167 0.397778 6932 1419 1432
277 0.396944 0.397778 6922 1429 1432
278 0.406389 0.397778 6515 1463 1432
279 0.414167 0.397778 6469 1491 1432
280 0.425556 0.397778 6965 1532 1432
281 0.433611 0.397778 7365 1561 1432
282 0.436111 0.397778 7280 1570 1432
283 0.437778 0.397778 7253 1576 1432
284 0.441944 0.397778 7431 1591 1432
285 0.447222 0.397778 7837 1610 1432
286 0.452778 0.397778 7142 1630 1432
287 0.454444 0.397778 7027 1636 1432
288 0.455278 0.397778 7027 1639 1432
289 0.460556 0.397778 7506 1658 1432
290 0.486944 0.397778 5203 1753 1432
291 0.488333 0.397778 5223 1758 1432
292 0.495833 0.397778 5505 1785 1432
293 0.526389 0.397778 5915 1895 1432
Edges 723
1 53 1
2 3 2
3 4 3
4 5 4
5 6 5
6 37 6
7 8 7
8 9 8
9 10 9
10 11 10
11 12 11
12 39 29
13 14 12
14 15 13
15 16 14
16 30 15
17 33 16
18 17 17
19 31 18
20 21 19
21 44 20
22 60 21
23 24 23
24 25 24
25 29 25
26 36 32
27 26 27
28 60 28
29 54 26
30 38 30
31 44 31
32 42 34
33 46 37
34 23 22
35 60 33
36 54 36
37 40 35
38 46 40
39 48 43
40 50 41
41 47 42
42 58 47
43 11 38
44 77 45
45 43 39
46 80 44
47 50 46
48 58 50
49 58 48
50 63 52
51 55 49
52 75 51
53 71 56
54 94 81
55 64 54
56 61 55
57 77 53
58 70 57
59 66 63
60 77 58
61 69 61
62 61 59
63 59 60
64 95 62
65 73 64
66 84 73
67 71 66
68 77 67
69 89 68
70 93 70
71 81 77
72 89 69
73 50 65
74 71 74
75 71 71
76 75 72
77 140 88
78 84 75
79 87 76
80 85 80
81 86 82
82 80 78
83 89 79
84 104 95
85 100 90
86 101 89
87 90 85
88 84 83
89 105 86
90 97 92
91 76 84
92 106 87
93 110 100
94 99 93
95 96 91
96 103 94
97 117 107
98 114 98
99 111 103
100 116 101
101 108 99
102 147 112
103 93 97
104 131 102
105 95 96
106 112 104
107 115 109
108 129 108
109 159 113
110 122 105
111 113 106
112 129 111
113 125 114
114 136 119
115 120 116
116 130 120
117 159 115
118 103 110
119 121 118
120 126 121
121 155 137
122 128 122
123 119 117
124 159 123
125 148 138
126 135 124
127 136 125
128 130 127
129 163 145
130 145 132
131 156 135
132 136 129
133 125 128
134 143 133
135 129 126
136 144 139
137 153 144
138 158 142
139 122 131
140 151 148
141 128 130
142 135 134
143 132 140
144 191 143
145 152 149
146 118 136
147 164 150
148 167 160
149 145 146
150 151 147
151 160 151
152 161 153
153 203 152
154 173 157
155 172 163
156 216 155
157 142 141
158 216 156
159 189 158
160 179 167
161 170 159
162 169 162
163 189 161
164 194 175
165 146 154
166 177 166
167 177 164
168 185 165
169 163 168
170 180 170
171 163 169
172 183 174
173 188 177
174 177 172
175 170 171
176 188 183
177 251 178
178 187 180
179 182 176
180 184 181
181 186 184
182 195 187
183 213 188
184 185 182
185 199 186
186 195 185
187 175 173
188 218 196
189 227 200
190 178 179
191 214 192
192 198 191
193 172 189
194 201 193
195 225 208
196 193 190
197 196 195
198 200 197
199 209 198
200 251 206
201 261 231
202 258 212
203 212 209
204 224 205
205 206 202
206 195 199
207 190 204
208 187 194
209 218 211
210 224 215
211 201 210
212 205 203
213 203 207
214 238 218
215 190 201
216 228 219
217 199 213
218 234 228
219 251 214
220 217 220
221 224 221
222 203 216
223 215 217
224 241 234
225 235 224
226 251 222
227 255 233
228 250 240
229 218 226
230 225 227
231 224 229
232 222 225
233 220 223
234 245 237
235 231 230
236 240 236
237 232 232
238 299 274
239 206 235
240 242 239
241 247 244
242 244 242
243 258 241
244 248 245
245 256 248
246 235 238
247 262 251
248 257 250
249 234 243
250 253 249
251 272 271
252 246 246
253 312 280
254 250 247
255 253 253
256 269 260
257 260 252
258 261 257
259 238 258
260 264 261
261 278 267
262 266 263
263 213 256
264 268 265
265 245 254
266 269 262
267 258 259
268 276 273
269 277 275
270 256 264
271 252 268
272 275 272
273 265 266
274 252 255
275 301 297
276 251 276
277 287 284
278 292 289
279 274 269
280 265 270
281 266 279
282 279 281
283 255 277
284 274 283
285 274 278
286 305 287
287 300 294
288 306 290
289 278 286
290 312 288
291 282 285
292 302 299
293 298 295
294 291 291
295 263 293
296 255 282
297 289 292
298 320 298
299 310 301
300 319 307
301 350 302
302 315 306
303 281 296
304 320 304
305 308 303
306 314 305
307 296 300
308 318 310
309 311 308
310 337 311
311 316 309
312 330 324
313 329 314
314 324 316
315 329 315
316 325 312
317 340 313
318 324 318
319 327 320
320 377 322
321 318 317
322 319 319
323 357 329
324 333 326
325 323 321
326 321 323
327 348 328
328 347 344
329 344 334
330 367 340
331 343 335
332 326 327
333 341 336
334 328 330
335 343 338
336 325 325
337 359 346
338 334 337
339 349 332
340 356 331
341 345 343
342 339 345
343 368 361
344 353 352
345 338 341
346 325 333
347 363 358
348 347 347
349 365 354
350 417 398
351 332 339
352 329 342
353 343 349
354 342 348
355 283 351
356 354 350
357 375 362
358 328 353
359 360 357
360 372 367
361 355 356
362 330 355
363 374 365
364 378 364
365 379 371
366 356 360
367 359 359
368 384 376
369 396 366
370 380 370
371 361 368
372 390 383
373 422 372
374 382 373
375 386 379
376 378 374
377 484 391
378 388 382
379 376 377
380 375 378
381 366 369
382 388 388
383 362 375
384 393 389
385 345 363
386 390 387
387 385 384
388 409 401
389 371 380
390 421 396
391 403 390
392 362 381
393 394 392
394 398 397
395 363 385
396 387 386
397 382 394
398 404 402
399 376 393
400 384 399
401 396 400
402 421 404
403 392 395
404 413 410
405 412 407
406 389 403
407 401 405
408 400 406
409 420 415
410 418 413
411 405 409
412 416 412
413 422 417
414 446 418
415 399 411
416 424 422
417 500 426
418 419 416
419 408 414
420 433 431
421 448 429
422 446 436
423 381 423
424 430 428
425 395 408
426 407 419
427 358 420
428 415 424
429 423 425
430 444 435
431 426 430
432 426 427
433 435 437
434 432 434
435 439 440
436 429 441
437 418 432
438 425 438
439 443 442
440 428 439
441 400 421
442 445 444
443 456 452
444 449 448
445 444 446
446 431 433
447 441 447
448 442 443
449 454 451
450 472 461
451 458 455
452 438 445
453 537 474
454 464 460
455 441 449
456 461 457
457 446 454
458 470 458
459 471 464
460 468 465
461 516 507
462 463 462
463 451 450
464 460 463
465 503 467
466 457 468
467 462 466
468 473 471
469 479 477
470 448 459
471 437 453
472 556 509
473 486 484
474 476 475
475 449 470
476 471 472
477 474 476
478 475 473
479 476 481
480 434 456
481 477 478
482 452 469
483 481 483
484 500 491
485 482 482
486 488 486
487 470 479
488 469 480
489 476 488
490 483 485
491 476 490
492 488 492
493 487 493
494 445 489
495 509 498
496 482 494
497 490 496
498 477 499
499 488 500
500 523 513
501 500 502
502 482 501
503 495 497
504 478 487
505 493 504
506 504 503
507 475 495
508 497 505
509 536 515
510 537 510
511 514 516
512 487 511
513 498 517
514 527 521
515 507 508
516 536 522
517 506 514
518 513 519
519 515 520
520 496 512
521 503 523
522 480 506
523 541 532
524 508 518
525 536 526
526 558 529
527 556 533
528 505 525
529 505 524
530 535 530
531 543 531
532 505 527
533 541 536
534 522 528
535 555 547
536 565 552
537 546 538
538 520 534
539 517 535
540 536 537
541 553 544
542 539 539
543 544 543
544 540 540
545 534 542
546 551 550
547 519 541
548 542 548
549 536 546
550 560 551
551 559 553
552 547 549
553 563 559
554 524 545
555 563 556
556 573 558
557 561 557
558 570 566
559 568 563
560 543 554
561 593 561
562 559 560
563 571 567
564 548 555
565 594 570
566 569 565
567 562 562
568 574 568
569 552 564
570 597 578
571 591 572
572 605 583
573 579 575
574 591 573
575 587 574
576 569 569
577 576 571
578 595 580
579 588 579
580 590 586
581 576 577
582 577 576
583 581 585
584 580 581
585 582 587
586 564 584
587 588 592
588 593 598
589 584 589
590 601 599
591 610 604
592 564 582
593 600 593
594 608 602
595 613 606
596 604 601
597 594 596
598 577 588
599 566 594
600 589 590
601 585 591
602 609 607
603 592 597
604 616 608
605 597 600
606 583 603
607 591 609
608 596 595
609 622 612
610 614 613
611 599 605
612 605 610
613 607 611
614 620 620
615 605 615
616 621 619
617 607 616
618 608 614
619 612 617
620 631 630
621 638 629
622 613 621
623 618 624
624 611 618
625 601 623
626 640 628
627 635 631
628 624 626
629 628 627
630 615 622
631 645 640
632 601 625
633 629 634
634 625 632
635 646 638
636 632 633
637 622 636
638 655 650
639 623 635
640 650 645
641 642 641
642 588 639
643 633 637
644 649 642
645 653 648
646 650 647
647 619 646
648 639 643
649 643 649
650 686 673
651 615 644
652 642 651
653 664 659
654 649 654
655 681 662
656 637 652
657 653 656
658 654 655
659 650 653
660 667 663
661 657 657
662 656 658
663 674 670
664 669 666
665 686 669
666 662 664
667 659 661
668 651 665
669 672 667
670 642 660
671 667 668
672 677 675
673 658 671
674 680 679
675 670 672
676 666 678
677 723 682
678 666 677
679 671 674
680 679 681
681 705 686
682 707 710
683 675 676
684 672 680
685 701 705
686 704 690
687 676 685
688 683 692
689 688 693
690 689 694
691 690 695
692 691 696
693 694 697
694 695 698
695 696 699
696 697 700
697 698 701
698 699 702
699 674 703
700 685 704
701 702 706
702 686 707
703 686 708
704 681 683
705 706 709
706 682 684
707 708 711
708 709 688
709 710 712
710 711 713
711 712 689
712 713 714
713 714 715
714 715 716
715 716 717
716 717 718
717 718 719
718 719 720
719 720 721
720 721 722
721 722 723
723 722 691
724 677 687
RunoffEdges 293
53 0
53 1
53 2
53 3
1 4
53 5
2 6
3 7
4 8
5 9
6 10
37 11
40 12
40 13
41 14
41 15
41 16
41 17
41 18
41 19
41 20
41 21
7 22
8 23
9 24
10 25
11 26
12 27
39 28
39 29
39 30
48 31
48 32
42 33
32 34
42 35
42 36
42 37
42 38
13 39
14 40
15 41
16 42
30 43
38 44
38 45
33 46
33 47
33 48
33 49
33 50
17 51
18 52
19 53
31 54
31 55
20 56
21 57
44 58
44 59
44 60
35 61
60 62
60 63
60 64
60 65
60 66
60 67
60 68
60 69
60 70
60 71
60 72
60 73
22 74
60 75
60 76
28 77
34 78
23 79
24 80
25 81
29 82
54 83
54 84
54 85
54 86
54 87
54 88
26 89
27 90
36 91
54 92
54 93
54 94
54 95
94 96
99 97
111 98
113 99
125 100
148 101
167 102
177 103
174 104
177 105
177 106
192 107
198 108
200 109
219 110
226 111
236 112
240 113
242 114
244 115
248 116
257 117
260 118
264 119
268 120
276 121
293 122
298 123
304 124
320 125
320 126
320 127
320 128
377 129
377 130
377 131
377 132
377 133
484 134
484 135
484 136
484 137
484 138
484 139
484 140
484 141
501 142
501 143
501 144
501 145
501 146
501 147
501 148
501 149
501 150
553 151
553 152
553 153
553 154
595 155
578 156
602 157
602 158
609 159
622 160
622 161
637 162
656 163
662 164
666 165
666 166
676 167
687 168
107 169
115 170
120 171
126 172
135 173
142 174
157 175
162 176
169 177
171 178
255 179
255 180
255 181
255 182
255 183
283 184
283 185
355 186
361 187
371 188
389 189
406 190
450 191
450 192
472 193
472 194
556 195
556 196
575 197
587 198
588 199
588 200
588 201
588 202
588 203
641 204
642 205
652 206
642 207
642 208
675 209
675 210
683 211
683 212
688 213
689 214
690 215
691 216
692 217
673 218
673 219
673 220
673 221
673 222
673 223
673 224
673 225
673 226
658 227
658 228
658 229
658 230
658 231
658 232
693 233
694 234
695 235
696 236
697 237
698 238
699 239
674 240
674 241
674 242
674 243
680 244
680 245
680 246
679 247
679 248
679 249
679 250
671 251
671 252
667 253
667 254
667 255
667 256
700 257
685 258
701 259
702 260
703 261
686 262
704 263
681 264
705 265
706 266
706 267
707 268
708 269
709 270
710 271
711 272
712 273
713 274
714 275
715 276
716 277
717 278
718 279
719 280
720 281
721 282
722 283
723 284
724 285
672 286
672 287
684 288
661 289
661 290
661 291
678 292
