Peaks 729
1 0.020833 0.000000 3287 25 0
2 0.030000 0.000000 4028 36 0
3 0.089167 0.000000 8024 107 0
4 0.121667 0.000000 7293 146 0
5 0.123333 0.000000 7306 148 0
6 0.127500 0.000000 7726 153 0
7 0.140000 0.000000 6801 168 0
8 0.141667 0.000000 6778 170 0
9 0.146667 0.000000 6053 176 0
10 0.253333 0.000000 6633 304 0
11 0.280000 0.000000 7903 336 0
12 0.313333 0.000000 7427 376 0
13 0.345833 0.000000 5121 415 0
14 0.389167 0.000000 7296 467 0
15 0.425000 0.000000 10328 510 0
16 0.440833 0.000000 9353 529 0
17 0.452500 0.000000 7785 543 0
18 0.456667 0.000000 7375 548 0
19 0.494167 0.000000 8766 593 0
20 0.511667 0.000000 8471 614 0
21 0.000833 0.000833 2644 1 1
22 0.364167 0.000833 8654 437 1
23 0.497500 0.000833 9081 597 1
24 0.504167 0.000833 8730 605 1
25 0.535000 0.000833 9445 642 1
26 0.005000 0.001667 2637 6 2
27 0.052500 0.001667 6696 63 2
28 0.113333 0.001667 8471 136 2
29 0.400833 0.001667 7949 481 2
30 0.539167 0.001667 9727 647 2
31 0.263333 0.003333 8887 316 4
32 0.430000 0.004167 10341 516 5
33 0.437500 0.004167 9215 525 5
34 0.519167 0.004167 9271 623 5
35 0.002500 0.005833 2644 3 7
36 0.130000 0.005833 7824 156 7
37 0.210833 0.005833 6978 253 7
38 0.290833 0.008333 8648 349 10
39 0.360833 0.008333 8749 433 10
40 0.497500 0.008333 9055 597 10
41 0.014167 0.009167 3418 17 11
42 0.115833 0.010833 8438 139 13
43 0.420000 0.010833 10367 504 13
44 0.383333 0.011667 8038 460 14
45 0.079167 0.012500 7877 95 15
46 0.291667 0.012500 8553 350 15
47 0.388333 0.013333 7864 466 16
48 0.490000 0.013333 8533 588 16
49 0.035000 0.014167 6017 42 17
50 0.133333 0.014167 7227 160 17
51 0.000000 0.015833 2844 0 19
52 0.394167 0.015833 8287 473 19
53 0.120000 0.016667 8093 144 20
54 0.110833 0.018333 8175 133 22
55 0.530833 0.018333 8612 637 22
56 0.306667 0.020000 8615 368 24
57 0.415000 0.020000 10446 498 24
58 0.044167 0.021667 6948 53 26
59 0.284167 0.024167 7457 341 29
60 0.110833 0.025000 8106 133 30
61 0.224167 0.025000 8041 269 30
62 0.318333 0.025000 7329 382 30
63 0.492500 0.025000 9484 591 30
64 0.245000 0.026667 5964 294 32
65 0.412500 0.027500 9586 495 33
66 0.290833 0.029167 8346 349 35
67 0.000000 0.030000 2834 0 36
68 0.108333 0.033333 8418 130 40
69 0.384167 0.035000 8641 461 42
70 0.376667 0.036667 8654 452 44
71 0.482500 0.036667 9028 579 44
72 0.280000 0.037500 8628 336 45
73 0.190000 0.039167 6220 228 47
74 0.404167 0.039167 10501 485 47
75 0.105000 0.040000 8625 126 48
76 0.400833 0.040833 10462 481 49
77 0.298333 0.041667 8710 358 50
78 0.518333 0.041667 9370 622 50
79 0.539167 0.041667 7329 647 50
80 0.115833 0.042500 7431 139 51
81 0.120000 0.044167 7178 144 53
82 0.441667 0.045833 8287 530 55
83 0.506667 0.046667 9356 608 56
84 0.269167 0.049167 9025 323 59
85 0.430833 0.049167 8375 517 59
86 0.408333 0.050000 8661 490 60
87 0.102500 0.050833 8221 123 61
88 0.210000 0.050833 8133 252 61
89 0.234167 0.051667 7946 281 62
90 0.026667 0.054167 6768 32 65
91 0.099167 0.055000 7883 119 66
92 0.217500 0.055000 7847 261 66
93 0.250833 0.055000 8143 301 66
94 0.363333 0.055000 8188 436 66
95 0.370000 0.055833 8330 444 67
96 0.438333 0.055833 8513 526 67
97 0.382500 0.056667 8185 459 68
98 0.025833 0.059167 6906 31 71
99 0.539167 0.060000 9035 647 72
100 0.486667 0.061667 8635 584 74
101 0.507500 0.061667 9084 609 74
102 0.501667 0.062500 9494 602 75
103 0.280000 0.064167 8697 336 77
104 0.482500 0.064167 8307 579 77
105 0.235000 0.065000 7427 282 78
106 0.000000 0.066667 3464 0 80
107 0.498333 0.068333 9665 598 82
108 0.449167 0.070000 8372 539 84
109 0.536667 0.070833 9068 644 85
110 0.430833 0.071667 9566 517 86
111 0.053333 0.072500 7949 64 87
112 0.282500 0.072500 9173 339 87
113 0.332500 0.072500 8720 399 87
114 0.504167 0.073333 8756 605 88
115 0.214167 0.074167 8008 257 89
116 0.447500 0.075000 8622 537 90
117 0.023333 0.075833 7631 28 91
118 0.426667 0.075833 9812 512 91
119 0.535833 0.076667 9189 643 92
120 0.443333 0.077500 8645 532 93
121 0.053333 0.078333 8136 64 94
122 0.339167 0.078333 8720 407 94
123 0.471667 0.078333 7890 566 94
124 0.403333 0.079167 9327 484 95
125 0.420000 0.080000 9711 504 96
126 0.276667 0.082500 9002 332 99
127 0.074167 0.083333 7135 89 100
128 0.534167 0.083333 9274 641 100
129 0.050000 0.084167 8185 60 101
130 0.345000 0.084167 8976 414 101
131 0.468333 0.085000 7985 562 102
132 0.350000 0.085833 8648 420 103
133 0.011667 0.089167 6794 14 107
134 0.472500 0.089167 8631 567 107
135 0.046667 0.090000 8077 56 108
136 0.285833 0.090000 7342 343 108
137 0.022500 0.091667 7424 27 110
138 0.272500 0.091667 9156 327 110
139 0.434167 0.094167 8959 521 113
140 0.526667 0.094167 9429 632 113
141 0.539167 0.094167 7244 647 113
142 0.042500 0.095000 7975 51 114
143 0.083333 0.095833 7946 100 115
144 0.420833 0.095833 9806 505 115
145 0.061667 0.097500 8202 74 117
146 0.469167 0.098333 9625 563 118
147 0.490000 0.100000 9770 588 120
148 0.325833 0.100833 8697 391 121
149 0.035833 0.101667 8090 43 122
150 0.179167 0.101667 6026 215 122
151 0.330833 0.102500 8786 397 123
152 0.370833 0.102500 8628 445 123
153 0.264167 0.104167 8956 317 125
154 0.344167 0.105000 9625 413 126
155 0.375000 0.105000 9002 450 126
156 0.359167 0.106667 9278 431 128
157 0.053333 0.107500 8730 64 129
158 0.364167 0.108333 8779 437 130
159 0.471667 0.108333 9990 566 130
160 0.473333 0.110000 10055 568 132
161 0.420000 0.110833 9603 504 133
162 0.484167 0.110833 9288 581 133
163 0.070833 0.111667 8264 85 134
164 0.170833 0.111667 6164 205 134
165 0.425000 0.111667 9114 510 134
166 0.374167 0.113333 8805 449 136
167 0.527500 0.113333 8261 633 136
168 0.498333 0.114167 9963 598 137
169 0.518333 0.114167 9353 622 137
170 0.005833 0.115000 6729 7 138
171 0.446667 0.116667 8257 536 140
172 0.469167 0.116667 10055 563 140
173 0.337500 0.117500 8405 405 141
174 0.355833 0.117500 8815 427 141
175 0.450833 0.117500 8674 541 141
176 0.066667 0.119167 7680 80 143
177 0.047500 0.120000 8120 57 144
178 0.417500 0.120000 8723 501 144
179 0.154167 0.120833 8077 185 145
180 0.466667 0.121667 11046 560 146
181 0.010833 0.122500 7349 13 147
182 0.379167 0.122500 8759 455 147
183 0.420000 0.123333 8674 504 148
184 0.511667 0.124167 8874 614 149
185 0.005833 0.125833 7267 7 151
186 0.478333 0.125833 10301 574 151
187 0.195833 0.126667 8530 235 152
188 0.421667 0.126667 8694 506 152
189 0.499167 0.126667 9534 599 152
190 0.150833 0.128333 8241 181 154
191 0.352500 0.128333 8280 423 154
192 0.488333 0.128333 10380 586 154
193 0.043333 0.129167 8330 52 155
194 0.476667 0.130833 9878 572 157
195 0.000000 0.131667 7201 0 158
196 0.498333 0.131667 9993 598 158
197 0.515833 0.132500 8116 619 159
198 0.420000 0.133333 8786 504 160
199 0.191667 0.134167 8503 230 161
200 0.464167 0.135000 9557 557 162
201 0.195833 0.136667 8622 235 164
202 0.037500 0.137500 8654 45 165
203 0.203333 0.139167 7723 244 167
204 0.489167 0.139167 10360 587 167
205 0.298333 0.140000 8543 358 168
206 0.000000 0.140833 5856 0 169
207 0.188333 0.141667 8202 226 170
208 0.052500 0.143333 7460 63 172
209 0.032500 0.146667 8480 39 176
210 0.148333 0.146667 8428 178 176
211 0.192500 0.146667 8431 231 176
212 0.460000 0.146667 9514 552 176
213 0.444167 0.148333 8392 533 178
214 0.472500 0.149167 8592 567 179
215 0.495833 0.149167 9760 595 179
216 0.292500 0.150833 9058 351 181
217 0.033333 0.151667 8215 40 182
218 0.302500 0.152500 8956 363 183
219 0.398333 0.152500 8730 478 183
220 0.539167 0.152500 7933 647 183
221 0.191667 0.153333 8477 230 184
222 0.167500 0.155000 8864 201 186
223 0.376667 0.155000 9583 452 186
224 0.405000 0.155833 8812 486 187
225 0.217500 0.156667 9235 261 188
226 0.391667 0.156667 8490 470 188
227 0.195833 0.158333 8221 235 190
228 0.495833 0.158333 9038 595 190
229 0.214167 0.160833 9150 257 193
230 0.303333 0.160833 8959 364 193
231 0.020833 0.161667 8274 25 194
232 0.035833 0.161667 8248 43 194
233 0.046667 0.162500 7578 56 195
234 0.230833 0.162500 8772 277 195
235 0.476667 0.162500 8625 572 195
236 0.209167 0.164167 8982 251 197
237 0.350833 0.165000 8533 421 198
238 0.531667 0.165833 8267 638 199
239 0.395833 0.167500 9176 475 201
240 0.375833 0.168333 8116 451 202
241 0.204167 0.169167 8549 245 203
242 0.475833 0.169167 8809 571 203
243 0.539167 0.169167 9212 647 203
244 0.233333 0.170000 8231 280 204
245 0.437500 0.171667 9064 525 206
246 0.033333 0.172500 8451 40 207
247 0.275833 0.172500 8707 331 207
248 0.300833 0.172500 8861 361 207
249 0.094167 0.174167 4074 113 209
250 0.235000 0.174167 8100 282 209
251 0.316667 0.175833 8540 380 211
252 0.289167 0.177500 9737 347 213
253 0.391667 0.178333 8963 470 214
254 0.193333 0.179167 8405 232 215
255 0.296667 0.180000 9803 356 216
256 0.354167 0.180000 8710 425 216
257 0.340833 0.180833 8733 409 217
258 0.521667 0.182500 8274 626 219
259 0.029167 0.183333 8159 35 220
260 0.448333 0.183333 9593 538 220
261 0.140833 0.184167 9166 169 221
262 0.161667 0.185000 8651 194 222
263 0.190833 0.186667 7949 229 224
264 0.303333 0.186667 9186 364 224
265 0.386667 0.186667 8303 464 224
266 0.454167 0.186667 8900 545 224
267 0.530000 0.186667 9409 636 224
268 0.345000 0.187500 9337 414 225
269 0.460833 0.189167 8917 553 227
270 0.477500 0.190000 6660 573 228
271 0.529167 0.190833 9494 635 229
272 0.017500 0.191667 8057 21 230
273 0.467500 0.191667 8297 561 230
274 0.359167 0.192500 8270 431 231
275 0.013333 0.194167 8425 16 233
276 0.335833 0.195000 9087 403 234
277 0.340000 0.195833 8868 408 235
278 0.135833 0.196667 9635 163 236
279 0.459167 0.198333 7900 551 238
280 0.000000 0.199167 8061 0 239
281 0.016667 0.199167 8008 20 239
282 0.297500 0.200000 9770 357 240
283 0.428333 0.200000 8727 514 240
284 0.531667 0.201667 9809 638 242
285 0.005833 0.202500 8592 7 243
286 0.370000 0.202500 9081 444 243
287 0.253333 0.203333 7880 304 244
288 0.021667 0.204167 7565 26 245
289 0.311667 0.205000 8405 374 246
290 0.437500 0.205000 9360 525 246
291 0.000000 0.205833 7828 0 247
292 0.515000 0.205833 9760 618 247
293 0.376667 0.206667 8736 452 248
294 0.132500 0.208333 9350 159 250
295 0.320833 0.209167 9130 385 251
296 0.000000 0.210000 8054 0 252
297 0.326667 0.210000 9025 392 252
298 0.130833 0.211667 9229 157 254
299 0.534167 0.211667 9560 641 254
300 0.446667 0.212500 8264 536 255
301 0.520000 0.212500 9379 624 255
302 0.322500 0.214167 9333 387 257
303 0.000000 0.215000 7631 0 258
304 0.427500 0.215000 8877 513 258
305 0.490833 0.215000 7611 589 258
306 0.522500 0.215833 9406 627 259
307 0.104167 0.217500 6384 125 261
308 0.000000 0.218333 7631 0 262
309 0.090000 0.218333 5515 108 262
310 0.128333 0.219167 9537 154 263
311 0.445000 0.219167 8221 534 263
312 0.125833 0.220833 9583 151 265
313 0.451667 0.220833 8061 542 265
314 0.000000 0.221667 7772 0 266
315 0.210833 0.221667 8458 253 266
316 0.532500 0.221667 9173 639 266
317 0.138333 0.222500 8385 166 267
318 0.338333 0.224167 9048 406 269
319 0.174167 0.225000 8461 209 270
320 0.000000 0.225833 7322 0 271
321 0.357500 0.225833 9422 429 271
322 0.148333 0.226667 8395 178 272
323 0.422500 0.226667 8986 507 272
324 0.188333 0.227500 9356 226 273
325 0.527500 0.227500 9721 633 273
326 0.348333 0.228333 9619 418 274
327 0.120833 0.229167 9051 145 275
328 0.165833 0.229167 8379 199 275
329 0.501667 0.229167 9658 602 275
330 0.362500 0.230000 9294 435 276
331 0.518333 0.230000 9763 622 276
332 0.155833 0.230833 8841 187 277
333 0.000000 0.231667 6348 0 278
334 0.194167 0.231667 9311 233 278
335 0.442500 0.232500 8149 531 279
336 0.286667 0.234167 10656 344 281
337 0.000000 0.235833 5800 0 283
338 0.182500 0.235833 7929 219 283
339 0.305000 0.235833 9038 366 283
340 0.378333 0.236667 8904 454 284
341 0.518333 0.238333 9324 622 286
342 0.270000 0.239167 10036 324 287
343 0.509167 0.239167 10242 611 287
344 0.275000 0.240000 10301 330 288
345 0.079167 0.243333 5967 95 292
346 0.375833 0.244167 8848 451 293
347 0.297500 0.245000 9363 357 294
348 0.368333 0.246667 8979 442 296
349 0.196667 0.247500 7877 236 297
350 0.528333 0.247500 8051 634 297
351 0.000000 0.248333 4271 0 298
352 0.405000 0.250000 6184 486 300
353 0.327500 0.250833 8303 393 301
354 0.235833 0.252500 8845 283 303
355 0.379167 0.253333 9081 455 304
356 0.499167 0.255833 10118 599 307
357 0.539167 0.255833 7293 647 307
358 0.274167 0.256667 9520 329 308
359 0.105833 0.257500 8405 127 309
360 0.177500 0.257500 8858 213 309
361 0.510833 0.258333 8379 613 310
362 0.320833 0.259167 7680 385 311
363 0.333333 0.259167 8661 400 311
364 0.415000 0.260000 6391 498 312
365 0.153333 0.261667 8090 184 314
366 0.000833 0.263333 4265 1 316
367 0.240000 0.263333 9268 288 316
368 0.180000 0.264167 8589 216 317
369 0.485000 0.264167 9678 582 317
370 0.107500 0.265000 9481 129 318
371 0.261667 0.266667 10019 314 320
372 0.000000 0.267500 4251 0 321
373 0.145833 0.267500 8113 175 321
374 0.335000 0.267500 8569 402 321
375 0.269167 0.268333 11722 323 322
376 0.500833 0.270000 9051 601 324
377 0.456667 0.270833 6017 548 325
378 0.045833 0.271667 4402 55 326
379 0.125833 0.271667 7539 151 326
380 0.105000 0.272500 8946 126 327
381 0.480000 0.272500 8159 576 327
382 0.000000 0.273333 4229 0 328
383 0.072500 0.273333 6564 87 328
384 0.115833 0.273333 8248 139 328
385 0.133333 0.274167 8382 160 329
386 0.345000 0.275000 7345 414 330
387 0.510833 0.275833 9379 613 331
388 0.527500 0.276667 8533 633 332
389 0.100000 0.277500 9560 120 333
390 0.227500 0.278333 8845 273 334
391 0.243333 0.278333 10272 292 334
392 0.280000 0.278333 10016 336 334
393 0.170000 0.279167 9330 204 335
394 0.250833 0.279167 9488 301 335
395 0.290833 0.279167 9629 349 335
396 0.395000 0.280000 8851 474 336
397 0.254167 0.280833 9317 305 337
398 0.260833 0.280833 9724 313 337
399 0.000000 0.281667 4117 0 338
400 0.087500 0.283333 8779 105 340
401 0.098333 0.283333 8848 118 340
402 0.539167 0.283333 9081 647 340
403 0.500000 0.285000 8756 600 342
404 0.293333 0.285833 9055 352 343
405 0.300833 0.286667 9199 361 344
406 0.472500 0.286667 8425 567 344
407 0.506667 0.286667 8648 608 344
408 0.131667 0.287500 8543 158 345
409 0.434167 0.287500 5807 521 345
410 0.265000 0.288333 9809 318 346
411 0.099167 0.289167 9189 119 347
412 0.230833 0.289167 9560 277 347
413 0.512500 0.289167 8185 615 347
414 0.320000 0.290000 9133 384 348
415 0.388333 0.290000 9376 466 348
416 0.420833 0.290833 7604 505 349
417 0.482500 0.291667 9048 579 350
418 0.037500 0.294167 4343 45 353
419 0.290833 0.294167 8927 349 353
420 0.327500 0.294167 9294 393 353
421 0.380000 0.295000 8953 456 354
422 0.092500 0.295833 9491 111 355
423 0.168333 0.295833 8789 202 355
424 0.505000 0.295833 8733 606 355
425 0.493333 0.296667 8576 592 356
426 0.081667 0.297500 8559 98 357
427 0.416667 0.300000 8149 500 360
428 0.265833 0.300833 9130 319 361
429 0.000000 0.301667 4025 0 362
430 0.076667 0.301667 8602 92 362
431 0.371667 0.303333 9087 446 364
432 0.508333 0.303333 9019 610 364
433 0.195833 0.305000 8441 235 366
434 0.515000 0.305000 9097 618 366
435 0.377500 0.305833 8815 453 367
436 0.070833 0.306667 8615 85 368
437 0.170000 0.306667 9527 204 368
438 0.320000 0.306667 9297 384 368
439 0.184167 0.307500 8093 221 369
440 0.200833 0.308333 8520 241 370
441 0.527500 0.310000 10190 633 372
442 0.323333 0.310833 9327 388 373
443 0.366667 0.310833 9212 440 373
444 0.409167 0.310833 8494 491 373
445 0.315833 0.311667 9183 379 374
446 0.536667 0.313333 8687 644 376
447 0.015000 0.314167 4845 18 377
448 0.065833 0.314167 8188 79 377
449 0.115833 0.315000 8369 139 378
450 0.162500 0.315000 8090 195 378
451 0.372500 0.315000 8700 447 378
452 0.505833 0.315000 8576 607 378
453 0.199167 0.316667 8497 239 380
454 0.265000 0.316667 7680 318 380
455 0.410833 0.317500 8261 493 381
456 0.539167 0.317500 9209 647 381
457 0.213333 0.320833 9150 256 385
458 0.520000 0.321667 9517 624 386
459 0.204167 0.323333 9386 245 388
460 0.352500 0.323333 9622 423 388
461 0.090000 0.324167 8313 108 389
462 0.358333 0.324167 9189 430 389
463 0.399167 0.325833 8779 479 391
464 0.515833 0.326667 9534 619 392
465 0.170000 0.327500 7910 204 393
466 0.450833 0.327500 9645 541 393
467 0.207500 0.329167 9737 249 395
468 0.265833 0.329167 8946 319 395
469 0.271667 0.330833 8582 326 397
470 0.391667 0.331667 9199 470 398
471 0.513333 0.333333 9734 616 400
472 0.150833 0.335000 7929 181 402
473 0.240833 0.335000 9320 289 402
474 0.096667 0.336667 7798 116 404
475 0.357500 0.336667 9688 429 404
476 0.200000 0.339167 9524 240 407
477 0.303333 0.339167 8638 364 407
478 0.344167 0.339167 9320 413 407
479 0.390000 0.339167 8950 468 407
480 0.259167 0.340000 8920 311 408
481 0.355833 0.340000 9714 427 408
482 0.513333 0.340833 10180 616 409
483 0.233333 0.344167 9671 280 413
484 0.445833 0.344167 10091 535 413
485 0.365000 0.346667 9438 438 416
486 0.385000 0.348333 8766 462 418
487 0.454167 0.348333 8631 545 418
488 0.252500 0.349167 8920 303 419
489 0.003333 0.350833 6889 4 421
490 0.246667 0.350833 8835 296 421
491 0.269167 0.352500 7401 323 423
492 0.533333 0.352500 9081 640 423
493 0.190000 0.353333 8320 228 424
494 0.438333 0.353333 9294 526 424
495 0.525833 0.353333 10039 631 424
496 0.225000 0.354167 9232 270 425
497 0.312500 0.355000 9573 375 426
498 0.361667 0.356667 8510 434 428
499 0.390000 0.357500 8576 468 429
500 0.448333 0.357500 8136 538 429
501 0.036667 0.358333 9084 44 430
502 0.300833 0.358333 9288 361 430
503 0.435833 0.358333 9235 523 430
504 0.539167 0.358333 9189 647 430
505 0.520000 0.359167 9816 624 431
506 0.185833 0.360000 8339 223 432
507 0.346667 0.360000 9855 416 432
508 0.290000 0.362500 8720 348 435
509 0.019167 0.363333 7782 23 436
510 0.377500 0.364167 7834 453 437
511 0.515000 0.364167 10072 618 437
512 0.328333 0.365000 9534 394 438
513 0.470000 0.365833 6433 564 439
514 0.027500 0.366667 8625 33 440
515 0.242500 0.370000 8149 291 444
516 0.523333 0.370000 7499 628 444
517 0.433333 0.370833 9524 520 445
518 0.211667 0.371667 9412 254 446
519 0.388333 0.371667 7785 466 446
520 0.015000 0.372500 8024 18 447
521 0.069167 0.373333 6466 83 448
522 0.355833 0.374167 8687 427 449
523 0.347500 0.375000 9117 417 450
524 0.508333 0.375000 10016 610 450
525 0.175833 0.375833 7194 211 451
526 0.225000 0.376667 8175 270 452
527 0.259167 0.376667 6873 311 452
528 0.020833 0.377500 9314 25 453
529 0.429167 0.377500 8845 515 453
530 0.319167 0.379167 8697 383 455
531 0.284167 0.380000 9314 341 456
532 0.024167 0.380833 9452 29 457
533 0.360000 0.381667 8323 432 458
534 0.253333 0.382500 6673 304 459
535 0.187500 0.383333 7191 225 460
536 0.027500 0.384167 9586 33 461
537 0.204167 0.385833 9311 245 463
538 0.015833 0.388333 9809 19 466
539 0.136667 0.388333 8651 164 466
540 0.297500 0.388333 9330 357 466
541 0.035833 0.389167 8300 43 467
542 0.055833 0.389167 7585 67 467
543 0.340833 0.389167 8920 409 467
544 0.498333 0.389167 8763 598 467
545 0.410000 0.391667 7175 492 470
546 0.475000 0.391667 8139 570 470
547 0.050000 0.394167 7739 60 473
548 0.539167 0.395833 6190 647 475
549 0.480833 0.397500 8658 577 477
550 0.257500 0.398333 9501 309 478
551 0.269167 0.398333 9858 323 478
552 0.301667 0.399167 8789 362 479
553 0.195833 0.400000 7791 235 480
554 0.338333 0.402500 9202 406 483
555 0.466667 0.402500 8625 560 483
556 0.125000 0.403333 9268 150 484
557 0.002500 0.404167 9986 3 485
558 0.301667 0.405833 8490 362 487
559 0.385833 0.405833 6584 463 487
560 0.252500 0.406667 9176 303 488
561 0.277500 0.406667 9015 333 488
562 0.282500 0.406667 9163 339 488
563 0.335000 0.410833 9183 402 493
564 0.017500 0.411667 7929 21 494
565 0.405000 0.412500 9101 486 495
566 0.459167 0.414167 9691 551 497
567 0.227500 0.415000 8487 273 498
568 0.341667 0.415000 9176 410 498
569 0.110833 0.415833 8290 133 499
570 0.286667 0.415833 9107 344 499
571 0.496667 0.420000 7116 596 504
572 0.017500 0.421667 8064 21 506
573 0.400000 0.421667 9222 480 506
574 0.465833 0.421667 8992 559 506
575 0.212500 0.422500 7598 255 507
576 0.293333 0.423333 8061 352 508
577 0.282500 0.424167 8982 339 509
578 0.327500 0.424167 8927 393 509
579 0.472500 0.425000 8543 567 510
580 0.020000 0.425833 8254 24 511
581 0.105000 0.427500 8326 126 513
582 0.243333 0.427500 9596 292 513
583 0.152500 0.429167 8310 183 515
584 0.000000 0.430000 5938 0 516
585 0.441667 0.430833 8353 530 517
586 0.539167 0.430833 6519 647 517
587 0.247500 0.431667 9445 297 518
588 0.321667 0.432500 8799 386 519
589 0.394167 0.433333 8871 473 520
590 0.200833 0.435000 8293 241 522
591 0.144167 0.436667 8645 173 524
592 0.442500 0.436667 8346 531 524
593 0.392500 0.438333 9019 471 526
594 0.094167 0.441667 8484 113 530
595 0.186667 0.441667 7798 224 530
596 0.208333 0.441667 7900 250 530
597 0.275000 0.443333 8270 330 532
598 0.441667 0.443333 8602 530 532
599 0.150000 0.444167 8973 180 533
600 0.370000 0.445833 6450 444 535
601 0.162500 0.446667 7345 195 536
602 0.337500 0.447500 7440 405 537
603 0.235000 0.448333 9452 282 538
604 0.320833 0.448333 9343 385 538
605 0.539167 0.448333 4261 647 538
606 0.145833 0.450000 9389 175 540
607 0.535833 0.450833 4248 643 541
608 0.085833 0.451667 8162 103 542
609 0.380000 0.451667 8257 456 542
610 0.314167 0.452500 8940 377 543
611 0.434167 0.452500 8782 521 543
612 0.242500 0.455000 8799 291 546
613 0.326667 0.457500 8792 392 549
614 0.310000 0.458333 9012 372 550
615 0.000000 0.459167 7454 0 551
616 0.212500 0.459167 8061 255 551
617 0.374167 0.459167 8379 449 551
618 0.157500 0.462500 7339 189 555
619 0.428333 0.463333 8024 514 556
620 0.071667 0.464167 8441 86 557
621 0.330000 0.464167 8284 396 557
622 0.304167 0.465833 8776 365 559
623 0.251667 0.469167 7693 302 563
624 0.368333 0.469167 8369 442 563
625 0.184167 0.470000 7795 221 564
626 0.172500 0.470833 8218 207 565
627 0.112500 0.472500 8874 135 567
628 0.205000 0.473333 8845 246 568
629 0.298333 0.474167 9265 358 569
630 0.057500 0.475000 8231 69 570
631 0.520000 0.475000 8188 624 570
632 0.137500 0.479167 7913 165 575
633 0.212500 0.480000 9189 255 576
634 0.412500 0.480000 8326 495 576
635 0.176667 0.480833 7837 212 577
636 0.110000 0.481667 8599 132 578
637 0.296667 0.483333 9333 356 580
638 0.539167 0.483333 7253 647 580
639 0.000000 0.484167 4809 0 581
640 0.052500 0.484167 8221 63 581
641 0.409167 0.484167 8464 491 581
642 0.219167 0.485000 9327 263 582
643 0.288333 0.485000 8822 346 582
644 0.109167 0.485833 8375 131 583
645 0.511667 0.486667 8812 614 584
646 0.415000 0.487500 8051 498 585
647 0.539167 0.487500 7647 647 585
648 0.093333 0.489167 9078 112 587
649 0.406667 0.491667 8425 488 590
650 0.539167 0.492500 7647 647 591
651 0.111667 0.493333 8136 134 592
652 0.045000 0.494167 8152 54 593
653 0.180833 0.495000 8031 217 594
654 0.091667 0.495833 9435 110 595
655 0.210000 0.497500 9169 252 597
656 0.285000 0.497500 8963 342 597
657 0.400833 0.497500 8513 481 597
658 0.518333 0.497500 8664 622 597
659 0.292500 0.500833 8385 351 601
660 0.080000 0.501667 9383 96 602
661 0.387500 0.501667 7703 465 602
662 0.051667 0.502500 7952 62 603
663 0.229167 0.502500 8763 275 603
664 0.064167 0.503333 8530 77 604
665 0.145000 0.503333 8267 174 604
666 0.343333 0.503333 7703 412 604
667 0.515833 0.504167 8625 619 605
668 0.136667 0.506667 8359 164 608
669 0.141667 0.506667 8241 170 608
670 0.280833 0.506667 8786 337 608
671 0.105000 0.508333 8812 126 610
672 0.394167 0.509167 8805 473 611
673 0.100000 0.510833 8608 120 613
674 0.150000 0.511667 8123 180 614
675 0.270000 0.511667 7650 324 614
676 0.337500 0.511667 7939 405 614
677 0.134167 0.513333 8343 161 616
678 0.069167 0.515000 9238 83 618
679 0.075833 0.515000 9238 91 618
680 0.537500 0.516667 8559 645 620
681 0.098333 0.517500 8546 118 621
682 0.390833 0.517500 8763 469 621
683 0.530833 0.518333 8556 637 622
684 0.480833 0.521667 8454 577 626
685 0.128333 0.522500 8182 154 627
686 0.330833 0.522500 7988 397 627
687 0.516667 0.523333 8461 620 628
688 0.385000 0.524167 9773 462 629
689 0.044167 0.525000 9527 53 630
690 0.278333 0.525000 8326 334 630
691 0.096667 0.525833 8270 116 631
692 0.263333 0.526667 7641 316 632
693 0.267500 0.528333 8018 321 634
694 0.325000 0.530833 7749 390 637
695 0.158333 0.531667 8421 190 638
696 0.191667 0.531667 9501 230 638
697 0.536667 0.531667 8464 644 638
698 0.266667 0.532500 8077 320 639
699 0.175833 0.534167 8218 211 641
700 0.375000 0.535000 9222 450 642
701 0.468333 0.535000 8169 562 642
702 0.012500 0.536667 8769 15 644
703 0.132500 0.536667 8389 159 644
704 0.204167 0.537500 8697 245 645
705 0.536667 0.537500 8510 644 645
706 0.091667 0.538333 7959 110 646
707 0.023333 0.539167 9379 28 647
708 0.026667 0.539167 9265 32 647
709 0.035000 0.539167 8999 42 647
710 0.041667 0.539167 9717 50 647
711 0.059167 0.539167 6916 71 647
712 0.165000 0.539167 8628 198 647
713 0.171667 0.539167 8011 206 647
714 0.175000 0.539167 8054 210 647
715 0.194167 0.539167 8546 233 647
716 0.365833 0.539167 7831 439 647
717 0.413333 0.539167 4429 496 647
718 0.418333 0.539167 4422 502 647
719 0.421667 0.539167 4524 506 647
720 0.425833 0.539167 4589 511 647
721 0.448333 0.539167 5524 538 647
722 0.456667 0.539167 6692 548 647
723 0.473333 0.539167 8339 568 647
724 0.478333 0.539167 8779 574 647
725 0.484167 0.539167 8277 581 647
726 0.488333 0.539167 8576 586 647
727 0.503333 0.539167 6932 604 647
728 0.511667 0.539167 6374 614 647
729 0.520000 0.539167 6519 624 647
PromSaddles 728
1 0.001667 0.000000 2634 2 0
2 0.030833 0.000000 4002 37 0
3 0.100000 0.000000 6236 120 0
4 0.120000 0.000000 7188 144 0
5 0.122500 0.000000 7253 147 0
6 0.124167 0.000000 7296 149 0
7 0.135000 0.000000 6358 162 0
8 0.140833 0.000000 6771 169 0
9 0.145000 0.000000 5944 174 0
10 0.254167 0.000000 6594 305 0
11 0.272500 0.000000 7503 327 0
12 0.346667 0.000000 5085 416 0
13 0.450833 0.000000 7637 541 0
14 0.455833 0.000000 7332 547 0
15 0.495000 0.000000 8746 594 0
16 0.507500 0.000000 8215 609 0
17 0.515000 0.000000 8270 618 0
18 0.527500 0.000000 7470 633 0
19 0.127500 0.000833 7670 153 1
20 0.280833 0.000833 7893 337 1
21 0.502500 0.000833 8622 603 1
22 0.536667 0.000833 9268 644 1
23 0.001667 0.003333 2637 2 4
24 0.021667 0.001667 3280 26 2
25 0.391667 0.001667 7024 470 2
26 0.402500 0.001667 7765 483 2
27 0.439167 0.001667 9061 527 2
28 0.060833 0.002500 5895 73 3
29 0.307500 0.002500 6532 369 3
30 0.362500 0.002500 8549 435 3
31 0.379167 0.003333 6998 455 4
32 0.427500 0.003333 9799 513 4
33 0.115833 0.004167 8120 139 5
34 0.435000 0.004167 9041 522 5
35 0.503333 0.004167 8562 604 5
36 0.003333 0.007500 2641 4 9
37 0.049167 0.008333 6322 59 10
38 0.080833 0.008333 7477 97 10
39 0.425833 0.009167 9363 511 11
40 0.292500 0.010833 8369 351 13
41 0.387500 0.012500 7736 465 15
42 0.132500 0.013333 7076 159 16
43 0.390000 0.013333 7709 468 16
44 0.420833 0.013333 9799 505 16
45 0.530000 0.013333 8205 636 16
46 0.000833 0.015000 2841 1 18
47 0.493333 0.014167 8287 592 17
48 0.118333 0.015000 7900 142 18
49 0.037500 0.015833 5846 45 19
50 0.112500 0.015833 7936 135 19
51 0.214167 0.015833 5692 257 19
52 0.400833 0.015833 7634 481 19
53 0.490833 0.015833 8362 589 19
54 0.300000 0.018333 7739 360 22
55 0.011667 0.021667 3313 14 26
56 0.111667 0.022500 7962 134 27
57 0.285833 0.023333 7335 343 28
58 0.316667 0.023333 7027 380 28
59 0.110000 0.025000 7975 132 30
60 0.297500 0.025000 7519 357 30
61 0.412500 0.026667 9320 495 32
62 0.246667 0.028333 5859 296 34
63 0.000833 0.029167 2828 1 35
64 0.293333 0.029167 7969 352 35
65 0.411667 0.029167 9255 494 35
66 0.223333 0.032500 7296 268 39
67 0.286667 0.032500 8061 344 39
68 0.485000 0.033333 8667 582 40
69 0.391667 0.034167 7946 470 41
70 0.107500 0.035000 8175 129 42
71 0.379167 0.036667 8382 455 44
72 0.499167 0.038333 7463 599 46
73 0.401667 0.040000 10314 482 48
74 0.113333 0.041667 7237 136 50
75 0.118333 0.043333 7007 142 52
76 0.195000 0.043333 5577 234 52
77 0.276667 0.043333 7847 332 52
78 0.512500 0.044167 8766 615 53
79 0.538333 0.044167 7247 646 53
80 0.224167 0.045000 6938 269 54
81 0.102500 0.046667 7933 123 56
82 0.440000 0.046667 8139 528 56
83 0.406667 0.047500 8188 488 57
84 0.252500 0.048333 7942 303 58
85 0.390000 0.050000 7726 468 60
86 0.504167 0.050000 8907 605 60
87 0.238333 0.050833 7562 286 61
88 0.213333 0.052500 7529 256 63
89 0.431667 0.052500 7965 518 63
90 0.100000 0.053333 7765 120 64
91 0.365833 0.054167 7723 439 65
92 0.377500 0.054167 7493 453 65
93 0.278333 0.055000 7939 334 66
94 0.026667 0.056667 6607 32 68
95 0.437500 0.057500 8412 525 69
96 0.233333 0.059167 7283 280 71
97 0.211667 0.062500 7073 254 75
98 0.490000 0.063333 8077 588 76
99 0.501667 0.063333 9373 602 76
100 0.504167 0.063333 8779 605 76
101 0.409167 0.064167 8136 491 77
102 0.025833 0.065000 6683 31 78
103 0.484167 0.065000 8169 581 78
104 0.280000 0.067500 8418 336 81
105 0.537500 0.067500 8795 645 81
106 0.000833 0.068333 3418 1 82
107 0.502500 0.070833 8605 603 85
108 0.448333 0.071667 8149 538 86
109 0.086667 0.072500 4878 104 87
110 0.335000 0.072500 8254 402 87
111 0.430000 0.074167 9448 516 89
112 0.536667 0.074167 8887 644 89
113 0.054167 0.075000 7831 65 90
114 0.277500 0.075833 8559 333 91
115 0.310000 0.075833 5531 372 91
116 0.445833 0.075833 8421 535 91
117 0.424167 0.076667 9330 509 92
118 0.053333 0.080000 7834 64 96
119 0.473333 0.080000 7755 568 96
120 0.535833 0.080000 8933 643 96
121 0.342500 0.080833 8172 411 97
122 0.436667 0.081667 8120 524 98
123 0.410000 0.083333 8267 492 100
124 0.023333 0.084167 6998 28 101
125 0.349167 0.085000 8546 419 102
126 0.273333 0.085833 8736 328 103
127 0.048333 0.086667 7729 58 104
128 0.469167 0.086667 7880 563 104
129 0.063333 0.087500 6650 76 105
130 0.529167 0.087500 8854 635 105
131 0.013333 0.089167 6502 16 107
132 0.420833 0.089167 8963 505 107
133 0.492500 0.089167 7673 591 107
134 0.430000 0.090833 8802 516 109
135 0.283333 0.091667 7158 340 110
136 0.350000 0.091667 8241 420 110
137 0.539167 0.092500 7066 647 111
138 0.043333 0.094167 7841 52 113
139 0.474167 0.094167 7900 569 113
140 0.265833 0.095833 8412 319 115
141 0.027500 0.097500 7093 33 117
142 0.039167 0.096667 7611 47 116
143 0.046667 0.100000 7221 56 120
144 0.080833 0.100000 7703 97 120
145 0.057500 0.100833 7798 69 121
146 0.327500 0.100833 8572 393 121
147 0.420000 0.100833 8536 504 121
148 0.355000 0.102500 8221 426 123
149 0.371667 0.102500 8503 446 123
150 0.332500 0.103333 8615 399 124
151 0.470833 0.103333 8982 565 124
152 0.521667 0.104167 8907 626 125
153 0.175833 0.105833 5918 211 127
154 0.361667 0.107500 8395 434 129
155 0.485000 0.107500 9137 582 129
156 0.066667 0.108333 7631 80 130
157 0.472500 0.109167 9865 567 131
158 0.374167 0.110000 8694 449 132
159 0.049167 0.110833 7864 59 133
160 0.370000 0.111667 8382 444 134
161 0.358333 0.111667 8307 430 134
162 0.423333 0.111667 8759 508 134
163 0.471667 0.112500 9573 566 135
164 0.168333 0.113333 6017 202 136
165 0.340000 0.114167 8051 408 137
166 0.435000 0.115833 6833 522 139
167 0.025833 0.116667 6853 31 140
168 0.066667 0.116667 7536 80 140
169 0.448333 0.116667 7952 538 140
170 0.523333 0.116667 8067 628 140
171 0.007500 0.117500 6482 9 141
172 0.417500 0.117500 8412 501 141
173 0.467500 0.117500 9944 561 141
174 0.484167 0.118333 8982 581 142
175 0.378333 0.119167 8372 454 143
176 0.452500 0.119167 8556 543 143
177 0.492500 0.119167 9166 591 143
178 0.512500 0.119167 8704 615 143
179 0.484167 0.121667 9025 581 146
180 0.419167 0.121667 8536 503 146
181 0.474167 0.121667 9383 569 146
182 0.045833 0.122500 7952 55 147
183 0.008333 0.124167 7103 10 149
184 0.420000 0.124167 8572 504 149
185 0.151667 0.125000 7854 182 150
186 0.511667 0.125833 8707 614 151
187 0.353333 0.126667 8172 424 152
188 0.193333 0.128333 8205 232 154
189 0.498333 0.128333 9350 598 154
190 0.003333 0.129167 7040 4 155
191 0.477500 0.130000 9734 573 156
192 0.514167 0.130000 7923 617 156
193 0.419167 0.130833 8349 503 157
194 0.040833 0.131667 7841 49 158
195 0.495000 0.131667 9478 594 158
196 0.148333 0.132500 7906 178 159
197 0.464167 0.133333 9222 557 160
198 0.490000 0.134167 9914 588 161
199 0.193333 0.135000 8369 232 162
200 0.381667 0.135000 7631 458 162
201 0.048333 0.137500 7034 58 165
202 0.202500 0.138333 7601 243 166
203 0.000000 0.140000 5843 0 168
204 0.188333 0.140000 8061 226 168
205 0.035833 0.140833 8152 43 169
206 0.461667 0.140833 8792 554 169
207 0.473333 0.140833 8093 568 169
208 0.190000 0.142500 8061 228 171
209 0.299167 0.143333 8415 359 172
210 0.492500 0.144167 8707 591 173
211 0.450000 0.145000 7972 540 174
212 0.033333 0.149167 8110 40 179
213 0.154167 0.150000 7470 185 180
214 0.192500 0.150000 8110 231 180
215 0.185000 0.151667 7627 222 182
216 0.298333 0.151667 8828 358 182
217 0.474167 0.152500 8152 569 183
218 0.401667 0.154167 8477 482 185
219 0.495833 0.154167 8664 595 185
220 0.389167 0.155000 8110 467 186
221 0.394167 0.155000 8100 473 186
222 0.416667 0.155000 6332 500 186
223 0.195000 0.156667 8044 234 188
224 0.539167 0.156667 7434 647 188
225 0.022500 0.157500 7857 27 189
226 0.392500 0.157500 8313 471 189
227 0.035000 0.158333 7808 42 190
228 0.216667 0.158333 8930 260 190
229 0.305000 0.158333 8677 366 190
230 0.227500 0.159167 8638 273 191
231 0.199167 0.160000 7946 239 192
232 0.444167 0.160000 7687 533 192
233 0.045000 0.160833 7329 54 193
234 0.210833 0.163333 8835 253 196
235 0.375000 0.163333 8001 450 196
236 0.475833 0.164167 8517 571 197
237 0.035000 0.165000 7929 42 198
238 0.100000 0.165833 3894 120 199
239 0.304167 0.165833 8444 365 199
240 0.533333 0.165833 8100 640 199
241 0.205833 0.168333 8418 247 202
242 0.233333 0.168333 8113 280 202
243 0.201667 0.170833 8106 242 205
244 0.390833 0.170833 8313 469 205
245 0.171667 0.171667 7073 206 206
246 0.235000 0.172500 7956 282 207
247 0.278333 0.172500 8392 334 207
248 0.300000 0.174167 8615 360 209
249 0.354167 0.174167 8120 425 209
250 0.291667 0.175833 9258 350 211
251 0.030000 0.177500 7887 36 213
252 0.443333 0.177500 7982 532 213
253 0.368333 0.178333 7076 442 214
254 0.351667 0.181667 8497 422 218
255 0.539167 0.181667 7230 647 218
256 0.342500 0.182500 8628 411 219
257 0.385833 0.182500 8028 463 219
258 0.524167 0.182500 8152 629 219
259 0.192500 0.183333 7814 231 220
260 0.311667 0.183333 7775 374 220
261 0.149167 0.185000 7568 179 222
262 0.451667 0.185000 8759 542 222
263 0.301667 0.185833 9035 362 223
264 0.024167 0.187500 7588 29 225
265 0.474167 0.187500 6473 569 225
266 0.359167 0.188333 8120 431 226
267 0.488333 0.188333 6227 586 226
268 0.529167 0.188333 9288 635 226
269 0.458333 0.189167 8248 550 227
270 0.135000 0.190000 8707 162 228
271 0.303333 0.190000 8520 364 228
272 0.464167 0.190000 7995 557 228
273 0.015833 0.191667 7877 19 230
274 0.530000 0.192500 9261 636 231
275 0.434167 0.193333 7785 521 232
276 0.343333 0.194167 8408 412 233
277 0.459167 0.194167 7703 551 233
278 0.305000 0.195833 7880 366 235
279 0.338333 0.195833 8756 406 235
280 0.008333 0.196667 7841 10 236
281 0.000833 0.197500 8024 1 237
282 0.015833 0.197500 7893 19 237
283 0.361667 0.197500 7709 434 237
284 0.134167 0.202500 8713 161 243
285 0.330833 0.202500 7650 397 243
286 0.020000 0.203333 7457 24 244
287 0.313333 0.204167 8028 376 245
288 0.433333 0.204167 8274 520 245
289 0.000833 0.205000 7808 1 246
290 0.375000 0.205000 8264 450 246
291 0.533333 0.205833 9376 640 247
292 0.000000 0.206667 7818 0 248
293 0.320000 0.210000 9009 384 252
294 0.433333 0.210000 8605 520 252
295 0.517500 0.210000 9173 621 252
296 0.130833 0.210833 9068 157 253
297 0.325833 0.211667 8795 391 254
298 0.445000 0.211667 8021 534 254
299 0.000000 0.214167 7618 0 257
300 0.493333 0.214167 7490 592 257
301 0.520833 0.214167 9215 625 257
302 0.132500 0.215000 8740 159 258
303 0.445000 0.215833 7939 534 259
304 0.534167 0.215833 8943 641 259
305 0.000000 0.216667 7578 0 260
306 0.247500 0.217500 7142 297 261
307 0.092500 0.219167 5321 111 263
308 0.107500 0.219167 6282 129 263
309 0.000000 0.220000 7555 0 264
310 0.127500 0.220000 9425 153 264
311 0.136667 0.220000 8188 164 264
312 0.449167 0.220000 7719 539 264
313 0.326667 0.220833 7877 392 265
314 0.424167 0.220833 8487 509 265
315 0.524167 0.221667 8704 629 266
316 0.443333 0.223333 8005 532 268
317 0.530000 0.224167 8720 636 269
318 0.000000 0.225000 7299 0 270
319 0.144167 0.225000 8008 173 270
320 0.170000 0.225833 7890 204 271
321 0.179167 0.225833 8231 215 271
322 0.205833 0.225833 8307 247 271
323 0.123333 0.226667 8441 148 272
324 0.341667 0.226667 8211 410 272
325 0.353333 0.226667 9110 424 272
326 0.360000 0.227500 8871 432 273
327 0.150833 0.228333 8244 181 274
328 0.162500 0.228333 8093 195 274
329 0.521667 0.229167 8897 626 275
330 0.192500 0.230000 9163 231 276
331 0.000000 0.230833 6249 0 277
332 0.504167 0.231667 9376 605 278
333 0.000000 0.235000 5793 0 282
334 0.184167 0.235000 7824 221 282
335 0.520000 0.235000 9074 624 282
336 0.321667 0.235833 7227 386 283
337 0.368333 0.237500 7910 442 285
338 0.278333 0.238333 9032 334 286
339 0.292500 0.238333 8795 351 286
340 0.515833 0.238333 8986 619 286
341 0.271667 0.240000 9878 326 288
342 0.315000 0.240000 7001 378 288
343 0.199167 0.240833 7650 239 289
344 0.302500 0.240833 8622 363 289
345 0.182500 0.241667 7214 219 290
346 0.376667 0.242500 8707 452 291
347 0.528333 0.243333 7824 634 292
348 0.373333 0.244167 8530 448 293
349 0.505000 0.246667 7880 606 296
350 0.000000 0.247500 4251 0 297
351 0.080833 0.247500 5662 97 297
352 0.405000 0.247500 6030 486 297
353 0.377500 0.248333 8559 453 298
354 0.005000 0.250833 4061 6 301
355 0.539167 0.250000 6942 647 300
356 0.330000 0.252500 7946 396 303
357 0.407500 0.253333 5925 489 304
358 0.274167 0.254167 9320 329 305
359 0.240000 0.255000 8330 288 306
360 0.324167 0.255000 7568 389 306
361 0.160000 0.257500 7444 192 309
362 0.273333 0.258333 9356 328 310
363 0.106667 0.259167 8251 128 311
364 0.505833 0.259167 8070 607 311
365 0.179167 0.262500 8438 215 315
366 0.495833 0.262500 8569 595 315
367 0.147500 0.263333 7952 177 316
368 0.335000 0.264167 8303 402 317
369 0.500000 0.265833 8786 600 319
370 0.000000 0.266667 4248 0 320
371 0.142500 0.266667 7795 171 320
372 0.176667 0.266667 8024 212 320
373 0.240000 0.267500 9091 288 321
374 0.264167 0.267500 9806 317 321
375 0.458333 0.267500 5905 550 321
376 0.000000 0.270000 4212 0 324
377 0.122500 0.270833 7358 147 325
378 0.127500 0.270833 7414 153 325
379 0.480833 0.270833 8057 577 325
380 0.077500 0.271667 6371 93 326
381 0.106667 0.271667 8638 128 326
382 0.113333 0.271667 8129 136 326
383 0.504167 0.271667 8838 605 326
384 0.343333 0.273333 7185 412 328
385 0.103333 0.274167 8536 124 329
386 0.520833 0.275000 7982 625 330
387 0.275833 0.275833 9494 331 331
388 0.264167 0.276667 9183 317 332
389 0.131667 0.277500 8162 158 333
390 0.286667 0.279167 8841 344 335
391 0.530000 0.280000 8336 636 336
392 0.000000 0.280000 4104 0 336
393 0.250000 0.280000 9311 300 336
394 0.255000 0.280000 9051 306 336
395 0.228333 0.280833 8628 274 337
396 0.235000 0.280833 9048 282 337
397 0.253333 0.280833 9209 304 337
398 0.099167 0.281667 8369 119 338
399 0.394167 0.281667 8730 473 338
400 0.508333 0.281667 8175 610 338
401 0.261667 0.283333 9333 314 340
402 0.293333 0.283333 8907 352 340
403 0.041667 0.284167 4232 50 341
404 0.504167 0.285000 8264 605 342
405 0.091667 0.285833 8585 110 343
406 0.099167 0.285833 8628 119 343
407 0.295833 0.285833 8681 355 343
408 0.430000 0.287500 5626 516 345
409 0.175000 0.289167 8100 210 347
410 0.478333 0.289167 8070 574 347
411 0.510000 0.289167 8015 612 347
412 0.002500 0.290833 3851 3 349
413 0.291667 0.291667 8664 350 350
414 0.305833 0.291667 7785 367 350
415 0.321667 0.291667 8982 386 350
416 0.505833 0.291667 8149 607 350
417 0.420000 0.293333 7480 504 352
418 0.381667 0.294167 8809 458 353
419 0.491667 0.294167 8215 590 353
420 0.099167 0.295833 8448 119 355
421 0.500833 0.295833 8320 601 355
422 0.084167 0.296667 8100 101 356
423 0.505833 0.296667 8615 607 356
424 0.265000 0.298333 9028 318 358
425 0.375833 0.298333 8704 451 358
426 0.170000 0.299167 8645 204 359
427 0.322500 0.299167 8835 387 359
428 0.078333 0.300833 8333 94 361
429 0.112500 0.301667 7368 135 362
430 0.000833 0.303333 3996 1 364
431 0.075000 0.303333 8303 90 364
432 0.510833 0.303333 8572 613 364
433 0.088333 0.304167 7073 106 365
434 0.191667 0.304167 7723 230 365
435 0.374167 0.305000 8471 449 366
436 0.030833 0.305833 4074 37 367
437 0.414167 0.305833 7982 497 367
438 0.182500 0.306667 7933 219 368
439 0.198333 0.306667 8090 238 368
440 0.368333 0.306667 8720 442 368
441 0.516667 0.307500 8887 620 369
442 0.321667 0.308333 9160 386 370
443 0.316667 0.309167 9002 380 371
444 0.507500 0.309167 8408 609 371
445 0.270833 0.310000 7319 325 372
446 0.370833 0.310833 8182 445 373
447 0.200833 0.311667 8179 241 374
448 0.533333 0.312500 8507 640 375
449 0.065833 0.313333 8061 79 376
450 0.164167 0.314167 7942 197 377
451 0.539167 0.314167 8566 647 377
452 0.357500 0.315000 8333 429 378
453 0.405000 0.315833 7975 486 379
454 0.409167 0.315833 8129 491 379
455 0.524167 0.315833 9320 629 379
456 0.015000 0.316667 4691 18 380
457 0.266667 0.316667 7572 320 380
458 0.200000 0.318333 8362 240 382
459 0.519167 0.321667 9396 623 386
460 0.173333 0.322500 7480 208 387
461 0.355833 0.323333 8904 427 388
462 0.154167 0.324167 7578 185 389
463 0.212500 0.324167 8815 255 389
464 0.300833 0.325000 7112 361 390
465 0.205000 0.325833 9192 246 391
466 0.397500 0.327500 8658 477 393
467 0.515833 0.327500 9248 619 393
468 0.357500 0.328333 8851 429 394
469 0.094167 0.329167 7677 113 395
470 0.270000 0.330000 8100 324 396
471 0.223333 0.331667 7522 268 398
472 0.446667 0.331667 8339 536 398
473 0.203333 0.333333 8858 244 400
474 0.263333 0.333333 8533 316 400
475 0.513333 0.335000 9629 616 402
476 0.237500 0.335833 9002 285 403
477 0.390000 0.335833 8540 468 403
478 0.357500 0.337500 9491 429 405
479 0.350000 0.338333 8776 420 406
480 0.385833 0.340833 8487 463 409
481 0.377500 0.343333 7070 453 412
482 0.255833 0.344167 8717 307 413
483 0.361667 0.344167 8507 434 413
484 0.519167 0.345000 8841 623 414
485 0.454167 0.346667 8428 545 416
486 0.245000 0.348333 8605 294 418
487 0.267500 0.348333 7257 321 418
488 0.300833 0.348333 7578 361 418
489 0.355000 0.348333 9146 426 418
490 0.230833 0.349167 8694 277 419
491 0.192500 0.350000 8205 231 420
492 0.440833 0.350000 9055 529 420
493 0.248333 0.351667 8674 298 422
494 0.389167 0.352500 8188 467 423
495 0.006667 0.353333 6594 8 424
496 0.450000 0.353333 7844 540 424
497 0.530833 0.353333 8848 637 424
498 0.535000 0.353333 8533 642 424
499 0.187500 0.355000 8001 225 426
500 0.305000 0.355000 8749 366 426
501 0.361667 0.355000 8310 434 426
502 0.468333 0.356667 6295 562 428
503 0.436667 0.356667 9078 524 428
504 0.523333 0.356667 9337 628 428
505 0.221667 0.357500 8526 266 429
506 0.377500 0.357500 7621 453 429
507 0.291667 0.360833 8602 350 433
508 0.435000 0.360833 8933 522 433
509 0.517500 0.361667 9425 621 434
510 0.035000 0.363333 7969 42 436
511 0.314167 0.363333 7913 377 436
512 0.338333 0.364167 9137 406 437
513 0.020833 0.365833 7667 25 439
514 0.287500 0.365833 8316 345 439
515 0.241667 0.368333 7946 290 442
516 0.347500 0.368333 8874 417 442
517 0.025000 0.369167 8372 30 443
518 0.390000 0.369167 7670 468 443
519 0.521667 0.369167 7303 626 443
520 0.512500 0.370000 9406 615 444
521 0.016667 0.373333 7919 20 448
522 0.351667 0.373333 8320 422 448
523 0.220833 0.374167 7854 265 449
524 0.430000 0.375000 8677 516 450
525 0.320000 0.375833 8428 384 451
526 0.066667 0.377500 6364 80 453
527 0.204167 0.378333 9045 245 454
528 0.358333 0.378333 8008 430 454
529 0.021667 0.379167 9196 26 455
530 0.182500 0.379167 6489 219 455
531 0.417500 0.379167 6646 501 455
532 0.260000 0.380000 6676 312 456
533 0.289167 0.380833 8136 347 457
534 0.280000 0.381667 8533 336 458
535 0.342500 0.382500 8418 411 459
536 0.025833 0.383333 9222 31 460
537 0.496667 0.383333 8244 596 460
538 0.190833 0.384167 7060 229 461
539 0.254167 0.384167 6571 305 461
540 0.030833 0.386667 8074 37 464
541 0.025000 0.387500 8323 30 465
542 0.490000 0.388333 6833 588 466
543 0.052500 0.389167 7460 63 467
544 0.048333 0.390833 7526 58 469
545 0.340000 0.391667 8792 408 470
546 0.539167 0.391667 6040 647 470
547 0.300833 0.392500 8664 361 471
548 0.195833 0.393333 7562 235 472
549 0.476667 0.393333 8038 572 472
550 0.409167 0.394167 6935 491 473
551 0.126667 0.395000 8297 152 474
552 0.444167 0.395833 5561 533 475
553 0.015833 0.397500 7608 19 477
554 0.260833 0.399167 9150 313 479
555 0.274167 0.400833 8330 329 481
556 0.475000 0.400833 7841 570 481
557 0.252500 0.403333 9015 303 484
558 0.301667 0.403333 8248 362 484
559 0.463333 0.404167 8202 556 485
560 0.335000 0.405833 8832 402 487
561 0.386667 0.406667 6354 464 488
562 0.280000 0.407500 8887 336 489
563 0.012500 0.409167 7490 15 491
564 0.285833 0.410000 8812 343 492
565 0.539167 0.410833 5052 647 493
566 0.247500 0.411667 7841 297 494
567 0.340000 0.411667 8638 408 494
568 0.488333 0.412500 6833 586 495
569 0.113333 0.413333 8024 136 496
570 0.464167 0.416667 8681 557 500
571 0.018333 0.417500 7673 22 501
572 0.399167 0.417500 8914 479 501
573 0.232500 0.418333 7772 279 502
574 0.329167 0.418333 8300 395 502
575 0.284167 0.419167 8730 341 503
576 0.108333 0.420000 7424 130 504
577 0.450833 0.420833 7431 541 505
578 0.215000 0.421667 7480 258 506
579 0.018333 0.422500 7929 22 507
580 0.290833 0.422500 7913 349 507
581 0.469167 0.423333 7864 563 508
582 0.245000 0.427500 9081 294 513
583 0.395000 0.428333 8651 474 514
584 0.000000 0.429167 5935 0 515
585 0.324167 0.429167 8428 389 515
586 0.214167 0.430000 7365 257 516
587 0.100000 0.431667 8028 120 518
588 0.235000 0.431667 8543 282 518
589 0.148333 0.432500 8018 178 519
590 0.441667 0.433333 8123 530 520
591 0.394167 0.435000 8769 473 522
592 0.000000 0.436667 5242 0 524
593 0.145833 0.438333 8339 175 526
594 0.275000 0.438333 8159 330 526
595 0.320000 0.438333 8343 384 526
596 0.205000 0.439167 7785 246 527
597 0.441667 0.439167 8208 530 527
598 0.186667 0.440000 7680 224 528
599 0.371667 0.443333 6177 446 532
600 0.090000 0.444167 7664 108 533
601 0.149167 0.445833 8868 179 535
602 0.539167 0.445833 4248 647 535
603 0.382500 0.446667 7913 459 536
604 0.158333 0.447500 7148 190 537
605 0.335833 0.447500 7319 403 537
606 0.435833 0.447500 8149 523 537
607 0.315833 0.450833 8795 379 541
608 0.325000 0.450833 8517 390 541
609 0.240000 0.453333 8612 288 544
610 0.379167 0.454167 7992 455 545
611 0.538333 0.454167 4238 646 545
612 0.311667 0.456667 8779 374 548
613 0.080000 0.458333 6519 96 550
614 0.205000 0.459167 7582 246 551
615 0.192500 0.460000 7467 231 552
616 0.428333 0.460833 7716 514 553
617 0.147500 0.461667 7664 177 554
618 0.154167 0.461667 7188 185 554
619 0.304167 0.461667 8480 365 554
620 0.329167 0.462500 8156 395 555
621 0.372500 0.463333 8031 447 556
622 0.418333 0.465000 5610 502 558
623 0.189167 0.466667 7460 227 560
624 0.250000 0.467500 7565 300 561
625 0.062500 0.468333 7759 75 562
626 0.300833 0.468333 8513 361 562
627 0.180833 0.471667 7614 217 566
628 0.207500 0.475000 8677 249 570
629 0.297500 0.477500 8458 357 573
630 0.175833 0.478333 7729 211 574
631 0.516667 0.478333 8057 620 574
632 0.054167 0.479167 8038 65 575
633 0.109167 0.479167 8490 131 575
634 0.000833 0.480833 4606 1 577
635 0.411667 0.480833 8198 494 577
636 0.102500 0.481667 7408 123 578
637 0.156667 0.481667 6961 188 578
638 0.215000 0.481667 8858 258 578
639 0.291667 0.484167 8694 350 581
640 0.539167 0.484167 7244 647 581
641 0.109167 0.485000 8225 131 582
642 0.122500 0.485000 6837 147 582
643 0.178333 0.485000 7706 214 582
644 0.413333 0.486667 7933 496 584
645 0.405833 0.488333 8228 487 586
646 0.047500 0.489167 7703 57 587
647 0.214167 0.489167 8215 257 587
648 0.110833 0.490000 7578 133 588
649 0.230833 0.490833 7814 277 589
650 0.539167 0.490833 7516 647 589
651 0.001667 0.492500 4396 2 591
652 0.092500 0.491667 8930 111 590
653 0.134167 0.491667 7634 161 590
654 0.282500 0.492500 8523 339 591
655 0.515000 0.493333 8034 618 592
656 0.402500 0.494167 8090 483 593
657 0.085833 0.496667 8713 103 596
658 0.537500 0.499167 7519 645 599
659 0.050000 0.500000 7732 60 600
660 0.290833 0.500000 8280 349 600
661 0.517500 0.500000 8507 621 600
662 0.055833 0.502500 7516 67 603
663 0.281667 0.502500 8425 338 603
664 0.068333 0.503333 8074 82 604
665 0.399167 0.503333 8218 479 604
666 0.325000 0.504167 5656 390 605
667 0.388333 0.504167 7467 466 605
668 0.143333 0.505000 8159 172 606
669 0.096667 0.505833 7578 116 607
670 0.340833 0.505833 7522 409 607
671 0.520000 0.505833 7952 624 607
672 0.139167 0.506667 8159 167 608
673 0.146667 0.506667 7808 176 608
674 0.079167 0.508333 8622 95 610
675 0.101667 0.509167 8441 122 611
676 0.135833 0.510000 8103 163 612
677 0.272500 0.512500 7454 327 615
678 0.391667 0.512500 8421 470 615
679 0.099167 0.513333 8083 119 616
680 0.073333 0.514167 9071 88 617
681 0.282500 0.517500 8067 339 621
682 0.534167 0.517500 8211 641 621
683 0.130000 0.518333 8057 156 622
684 0.335000 0.518333 7395 402 622
685 0.389167 0.518333 8631 467 622
686 0.095833 0.520833 8080 115 625
687 0.522500 0.521667 7788 627 626
688 0.530833 0.522500 8018 637 627
689 0.056667 0.525000 7234 68 630
690 0.152500 0.525000 7782 183 630
691 0.268333 0.526667 7896 322 632
692 0.265000 0.527500 7486 318 633
693 0.327500 0.527500 7529 393 633
694 0.130000 0.528333 7732 156 634
695 0.041667 0.530000 8917 50 636
696 0.267500 0.530000 7913 321 636
697 0.177500 0.530833 7985 213 637
698 0.377500 0.531667 8917 453 638
699 0.091667 0.532500 7703 110 639
700 0.160000 0.532500 8313 192 639
701 0.174167 0.532500 7995 209 639
702 0.480000 0.532500 8156 576 639
703 0.535833 0.533333 8290 643 640
704 0.016667 0.536667 8517 20 644
705 0.469167 0.536667 8054 563 644
706 0.410000 0.537500 4376 492 645
707 0.520833 0.537500 6394 625 645
708 0.035833 0.538333 8408 43 646
709 0.193333 0.538333 8490 232 646
710 0.429167 0.538333 4543 515 646
711 0.025833 0.539167 9173 31 647
712 0.033333 0.539167 8720 40 647
713 0.056667 0.539167 6876 68 647
714 0.170000 0.539167 7946 204 647
715 0.172500 0.539167 7965 207 647
716 0.199167 0.539167 8097 239 647
717 0.366667 0.539167 7769 440 647
718 0.416667 0.539167 4409 500 647
719 0.419167 0.539167 4406 503 647
720 0.422500 0.539167 4504 507 647
721 0.450000 0.539167 5449 540 647
722 0.460833 0.539167 6223 553 647
723 0.475000 0.539167 8316 570 647
724 0.482500 0.539167 8074 579 647
725 0.485833 0.539167 8159 583 647
726 0.498333 0.539167 6164 598 647
727 0.510000 0.539167 6309 612 647
728 0.515000 0.539167 6099 618 647
BasinSaddles 0
Runoffs 180
1 0.000000 0.000000 2631 0 0
2 0.004167 0.000000 2634 5 0
3 0.015000 0.000000 3264 18 0
4 0.020833 0.000000 3287 25 0
5 0.030000 0.000000 4028 36 0
6 0.037500 0.000000 5039 45 0
7 0.045833 0.000000 6177 55 0
8 0.052500 0.000000 6391 63 0
9 0.056667 0.000000 6502 68 0
10 0.067500 0.000000 6538 81 0
11 0.070833 0.000000 6476 85 0
12 0.073333 0.000000 6397 88 0
13 0.081667 0.000000 6561 98 0
14 0.089167 0.000000 8024 107 0
15 0.113333 0.000000 8336 136 0
16 0.121667 0.000000 7293 146 0
17 0.123333 0.000000 7306 148 0
18 0.127500 0.000000 7726 153 0
19 0.140000 0.000000 6801 168 0
20 0.141667 0.000000 6778 170 0
21 0.146667 0.000000 6053 176 0
22 0.190000 0.000000 3612 228 0
23 0.193333 0.000000 3645 232 0
24 0.208333 0.000000 5803 250 0
25 0.210833 0.000000 5780 253 0
26 0.215000 0.000000 5429 258 0
27 0.235000 0.000000 5344 282 0
28 0.253333 0.000000 6633 304 0
29 0.261667 0.000000 8195 314 0
30 0.267500 0.000000 8592 321 0
31 0.280000 0.000000 7903 336 0
32 0.295000 0.000000 7939 354 0
33 0.304167 0.000000 6512 365 0
34 0.313333 0.000000 7427 376 0
35 0.345833 0.000000 5121 415 0
36 0.364167 0.000000 8625 437 0
37 0.389167 0.000000 7296 467 0
38 0.393333 0.000000 6981 472 0
39 0.400833 0.000000 7627 481 0
40 0.425000 0.000000 10328 510 0
41 0.440833 0.000000 9353 529 0
42 0.453333 0.000000 7785 544 0
43 0.456667 0.000000 7375 548 0
44 0.494167 0.000000 8766 593 0
45 0.496667 0.000000 9041 596 0
46 0.505000 0.000000 8625 606 0
47 0.511667 0.000000 8471 614 0
48 0.520000 0.000000 8940 624 0
49 0.535000 0.000000 9396 642 0
50 0.539167 0.000000 9288 647 0
51 0.539167 0.001667 9727 647 2
52 0.539167 0.041667 7329 647 50
53 0.539167 0.060000 9035 647 72
54 0.539167 0.070000 8244 647 84
55 0.539167 0.081667 8694 647 98
56 0.539167 0.094167 7244 647 113
57 0.539167 0.103333 5984 647 124
58 0.539167 0.108333 6341 647 130
59 0.539167 0.114167 6847 647 137
60 0.539167 0.152500 7933 647 183
61 0.539167 0.169167 9212 647 203
62 0.539167 0.213333 9416 647 256
63 0.539167 0.230000 7834 647 276
64 0.539167 0.245833 7221 647 295
65 0.539167 0.255833 7293 647 307
66 0.539167 0.283333 9081 647 340
67 0.539167 0.301667 7132 647 362
68 0.539167 0.311667 8530 647 374
69 0.539167 0.317500 9209 647 381
70 0.539167 0.338333 7516 647 406
71 0.539167 0.358333 9189 647 430
72 0.539167 0.369167 8336 647 443
73 0.539167 0.395833 6190 647 475
74 0.539167 0.430833 6519 647 517
75 0.539167 0.446667 4258 647 536
76 0.539167 0.448333 4261 647 538
77 0.539167 0.452500 4235 647 543
78 0.539167 0.455000 4238 647 546
79 0.539167 0.466667 5206 647 560
80 0.539167 0.483333 7253 647 580
81 0.539167 0.487500 7647 647 585
82 0.539167 0.492500 7647 647 591
83 0.539167 0.500833 6817 647 601
84 0.539167 0.517500 8392 647 621
85 0.539167 0.531667 7716 647 638
86 0.539167 0.534167 7470 647 641
87 0.539167 0.536667 7641 647 644
88 0.539167 0.539167 7408 647 647
89 0.000000 0.002500 2641 0 3
90 0.000000 0.009167 2641 0 11
91 0.000000 0.015833 2844 0 19
92 0.000000 0.019167 2857 0 23
93 0.000000 0.025000 2857 0 30
94 0.000000 0.026667 2857 0 32
95 0.000000 0.030000 2834 0 36
96 0.000000 0.035000 2778 0 42
97 0.000000 0.044167 2880 0 53
98 0.000000 0.052500 3093 0 63
99 0.000000 0.066667 3464 0 80
100 0.000000 0.076667 3536 0 92
101 0.000000 0.085833 4245 0 103
102 0.000000 0.091667 4340 0 110
103 0.000000 0.107500 5472 0 129
104 0.000000 0.114167 5898 0 137
105 0.000000 0.117500 5429 0 141
106 0.000000 0.123333 5702 0 148
107 0.000000 0.131667 7201 0 158
108 0.000000 0.140833 5856 0 169
109 0.000000 0.170833 6174 0 205
110 0.000000 0.174167 5830 0 209
111 0.000000 0.192500 7306 0 231
112 0.000000 0.199167 8061 0 239
113 0.000000 0.205833 7828 0 247
114 0.000000 0.210833 8054 0 253
115 0.000000 0.215000 7631 0 258
116 0.000000 0.218333 7631 0 262
117 0.000000 0.221667 7772 0 266
118 0.000000 0.225833 7322 0 271
119 0.000000 0.231667 6348 0 278
120 0.000000 0.235833 5800 0 283
121 0.000000 0.248333 4271 0 298
122 0.000000 0.264167 4245 0 317
123 0.000000 0.265833 4251 0 319
124 0.000000 0.267500 4251 0 321
125 0.000000 0.273333 4229 0 328
126 0.000000 0.281667 4117 0 338
127 0.000000 0.301667 4025 0 362
128 0.000000 0.332500 5288 0 399
129 0.000000 0.337500 5147 0 405
130 0.000000 0.350000 6259 0 420
131 0.000000 0.353333 6423 0 424
132 0.000000 0.368333 6719 0 442
133 0.000000 0.380000 6686 0 456
134 0.000000 0.403333 9557 0 484
135 0.000000 0.430000 5938 0 516
136 0.000000 0.459167 7454 0 551
137 0.000000 0.484167 4809 0 581
138 0.000000 0.539167 7634 0 647
139 0.003333 0.539167 7634 4 647
140 0.014167 0.539167 8277 17 647
141 0.023333 0.539167 9379 28 647
142 0.026667 0.539167 9265 32 647
143 0.035000 0.539167 8999 42 647
144 0.041667 0.539167 9717 50 647
145 0.059167 0.539167 6916 71 647
146 0.066667 0.539167 6377 80 647
147 0.088333 0.539167 7923 106 647
148 0.090833 0.539167 7887 109 647
149 0.130000 0.539167 8225 156 647
150 0.135833 0.539167 8018 163 647
151 0.165000 0.539167 8628 198 647
152 0.171667 0.539167 8011 206 647
153 0.175000 0.539167 8054 210 647
154 0.194167 0.539167 8546 233 647
155 0.202500 0.539167 8435 243 647
156 0.222500 0.539167 7332 267 647
157 0.253333 0.539167 5524 304 647
158 0.266667 0.539167 7165 320 647
159 0.281667 0.539167 6771 338 647
160 0.319167 0.539167 7345 383 647
161 0.323333 0.539167 6909 388 647
162 0.365833 0.539167 7831 439 647
163 0.371667 0.539167 8605 446 647
164 0.380833 0.539167 7296 457 647
165 0.389167 0.539167 6272 467 647
166 0.401667 0.539167 4550 482 647
167 0.414167 0.539167 4429 497 647
168 0.418333 0.539167 4422 502 647
169 0.421667 0.539167 4524 506 647
170 0.426667 0.539167 4589 512 647
171 0.448333 0.539167 5524 538 647
172 0.456667 0.539167 6692 548 647
173 0.473333 0.539167 8339 568 647
174 0.478333 0.539167 8779 574 647
175 0.484167 0.539167 8277 581 647
176 0.488333 0.539167 8576 586 647
177 0.503333 0.539167 6932 604 647
178 0.511667 0.539167 6374 614 647
179 0.520000 0.539167 6519 624 647
180 0.535833 0.539167 8503 643 647
Edges 728
1 49 24
2 27 2
3 28 3
4 28 4
5 4 5
6 5 6
7 36 7
8 7 8
9 8 9
10 31 10
11 38 20
12 46 29
13 39 12
14 29 25
15 32 32
16 33 27
17 16 13
18 17 14
19 23 15
20 24 16
21 35 23
22 44 31
23 24 21
24 40 35
25 34 18
26 21 1
27 45 28
28 42 33
29 43 26
30 25 22
31 11 11
32 43 39
33 32 34
34 20 17
35 41 36
36 6 19
37 61 51
38 46 40
39 22 30
40 63 47
41 49 55
42 54 50
43 57 44
44 47 41
45 3 38
46 56 54
47 52 43
48 63 53
49 58 49
50 36 42
51 49 46
52 57 52
53 42 48
54 60 56
55 25 45
56 77 60
57 65 61
58 27 37
59 66 57
60 68 59
61 88 66
62 56 58
63 71 68
64 84 62
65 74 65
66 72 67
67 90 63
68 75 70
69 76 69
70 69 71
71 83 72
72 84 77
73 88 76
74 76 73
75 87 81
76 86 83
77 66 64
78 83 78
79 99 79
80 75 74
81 80 75
82 96 82
83 102 86
84 103 93
85 110 89
86 124 101
87 91 90
88 89 80
89 93 87
90 98 94
91 143 109
92 88 88
93 84 84
94 95 91
95 97 92
96 110 95
97 76 85
98 117 102
99 109 105
100 107 98
101 102 100
102 107 99
103 112 104
104 100 103
105 89 96
106 117 106
107 147 133
108 116 108
109 119 112
110 118 111
111 121 113
112 113 115
113 122 110
114 107 107
115 88 97
116 120 116
117 137 124
118 125 117
119 128 120
120 139 122
121 129 118
122 130 121
123 134 119
124 125 123
125 144 132
126 112 114
127 129 129
128 140 130
129 135 127
130 132 125
131 134 128
132 154 136
133 137 131
134 146 139
135 142 138
136 138 135
137 149 141
138 126 126
139 144 134
140 169 152
141 128 137
142 157 143
143 163 144
144 161 147
145 157 145
146 159 151
147 162 155
148 151 146
149 142 142
150 164 153
151 154 150
152 155 149
153 138 140
154 156 148
155 166 158
156 158 154
157 177 159
158 166 160
159 160 157
160 172 163
161 178 172
162 192 174
163 157 156
164 179 164
165 161 162
166 182 175
167 169 170
168 192 177
169 184 178
170 181 171
171 175 169
172 180 173
173 154 165
174 156 161
175 180 176
176 163 168
177 193 182
178 183 180
179 190 185
180 186 181
181 149 167
182 223 200
183 188 184
184 196 186
185 181 183
186 194 191
187 199 188
188 171 166
189 196 189
190 210 196
191 174 187
192 186 179
193 202 194
194 214 207
195 185 190
196 204 195
197 196 192
198 188 193
199 207 204
200 180 197
201 199 199
202 209 205
203 201 202
204 192 198
205 216 209
206 195 203
207 211 208
208 193 201
209 217 212
210 222 213
211 221 214
212 200 206
213 212 211
214 235 217
215 204 210
216 218 216
217 232 227
218 230 229
219 224 218
220 243 224
221 222 215
222 262 245
223 226 220
224 198 222
225 229 228
226 219 221
227 221 223
228 215 219
229 236 234
230 248 239
231 209 225
232 246 237
233 232 233
234 225 230
235 242 236
236 227 231
237 256 249
238 243 240
239 226 226
240 223 235
241 236 241
242 329 267
243 299 255
244 234 242
245 213 232
246 259 251
247 252 247
248 255 248
249 261 238
250 244 246
251 264 260
252 255 250
253 239 244
254 241 243
255 264 263
256 240 253
257 268 256
258 267 258
259 272 264
260 245 252
261 278 270
262 261 261
263 254 259
264 282 271
265 253 257
266 260 262
267 271 268
268 256 254
269 266 269
270 273 265
271 284 274
272 275 273
273 269 272
274 256 266
275 285 280
276 277 279
277 268 276
278 294 284
279 269 277
280 285 281
281 275 282
282 289 278
283 260 275
284 299 291
285 291 289
286 274 283
287 354 306
288 281 286
289 295 287
290 283 288
291 296 292
292 301 295
293 286 290
294 298 296
295 302 293
296 303 299
297 276 285
298 310 302
299 316 304
300 290 298
301 306 301
302 297 297
303 308 305
304 290 294
305 329 300
306 325 315
307 312 308
308 314 309
309 307 307
310 317 311
311 300 303
312 310 310
313 311 312
314 320 318
315 334 322
316 325 317
317 322 319
318 302 313
319 324 321
320 333 331
321 326 325
322 332 327
323 304 314
324 338 334
325 331 329
326 318 324
327 312 323
328 319 320
329 343 332
330 321 326
331 341 335
332 328 328
333 337 333
334 324 330
335 311 316
336 347 339
337 372 354
338 360 345
339 347 344
340 346 346
341 343 340
342 344 341
343 356 349
344 336 338
345 389 351
346 348 348
347 353 342
348 330 337
349 334 343
350 341 347
351 337 350
352 323 352
353 318 336
354 367 359
355 346 353
356 376 369
357 341 355
358 344 358
359 370 363
360 368 365
361 356 364
362 353 360
363 353 356
364 352 357
365 360 361
366 372 370
367 391 373
368 393 372
369 356 366
370 384 382
371 375 374
372 382 376
373 365 367
374 363 368
375 358 362
376 387 383
377 369 375
378 418 403
379 385 378
380 370 381
381 369 379
382 399 392
383 389 380
384 379 377
385 373 371
386 374 384
387 407 400
388 387 386
389 380 385
390 412 395
391 394 393
392 375 387
393 423 409
394 397 397
395 392 390
396 415 399
397 398 394
398 375 388
399 429 412
400 411 405
401 389 398
402 388 391
403 407 404
404 395 402
405 404 407
406 417 410
407 424 416
408 385 389
409 416 408
410 398 401
411 401 406
412 391 396
413 407 411
414 405 414
415 421 418
416 427 417
417 425 419
418 501 436
419 404 413
420 414 415
421 431 425
422 411 420
423 437 426
424 432 423
425 424 421
426 422 422
427 444 437
428 410 424
429 447 430
430 426 428
431 443 440
432 434 432
433 440 439
434 441 441
435 431 435
436 430 431
437 439 438
438 420 427
439 433 434
440 453 447
441 458 455
442 438 442
443 460 452
444 463 453
445 438 443
446 441 448
447 501 456
448 436 449
449 411 429
450 437 450
451 443 446
452 432 444
453 459 458
454 468 457
455 444 454
456 446 451
457 467 463
458 464 459
459 467 465
460 462 461
461 422 433
462 475 468
463 470 466
464 471 467
465 437 460
466 484 472
467 483 471
468 428 445
469 468 470
470 479 477
471 482 475
472 450 462
473 483 476
474 461 469
475 481 478
476 467 473
477 445 464
478 481 479
479 486 480
480 468 474
481 507 489
482 495 484
483 490 486
484 494 492
485 481 483
486 485 481
487 484 485
488 480 482
489 509 495
490 488 493
491 469 487
492 495 497
493 476 491
494 503 503
495 505 504
496 483 490
497 477 488
498 485 501
499 486 494
500 487 496
501 514 510
502 497 500
503 517 508
504 492 498
505 511 509
506 493 499
507 512 512
508 502 507
509 528 513
510 486 506
511 524 520
512 497 511
513 487 502
514 528 517
515 490 515
516 511 519
517 529 524
518 496 505
519 499 518
520 528 521
521 542 526
522 523 522
523 507 516
524 544 537
525 535 530
526 518 523
527 551 532
528 532 529
529 566 552
530 512 525
531 508 514
532 536 536
533 522 528
534 550 539
535 537 538
536 538 541
537 518 527
538 557 553
539 556 551
540 531 533
541 536 540
542 547 543
543 523 535
544 549 542
545 529 531
546 549 549
547 541 544
548 504 546
549 555 556
550 551 554
551 531 534
552 540 547
553 537 548
554 543 545
555 566 559
556 569 569
557 564 563
558 552 558
559 565 561
560 550 557
561 551 555
562 561 562
563 554 560
564 572 571
565 545 550
566 585 577
567 582 573
568 563 567
569 581 576
570 562 564
571 549 568
572 584 584
573 565 572
574 566 570
575 567 578
576 577 580
577 570 575
578 563 574
579 574 581
580 572 579
581 594 587
582 560 566
583 591 589
584 615 592
585 592 590
586 548 565
587 582 582
588 578 585
589 573 583
590 575 586
591 599 593
592 598 597
593 589 591
594 608 600
595 590 598
596 590 596
597 577 594
598 611 606
599 606 601
600 565 599
601 606 604
602 604 605
603 582 588
604 588 595
605 586 602
606 632 617
607 631 611
608 620 613
609 593 603
610 604 607
611 619 616
612 603 609
613 604 608
614 610 612
615 639 634
616 628 614
617 609 610
618 632 618
619 634 622
620 630 625
621 613 620
622 614 619
623 612 624
624 617 621
625 628 623
626 625 627
627 636 633
628 590 615
629 622 626
630 640 632
631 645 631
632 626 637
633 628 628
634 641 635
635 626 630
636 644 641
637 629 629
638 647 640
639 702 651
640 652 646
641 649 645
642 633 638
643 637 639
644 651 648
645 658 655
646 641 644
647 650 650
648 636 636
649 657 656
650 683 658
651 632 642
652 662 659
653 635 643
654 648 652
655 642 647
656 643 654
657 672 665
658 667 661
659 656 660
660 654 657
661 672 667
662 664 662
663 642 649
664 679 664
665 669 668
666 676 670
667 683 671
668 632 653
669 668 672
670 656 663
671 673 675
672 682 678
673 654 669
674 665 673
675 670 677
676 637 666
677 668 676
678 679 680
679 660 674
680 683 682
681 673 679
682 688 685
683 687 687
684 724 702
685 677 683
686 676 684
688 717 706
689 678 689
690 670 681
691 681 686
692 693 692
693 690 691
694 686 693
695 674 690
696 699 697
697 683 688
698 693 696
699 712 701
700 688 698
701 723 705
702 707 704
703 685 694
704 715 716
705 697 703
706 691 699
707 708 711
708 709 712
709 710 708
710 689 695
711 710 713
712 695 700
713 712 714
714 713 715
715 696 709
716 700 717
717 718 718
718 719 719
719 720 720
720 721 710
721 722 721
722 701 722
723 724 723
724 725 724
725 726 725
726 727 726
727 728 727
728 729 728
729 697 707
RunoffEdges 180
21 0
26 1
41 2
1 3
2 4
27 5
27 6
27 7
27 8
45 9
45 10
45 11
3 12
3 13
28 14
4 15
5 16
6 17
7 18
8 19
9 20
37 21
37 22
37 23
37 24
37 25
61 26
10 27
31 28
31 29
11 30
38 31
12 32
12 33
13 34
22 35
14 36
29 37
29 38
15 39
16 40
17 41
18 42
19 43
23 44
24 45
20 46
34 47
25 48
30 49
30 50
79 51
99 52
109 53
128 54
141 55
167 56
167 57
167 58
220 59
243 60
299 61
325 62
341 63
357 64
402 65
441 66
446 67
456 68
492 69
504 70
504 71
548 72
586 73
605 74
605 75
607 76
607 77
631 78
638 79
647 80
650 81
683 82
680 83
697 84
697 85
705 86
705 87
21 88
35 89
51 90
49 91
90 92
90 93
67 94
90 95
90 96
98 97
106 98
133 99
133 100
133 101
170 102
170 103
170 104
185 105
195 106
206 107
231 108
231 109
285 110
280 111
291 112
296 113
303 114
308 115
314 116
320 117
333 118
337 119
351 120
366 121
366 122
372 123
382 124
399 125
429 126
489 127
489 128
489 129
489 130
520 131
538 132
557 133
584 134
615 135
639 136
702 137
702 138
702 139
707 140
708 141
709 142
710 143
711 144
710 145
706 146
706 147
703 148
703 149
712 150
713 151
714 152
715 153
704 154
704 155
692 156
698 157
690 158
694 159
694 160
716 161
700 162
700 163
688 164
688 165
717 166
718 167
719 168
720 169
721 170
722 171
723 172
724 173
725 174
726 175
727 176
728 177
729 178
705 179
