Peaks 999
0 0.653904 0.725698 4461 2422 2688
1 0.611065 0.083515 6536 2263 309
2 0.785123 0.700929 4950 2908 2596
3 0.797571 0.679380 4986 2954 2516
4 0.271459 0.650189 3624 1005 2408
5 0.527551 0.671965 3716 1954 2489
6 0.189187 0.034089 3080 700 126
7 0.759012 0.557083 5666 2811 2063
8 0.614078 0.019912 5193 2274 73
9 0.745747 0.499393 5038 2762 1849
10 0.147488 0.639536 2717 546 2369
11 0.773829 0.014766 6412 2866 54
12 0.803761 0.750730 5296 2977 2781
13 0.668989 0.633324 4200 2478 2346
14 0.058377 0.057707 3633 216 213
15 0.709954 0.806879 3933 2629 2989
16 0.207750 0.529782 4190 769 1962
17 0.694185 0.733838 4658 2571 2718
18 0.263285 0.555821 4267 975 2058
19 0.243979 0.484578 4205 903 1795
20 0.769785 0.486436 5153 2851 1801
21 0.167632 0.418345 3848 620 1549
22 0.780707 0.311149 4190 2892 1152
23 0.320001 0.031956 4289 1185 118
24 0.710310 0.764530 4711 2631 2832
25 0.699342 0.476783 5287 2590 1766
26 0.330048 0.329694 4220 1222 1221
27 0.650699 0.752533 4798 2410 2787
28 0.363905 0.474461 5030 1348 1757
29 0.058127 0.552816 2974 215 2047
30 0.679736 0.003094 5023 2518 11
31 0.297851 0.047046 3716 1103 174
32 0.281904 0.301052 3192 1044 1115
33 0.802825 0.440948 6443 2973 1633
34 0.755354 0.440763 6525 2798 1632
35 0.350135 0.025226 5404 1297 93
36 0.287435 0.042103 3976 1064 155
37 0.650016 0.807611 3515 2407 2991
38 0.646496 0.264216 5171 2394 978
39 0.287755 0.545833 4449 1065 2021
40 0.371260 0.587145 3862 1375 2175
41 0.396521 0.522145 4755 1468 1934
42 0.303327 0.646042 2796 1123 2393
43 0.745659 0.032442 6046 2762 120
44 0.313672 0.053584 3945 1161 198
45 0.716598 0.598532 4957 2654 2217
46 0.661976 0.613094 3947 2452 2271
47 0.725270 0.736294 4802 2686 2727
48 0.669381 0.648672 4696 2479 2402
49 0.281437 0.040775 3776 1042 151
50 0.803339 0.238150 6531 2975 882
51 0.376852 0.011081 5331 1396 41
52 0.480613 0.013155 6040 1780 48
53 0.631536 0.095739 5825 2339 354
54 0.256282 0.070430 2291 949 260
55 0.049324 0.568161 2836 182 2104
56 0.517463 0.065960 5813 1916 244
57 0.435111 0.548368 3601 1611 2031
58 0.116518 0.006980 3405 431 25
59 0.339264 0.418912 4856 1256 1551
60 0.668481 0.118730 5392 2476 439
61 0.050945 0.151722 2254 188 562
62 0.330984 0.377942 4981 1226 1400
63 0.561549 0.802270 2936 2080 2971
64 0.460740 0.714050 1712 1706 2645
65 0.398233 0.725815 2076 1475 2688
66 0.652661 0.226493 5826 2417 839
67 0.408377 0.701041 2754 1512 2596
68 0.445975 0.661478 1840 1652 2450
69 0.259688 0.447310 4411 961 1657
70 0.519582 0.018977 5821 1924 70
71 0.199222 0.430909 3684 737 1596
72 0.381264 0.572273 4284 1412 2119
73 0.113152 0.077847 1739 419 288
74 0.334395 0.435288 4749 1238 1612
75 0.383231 0.500265 4976 1419 1853
76 0.359022 0.474460 5038 1329 1757
77 0.269639 0.542122 4396 998 2008
78 0.746240 0.792441 3956 2764 2935
79 0.364361 0.695152 2816 1349 2575
80 0.533110 0.213643 4555 1974 791
81 0.015882 0.543706 2674 58 2014
82 0.725471 0.046800 5445 2687 173
83 0.794032 0.399941 6452 2941 1481
84 0.771886 0.418478 6371 2859 1550
85 0.709681 0.241318 6136 2628 893
86 0.588743 0.306148 5056 2180 1134
87 0.567818 0.235377 5415 2103 871
88 0.239997 0.587600 3939 889 2176
89 0.363251 0.507163 5148 1345 1878
90 0.276735 0.553693 4810 1025 2051
91 0.306097 0.375507 4606 1133 1391
92 0.664911 0.165600 5370 2463 613
93 0.252492 0.516539 4258 935 1913
94 0.295792 0.318097 4075 1095 1178
95 0.455711 0.080767 6070 1688 299
96 0.260336 0.129276 2267 964 478
97 0.763147 0.666576 4828 2827 2469
98 0.807834 0.399660 6096 2992 1480
99 0.725341 0.650045 5183 2686 2408
100 0.678781 0.425334 4877 2514 1575
101 0.655550 0.783819 3759 2428 2903
102 0.617162 0.787589 4421 2286 2917
103 0.682026 0.186265 5704 2526 690
104 0.673087 0.012538 4910 2493 46
105 0.709917 0.751714 4822 2629 2784
106 0.133358 0.458226 2652 494 1697
107 0.350724 0.743055 1595 1299 2752
108 0.603444 0.102896 6391 2235 381
109 0.179457 0.612749 4288 664 2269
110 0.750370 0.488588 5102 2779 1809
111 0.073565 0.104420 2433 272 386
112 0.717463 0.686436 5209 2657 2542
113 0.506632 0.041886 5972 1876 155
114 0.806291 0.062050 5192 2986 229
115 0.222039 0.091962 3136 822 340
116 0.383692 0.525184 4939 1421 1945
117 0.572674 0.267017 5568 2121 989
118 0.619624 0.618734 4433 2295 2292
119 0.626528 0.117664 6001 2320 435
120 0.672646 0.287860 5075 2491 1066
121 0.791947 0.351814 6187 2933 1303
122 0.710122 0.633076 5021 2630 2345
123 0.418157 0.642083 3016 1549 2378
124 0.618721 0.803310 3979 2291 2975
125 0.332880 0.134127 3379 1233 496
126 0.472035 0.041838 6161 1748 154
127 0.691611 0.462941 5404 2562 1714
128 0.763819 0.715962 4996 2829 2652
129 0.767454 0.298573 3992 2842 1106
130 0.180606 0.425681 3390 669 1576
131 0.617079 0.212840 5558 2285 788
132 0.362310 0.533795 4706 1342 1977
133 0.605422 0.591628 3605 2242 2191
134 0.650251 0.323646 5080 2408 1198
135 0.057122 0.625854 1699 211 2318
136 0.180215 0.574282 4229 667 2127
137 0.377543 0.530114 4744 1398 1963
138 0.441558 0.619819 3186 1635 2296
139 0.749925 0.019279 6556 2778 71
140 0.220031 0.284990 3297 815 1055
141 0.122418 0.495247 2984 453 1834
142 0.339278 0.631144 3517 1256 2338
143 0.706609 0.424933 5342 2617 1574
144 0.351962 0.338303 4326 1303 1253
145 0.410231 0.026446 4606 1519 97
146 0.080934 0.713629 1320 299 2643
147 0.446860 0.792965 1895 1655 2937
148 0.803956 0.776801 4637 2978 2877
149 0.801383 0.387782 5731 2968 1436
150 0.762732 0.530902 6104 2825 1966
151 0.494209 0.573663 2437 1830 2125
152 0.331289 0.023096 4602 1227 85
153 0.446866 0.051830 6163 1655 192
154 0.577388 0.757485 4269 2138 2806
155 0.641875 0.465373 5827 2377 1723
156 0.135956 0.007828 3246 503 28
157 0.732893 0.003565 6048 2714 13
158 0.646808 0.037616 5425 2396 139
159 0.781163 0.387675 6062 2893 1436
160 0.439757 0.310578 5049 1629 1150
161 0.694487 0.303412 4556 2572 1123
162 0.799220 0.244776 6199 2960 906
163 0.397970 0.581096 3719 1474 2152
164 0.495103 0.423411 4467 1834 1568
165 0.731765 0.080579 5553 2710 298
166 0.803196 0.000691 5565 2975 2
167 0.443293 0.050267 6072 1642 186
168 0.325114 0.311893 3429 1204 1155
169 0.651307 0.445352 5341 2412 1649
170 0.801697 0.470751 5564 2969 1743
171 0.459905 0.676325 2015 1703 2505
172 0.600732 0.753836 4455 2225 2792
173 0.245874 0.332768 4030 910 1232
174 0.580926 0.675447 4029 2151 2502
175 0.436515 0.025620 5748 1617 94
176 0.340483 0.540823 4993 1261 2003
177 0.033592 0.082415 3525 124 305
178 0.645172 0.474795 5592 2389 1758
179 0.580164 0.717446 3882 2149 2657
180 0.281859 0.190626 1915 1044 706
181 0.601052 0.044239 6507 2226 163
182 0.687693 0.475693 5299 2547 1762
183 0.584863 0.692321 4144 2166 2564
184 0.370966 0.356367 4598 1374 1320
185 0.418126 0.015724 4871 1548 58
186 0.455315 0.616705 2862 1686 2284
187 0.076938 0.056110 3127 285 207
188 0.179468 0.537658 4177 664 1991
189 0.685999 0.199714 5608 2541 739
190 0.050061 0.713402 502 185 2642
191 0.676415 0.415770 5017 2505 1540
192 0.391348 0.735878 1303 1449 2725
193 0.467426 0.419705 4218 1731 1554
194 0.454688 0.297195 4834 1684 1100
195 0.354466 0.500622 4900 1313 1854
196 0.401119 0.753833 1098 1485 2792
197 0.191882 0.567698 4233 710 2102
198 0.247641 0.481673 4372 917 1784
199 0.320503 0.720878 1553 1187 2670
200 0.033373 0.547245 2866 123 2027
201 0.793199 0.089360 4599 2938 331
202 0.420290 0.312964 4384 1556 1159
203 0.039287 0.564194 2631 145 2090
204 0.508294 0.319971 4592 1882 1185
205 0.786072 0.483809 5618 2911 1792
206 0.391726 0.774706 834 1451 2869
207 0.683545 0.580395 4853 2532 2150
208 0.098196 0.452760 1706 363 1677
209 0.285522 0.794078 487 1057 2941
210 0.246245 0.205603 2824 912 761
211 0.232472 0.536888 3990 861 1988
212 0.770844 0.074806 5177 2855 277
213 0.225664 0.314717 3379 835 1165
214 0.328579 0.504628 4662 1217 1869
215 0.038248 0.065291 4120 141 241
216 0.111321 0.032334 3087 412 119
217 0.662505 0.573543 4567 2454 2124
218 0.696385 0.049763 5210 2579 184
219 0.614994 0.447738 5408 2278 1658
220 0.665071 0.096223 5367 2463 356
221 0.400473 0.564418 3716 1483 2090
222 0.609800 0.245757 5009 2258 910
223 0.107094 0.492074 3131 396 1822
224 0.709544 0.426822 5185 2628 1581
225 0.749637 0.235657 6007 2776 872
226 0.060789 0.689338 719 225 2553
227 0.276026 0.534821 4093 1022 1981
228 0.567585 0.735351 4616 2102 2724
229 0.738441 0.734127 4823 2735 2719
230 0.124225 0.486467 2795 460 1802
231 0.611744 0.114007 6068 2266 422
232 0.666208 0.564953 4364 2467 2092
233 0.039404 0.527376 2921 145 1953
234 0.024720 0.694784 686 91 2573
235 0.350442 0.020839 5207 1298 77
236 0.107105 0.108708 1764 396 402
237 0.438909 0.573204 2914 1625 2123
238 0.354110 0.559335 4504 1311 2071
239 0.364955 0.565051 4299 1351 2093
240 0.698081 0.302033 4866 2585 1118
241 0.408081 0.311381 4161 1511 1153
242 0.664632 0.466673 4932 2462 1728
243 0.617139 0.145254 5949 2286 538
244 0.368353 0.604685 3489 1364 2239
245 0.402384 0.022508 4811 1490 83
246 0.656171 0.229083 5822 2430 848
247 0.741268 0.475847 4829 2745 1762
248 0.773416 0.681327 4810 2865 2523
249 0.169808 0.437726 3204 629 1621
250 0.596784 0.788715 4454 2210 2921
251 0.315323 0.580175 4351 1168 2149
252 0.328564 0.070149 4893 1217 259
253 0.464747 0.025759 6240 1721 95
254 0.018147 0.675042 776 67 2500
255 0.456900 0.722633 1551 1692 2676
256 0.083883 0.098456 1781 310 364
257 0.788844 0.663600 4929 2922 2458
258 0.114359 0.614644 2646 423 2276
259 0.337569 0.037713 4806 1250 139
260 0.296120 0.520084 3925 1096 1926
261 0.299568 0.431335 4118 1109 1597
262 0.343761 0.147769 3119 1273 547
263 0.716311 0.550677 5354 2653 2039
264 0.165532 0.288045 4349 613 1067
265 0.672413 0.216955 5912 2490 803
266 0.699900 0.621220 4355 2592 2301
267 0.343692 0.682114 2444 1273 2526
268 0.148042 0.100753 2690 548 373
269 0.762342 0.401516 6262 2824 1487
270 0.498258 0.293801 4829 1845 1088
271 0.378277 0.750816 1278 1401 2781
272 0.746579 0.753050 4901 2765 2789
273 0.657147 0.637908 4140 2434 2363
274 0.344740 0.298221 3298 1277 1104
275 0.256086 0.277563 2868 948 1028
276 0.589788 0.292916 5285 2184 1085
277 0.465775 0.752002 1532 1725 2785
278 0.211771 0.336927 3537 784 1248
279 0.208898 0.274357 3519 773 1016
280 0.243314 0.271812 2937 901 1006
281 0.138137 0.291669 4507 511 1080
282 0.127473 0.692036 884 472 2563
283 0.362143 0.662476 3367 1341 2454
284 0.700197 0.144779 5881 2593 536
285 0.013860 0.048957 3668 51 181
286 0.241364 0.521480 3906 894 1931
287 0.340257 0.246786 4040 1260 914
288 0.338682 0.110789 4308 1254 410
289 0.667796 0.256831 5192 2473 951
290 0.076419 0.487609 2625 283 1806
291 0.785503 0.507678 5522 2909 1880
292 0.370881 0.459161 5007 1373 1700
293 0.664382 0.024040 4883 2461 89
294 0.473064 0.720945 2195 1752 2670
295 0.008305 0.742585 875 30 2750
296 0.183417 0.566615 4385 679 2098
297 0.409561 0.058940 5269 1517 218
298 0.393359 0.009688 4537 1457 35
299 0.080184 0.168314 3009 297 623
300 0.322751 0.671397 2091 1195 2487
301 0.770175 0.649113 4790 2853 2404
302 0.297714 0.538258 4751 1102 1993
303 0.168310 0.650841 2690 623 2410
304 0.075740 0.664041 702 280 2459
305 0.426389 0.352801 3977 1579 1306
306 0.246155 0.447384 4548 911 1657
307 0.744431 0.754674 4604 2757 2795
308 0.800743 0.138582 5242 2966 513
309 0.355041 0.139063 4330 1315 515
310 0.051536 0.185650 2333 190 687
311 0.331972 0.478082 4782 1229 1771
312 0.533559 0.032888 5932 1976 121
313 0.723199 0.560370 5775 2679 2075
314 0.658551 0.138159 5528 2439 511
315 0.302815 0.280406 3297 1121 1038
316 0.539817 0.242572 5184 1999 898
317 0.580621 0.151064 5379 2150 559
318 0.505263 0.509303 4646 1871 1886
319 0.059627 0.520693 3339 220 1928
320 0.484216 0.022035 6207 1793 81
321 0.032529 0.064395 3973 120 238
322 0.314745 0.210103 2909 1165 778
323 0.235651 0.118204 2475 872 437
324 0.713097 0.775535 4606 2641 2872
325 0.251064 0.556602 4089 930 2061
326 0.317639 0.657135 2237 1176 2434
327 0.424998 0.097047 5160 1574 359
328 0.764403 0.756859 5082 2831 2803
329 0.379428 0.509150 4875 1405 1886
330 0.045595 0.528640 2992 168 1958
331 0.614134 0.344734 4892 2274 1277
332 0.052283 0.677056 934 193 2508
333 0.566481 0.665437 3513 2098 2465
334 0.507377 0.539155 4205 1879 1997
335 0.695504 0.258727 5428 2576 958
336 0.209466 0.584331 4159 775 2164
337 0.121704 0.734218 840 450 2719
338 0.223865 0.610109 3726 829 2260
339 0.742300 0.769528 4452 2749 2850
340 0.804620 0.457703 5990 2980 1695
341 0.806270 0.359624 6050 2986 1332
342 0.232758 0.084349 2717 862 312
343 0.132175 0.467626 2665 489 1732
344 0.338053 0.668774 2730 1252 2477
345 0.753584 0.259680 5201 2791 961
346 0.047591 0.771810 453 176 2859
347 0.115674 0.627957 2542 428 2326
348 0.479915 0.441053 4323 1777 1633
349 0.159334 0.022213 3420 590 82
350 0.489272 0.591062 2006 1812 2189
351 0.261925 0.514519 3654 970 1905
352 0.372458 0.678221 3483 1379 2512
353 0.305415 0.010603 4464 1131 39
354 0.622637 0.219826 5976 2306 814
355 0.149533 0.653372 2452 553 2420
356 0.412928 0.548835 3892 1529 2033
357 0.714177 0.170784 5635 2645 632
358 0.480408 0.082524 5256 1779 305
359 0.280958 0.339257 4151 1040 1256
360 0.668081 0.513768 4611 2474 1903
361 0.366521 0.709538 2290 1357 2628
362 0.647214 0.508592 4793 2397 1884
363 0.625370 0.099846 6060 2316 369
364 0.603481 0.730613 4406 2235 2706
365 0.585935 0.732605 4453 2170 2713
366 0.071909 0.189291 2654 266 701
367 0.664682 0.454717 4898 2462 1684
368 0.520919 0.355962 4470 1929 1318
369 0.386156 0.527363 4654 1430 1953
370 0.040323 0.668041 841 149 2474
371 0.469206 0.502254 4309 1738 1860
372 0.125271 0.293717 4271 464 1088
373 0.057571 0.553189 3160 213 2049
374 0.379142 0.692353 3166 1404 2564
375 0.203522 0.635128 3472 753 2352
376 0.354267 0.544461 4653 1312 2016
377 0.275161 0.420521 4463 1019 1557
378 0.639490 0.428313 5268 2368 1586
379 0.164164 0.632621 3481 608 2343
380 0.790843 0.051959 5759 2929 192
381 0.703356 0.668668 5136 2605 2477
382 0.617919 0.701064 4231 2289 2597
383 0.300676 0.666613 2247 1113 2469
384 0.400082 0.609210 3603 1482 2256
385 0.752747 0.208036 6226 2788 770
386 0.561829 0.621905 3862 2081 2303
387 0.381997 0.295407 3923 1415 1094
388 0.179423 0.110134 2909 664 407
389 0.687948 0.271140 5160 2548 1004
390 0.085280 0.551018 3306 315 2041
391 0.517166 0.670909 3625 1915 2485
392 0.302307 0.025663 4212 1119 95
393 0.177679 0.625840 4098 658 2318
394 0.747514 0.780411 4204 2769 2890
395 0.784013 0.786669 4368 2904 2914
396 0.787428 0.723314 5380 2916 2679
397 0.740039 0.379217 5479 2741 1404
398 0.692022 0.440857 5222 2563 1633
399 0.356023 0.715720 1997 1318 2651
400 0.741327 0.585201 5204 2746 2167
401 0.030715 0.523714 2557 113 1940
402 0.253457 0.253517 2400 938 939
403 0.616606 0.050938 6022 2284 188
404 0.724439 0.411099 5265 2683 1522
405 0.806710 0.273373 4270 2988 1012
406 0.805022 0.493633 5406 2982 1828
407 0.729909 0.227061 6265 2703 841
408 0.503377 0.478940 4329 1864 1774
409 0.437349 0.273189 4543 1620 1012
410 0.754494 0.686105 5109 2794 2541
411 0.360890 0.651295 3161 1336 2412
412 0.011813 0.542863 2686 43 2010
413 0.745793 0.657672 5193 2762 2436
414 0.505879 0.703976 3894 1873 2607
415 0.463419 0.562801 2796 1716 2084
416 0.408663 0.343592 3908 1513 1272
417 0.335449 0.614049 3886 1242 2274
418 0.436196 0.049729 6145 1615 184
419 0.617066 0.366678 4834 2285 1358
420 0.643877 0.636780 4300 2385 2358
421 0.796114 0.399564 5994 2949 1480
422 0.760994 0.461348 5599 2819 1709
423 0.252686 0.344040 4268 936 1274
424 0.699260 0.105278 5629 2590 389
425 0.440347 0.381062 4226 1631 1411
426 0.279734 0.285234 3031 1036 1056
427 0.168546 0.032970 3271 624 122
428 0.557509 0.191449 4789 2065 709
429 0.443232 0.493181 4343 1641 1826
430 0.350446 0.349327 4756 1298 1294
431 0.318674 0.555691 4665 1180 2058
432 0.003922 0.720619 979 14 2669
433 0.028688 0.616207 1262 106 2282
434 0.607719 0.607683 4274 2251 2251
435 0.460850 0.606531 2936 1707 2246
436 0.700505 0.329299 4830 2594 1219
437 0.475060 0.341453 4292 1759 1264
438 0.594325 0.778348 4485 2201 2883
439 0.353753 0.307213 3493 1310 1138
440 0.637852 0.522459 4665 2362 1935
441 0.786436 0.749029 5498 2913 2774
442 0.648451 0.209089 6262 2402 774
443 0.698680 0.261883 5410 2588 970
444 0.550745 0.692414 4268 2040 2564
445 0.053752 0.561630 2942 199 2080
446 0.733802 0.609465 4840 2718 2257
447 0.750268 0.257391 5630 2779 953
448 0.128596 0.029933 3065 476 110
449 0.439040 0.604358 3334 1626 2238
450 0.102894 0.172470 2876 381 638
451 0.697235 0.719117 4941 2582 2663
452 0.421736 0.538762 4213 1562 1995
453 0.288624 0.149108 1621 1069 552
454 0.392807 0.058494 5471 1455 216
455 0.450757 0.237650 4335 1669 880
456 0.257717 0.495776 3727 954 1836
457 0.333219 0.272116 3765 1234 1008
458 0.267195 0.661434 3479 989 2450
459 0.586530 0.596725 4156 2172 2210
460 0.236067 0.627873 3791 874 2325
461 0.610815 0.517859 4380 2262 1918
462 0.748934 0.472222 5214 2774 1749
463 0.477165 0.458940 4620 1767 1700
464 0.548221 0.658878 3434 2030 2440
465 0.314887 0.090465 4520 1166 335
466 0.760709 0.698811 5269 2817 2588
467 0.083276 0.073512 1872 308 272
468 0.041409 0.204684 1909 153 758
469 0.424574 0.512030 4482 1572 1896
470 0.680819 0.763882 4597 2522 2829
471 0.253560 0.032285 3012 939 119
472 0.682188 0.298391 5034 2527 1105
473 0.336601 0.509844 4670 1246 1888
474 0.444847 0.093209 5893 1647 345
475 0.413054 0.693293 2838 1530 2568
476 0.675852 0.485348 5019 2503 1797
477 0.236567 0.043309 1945 876 160
478 0.212380 0.388697 4508 786 1439
479 0.394663 0.132134 4358 1461 489
480 0.187435 0.275557 3733 694 1020
481 0.651969 0.312553 5315 2415 1157
482 0.294243 0.787274 647 1089 2916
483 0.766744 0.566174 5309 2840 2097
484 0.402677 0.167106 3760 1491 619
485 0.220517 0.117733 2594 816 436
486 0.677275 0.657115 4595 2508 2434
487 0.697730 0.022815 5081 2584 84
488 0.289856 0.324827 3899 1073 1203
489 0.774062 0.685881 4897 2867 2540
490 0.012174 0.511667 1856 45 1895
491 0.625323 0.127100 5850 2316 470
492 0.076557 0.738536 762 283 2735
493 0.085044 0.102854 2062 315 381
494 0.058471 0.502698 2641 216 1862
495 0.038147 0.155171 1806 141 574
496 0.087912 0.499759 3430 325 1851
497 0.151211 0.009038 3403 560 33
498 0.186833 0.268927 3646 692 996
499 0.018711 0.765043 404 69 2834
500 0.439793 0.688531 2035 1629 2550
501 0.703114 0.028040 5231 2604 103
502 0.580664 0.001017 5238 2151 3
503 0.450142 0.627262 2954 1667 2323
504 0.212385 0.567392 3665 786 2101
505 0.258376 0.127106 1932 957 470
506 0.746898 0.764099 4934 2766 2830
507 0.508848 0.037095 5887 1884 137
508 0.491351 0.690315 2749 1820 2557
509 0.760294 0.773399 4770 2816 2864
510 0.416237 0.565072 3203 1541 2093
511 0.226491 0.781491 80 839 2894
512 0.586334 0.725411 3970 2172 2687
513 0.087061 0.491652 3547 322 1821
514 0.807465 0.719740 4916 2991 2666
515 0.406108 0.468324 4809 1504 1734
516 0.636244 0.235015 5848 2356 870
517 0.565067 0.643103 3590 2093 2382
518 0.289848 0.040135 3684 1073 148
519 0.511257 0.734750 3396 1893 2721
520 0.223387 0.059106 2697 827 218
521 0.587407 0.729604 4285 2175 2702
522 0.571921 0.003676 5162 2118 13
523 0.050024 0.609595 1688 185 2258
524 0.785912 0.023354 5936 2911 86
525 0.425999 0.259194 4382 1578 960
526 0.399497 0.527558 4613 1479 1954
527 0.512345 0.142814 6293 1897 529
528 0.658340 0.784309 3632 2438 2905
529 0.243737 0.785930 616 902 2911
530 0.697997 0.427444 5177 2585 1583
531 0.776169 0.067978 5531 2875 251
532 0.318640 0.680508 1925 1180 2520
533 0.078255 0.674647 310 289 2499
534 0.080740 0.431471 1374 299 1598
535 0.174652 0.226943 2920 646 840
536 0.686712 0.186771 5422 2543 691
537 0.257208 0.070690 55 952 261
538 0.622263 0.497545 5136 2305 1843
539 0.680966 0.437273 5029 2522 1619
540 0.516433 0.260723 4937 1913 965
541 0.022327 0.694950 682 82 2574
542 0.625785 0.617530 4404 2318 2287
543 0.504512 0.144632 5849 1868 535
544 0.420045 0.800722 1086 1556 2966
545 0.052740 0.438506 251 195 1624
546 0.759911 0.465050 5268 2815 1722
547 0.633584 0.538616 4394 2347 1995
548 0.490895 0.321563 4307 1818 1191
549 0.742463 0.242041 5861 2750 896
550 0.439484 0.321078 4911 1628 1189
551 0.475337 0.549309 3388 1760 2034
552 0.347629 0.150115 3605 1287 556
553 0.284616 0.151209 1559 1054 560
554 0.485059 0.704516 2625 1796 2609
555 0.298222 0.104069 3440 1104 385
556 0.079025 0.371768 2570 292 1377
557 0.647231 0.029256 5424 2397 108
558 0.073565 0.761952 180 272 2822
559 0.452302 0.231162 4084 1675 856
560 0.493451 0.252991 4723 1827 937
561 0.803058 0.694009 4602 2974 2570
562 0.337313 0.071944 4469 1249 266
563 0.083652 0.346307 3532 309 1282
564 0.540354 0.150738 5509 2001 558
565 0.158021 0.033961 3158 585 125
566 0.739353 0.735739 4705 2738 2725
567 0.634217 0.331038 5257 2349 1226
568 0.259229 0.241509 1606 960 894
569 0.715961 0.258866 5718 2652 958
570 0.405728 0.021184 4790 1502 78
571 0.031305 0.047892 4001 115 177
572 0.053508 0.511583 2999 198 1895
573 0.706379 0.581737 5278 2616 2154
574 0.041158 0.656378 590 152 2431
575 0.221976 0.568223 3493 822 2104
576 0.697870 0.663356 4797 2585 2457
577 0.693216 0.081267 5223 2567 301
578 0.339453 0.726933 2021 1257 2692
579 0.165761 0.744224 384 614 2756
580 0.759991 0.264253 4983 2815 978
581 0.180091 0.443264 3420 667 1642
582 0.456463 0.733215 1599 1690 2716
583 0.024084 0.745003 945 89 2759
584 0.489239 0.301540 4459 1812 1117
585 0.206330 0.524175 4153 764 1941
586 0.709519 0.424475 5216 2628 1572
587 0.083862 0.778167 205 310 2882
588 0.587450 0.158891 5325 2176 588
589 0.381222 0.032612 5481 1412 120
590 0.241072 0.306829 3533 893 1136
591 0.022892 0.423966 865 84 1570
592 0.690472 0.088311 5667 2557 327
593 0.017877 0.751753 459 66 2784
594 0.407683 0.295275 4091 1510 1093
595 0.043375 0.099953 3657 160 370
596 0.703493 0.057407 5070 2606 212
597 0.256601 0.626046 3662 950 2319
598 0.327404 0.253317 3773 1212 938
599 0.766126 0.762907 5266 2838 2826
600 0.617769 0.450222 5889 2288 1667
601 0.248089 0.486969 4018 919 1803
602 0.254116 0.655814 3434 941 2429
603 0.729087 0.361984 4932 2700 1340
604 0.667570 0.012455 4984 2472 46
605 0.126473 0.484996 2852 468 1796
606 0.215924 0.415565 3974 799 1539
607 0.255393 0.096128 1847 946 356
608 0.316663 0.067445 4266 1173 249
609 0.721313 0.700688 5074 2672 2595
610 0.450464 0.692610 1877 1668 2565
611 0.079389 0.371061 2929 294 1374
612 0.330574 0.301106 3443 1224 1115
613 0.651970 0.426995 5197 2415 1581
614 0.678612 0.297000 4856 2513 1100
615 0.231514 0.663642 2722 857 2458
616 0.158417 0.110279 2584 586 408
617 0.623482 0.774383 4475 2309 2868
618 0.294819 0.259605 3643 1092 961
619 0.600985 0.524129 4245 2226 1941
620 0.266625 0.429888 4323 987 1592
621 0.664692 0.612907 4091 2462 2270
622 0.345484 0.136842 4090 1279 506
623 0.655613 0.183113 5454 2428 678
624 0.802083 0.477666 5468 2971 1769
625 0.296451 0.691630 1389 1098 2562
626 0.389492 0.560967 4053 1442 2078
627 0.159150 0.622286 3328 589 2305
628 0.354504 0.158886 2666 1313 588
629 0.514369 0.223168 4536 1905 826
630 0.349923 0.574870 3855 1296 2129
631 0.663754 0.496696 4738 2458 1839
632 0.406613 0.808869 688 1506 2996
633 0.275145 0.239835 2772 1019 888
634 0.006176 0.683942 97 22 2533
635 0.788018 0.491031 4848 2919 1818
636 0.576720 0.294799 5281 2136 1092
637 0.321210 0.599361 4085 1189 2220
638 0.659444 0.613974 4131 2442 2274
639 0.126317 0.721641 651 467 2673
640 0.800912 0.288378 3638 2966 1068
641 0.275347 0.505490 3646 1019 1872
642 0.311416 0.725229 652 1153 2686
643 0.450406 0.301173 4726 1668 1115
644 0.049903 0.583226 2541 184 2160
645 0.675376 0.017988 4850 2501 66
646 0.210389 0.577895 3384 779 2140
647 0.447113 0.078355 5976 1656 290
648 0.439834 0.653556 2059 1629 2421
649 0.439364 0.734240 579 1627 2719
650 0.759722 0.233165 6181 2814 863
651 0.455896 0.797453 2526 1688 2954
652 0.480355 0.529472 4410 1779 1961
653 0.068422 0.079732 3039 253 295
654 0.312999 0.021299 4405 1159 78
655 0.447222 0.236801 4237 1656 877
656 0.715724 0.718702 4876 2651 2662
657 0.399385 0.806137 106 1479 2986
658 0.705647 0.550928 5029 2613 2040
659 0.644620 0.783979 3865 2387 2904
660 0.385313 0.585170 3749 1427 2167
661 0.155097 0.626459 3469 574 2320
662 0.546517 0.068192 6044 2024 252
663 0.406467 0.026520 5001 1505 98
664 0.219473 0.112719 2687 813 417
665 0.376479 0.444543 4639 1394 1646
666 0.321311 0.123906 3285 1190 458
667 0.701232 0.480320 5341 2597 1779
668 0.282148 0.783400 56 1045 2902
669 0.384979 0.625911 3037 1426 2318
670 0.364039 0.319135 3306 1348 1182
671 0.634089 0.749397 4705 2348 2776
672 0.456433 0.762122 1811 1690 2823
673 0.173887 0.646523 2935 644 2394
674 0.716196 0.496802 4707 2653 1840
675 0.155901 0.761952 666 577 2822
676 0.037520 0.139632 2087 138 517
677 0.289606 0.570882 4861 1072 2114
678 0.572052 0.262437 5361 2119 972
679 0.678151 0.700554 4689 2512 2595
680 0.355764 0.262968 3910 1317 974
681 0.059549 0.403663 754 220 1495
682 0.579443 0.145401 5240 2146 538
683 0.372483 0.711452 1586 1379 2635
684 0.276212 0.265171 3177 1023 982
685 0.284898 0.775346 524 1055 2872
686 0.430721 0.323713 4667 1595 1199
687 0.055049 0.062233 3849 203 230
688 0.636612 0.033460 5363 2358 123
689 0.140765 0.711175 1472 521 2634
690 0.738121 0.774467 4955 2734 2868
691 0.420996 0.540664 3706 1559 2002
692 0.443471 0.605563 3126 1642 2243
693 0.308129 0.068636 4419 1141 254
694 0.607113 0.225853 5034 2248 836
695 0.591914 0.576701 3436 2192 2136
696 0.244551 0.067768 2213 905 251
697 0.583270 0.170373 5400 2160 631
698 0.470197 0.619686 2791 1741 2295
699 0.587931 0.058410 6464 2177 216
700 0.388241 0.507369 4869 1438 1879
701 0.461553 0.226954 4438 1709 840
702 0.308589 0.797175 311 1143 2953
703 0.297618 0.268653 3397 1102 995
704 0.624197 0.585437 3692 2312 2168
705 0.387927 0.614269 3180 1437 2275
706 0.099273 0.649427 1370 367 2405
707 0.338322 0.646838 3248 1253 2396
708 0.033360 0.643433 783 123 2383
709 0.043286 0.513067 2854 160 1900
710 0.163917 0.774127 843 607 2867
711 0.644148 0.634815 4611 2386 2351
712 0.429352 0.471558 4498 1590 1746
713 0.496754 0.036060 5837 1840 133
714 0.671955 0.794874 3275 2489 2944
715 0.708628 0.291614 4730 2625 1080
716 0.777897 0.308195 4102 2881 1141
717 0.633513 0.754262 4552 2346 2794
718 0.029800 0.043043 4025 110 159
719 0.427268 0.271982 4655 1582 1007
720 0.408638 0.795571 372 1513 2947
721 0.048051 0.620197 977 178 2297
722 0.016896 0.450863 745 62 1670
723 0.063223 0.563704 2873 234 2088
724 0.264758 0.495160 4085 980 1834
725 0.367554 0.575375 4344 1361 2131
726 0.538524 0.227377 4893 1994 842
727 0.074342 0.196454 2777 275 727
728 0.513964 0.218458 4451 1903 809
729 0.442036 0.762283 1057 1637 2823
730 0.144375 0.725673 106 534 2688
731 0.671013 0.531128 4510 2485 1967
732 0.665559 0.011130 4706 2465 41
733 0.653199 0.779901 4103 2419 2889
734 0.331840 0.691069 2334 1229 2559
735 0.764475 0.512808 5528 2831 1899
736 0.539213 0.157365 5491 1997 582
737 0.247835 0.338014 3859 918 1252
738 0.746872 0.197844 5964 2766 732
739 0.275811 0.673700 2787 1021 2495
740 0.329176 0.299397 3618 1219 1109
741 0.691403 0.267529 5353 2561 991
742 0.655806 0.601228 3723 2429 2227
743 0.611122 0.583099 3909 2263 2160
744 0.147096 0.061991 982 544 229
745 0.354246 0.720625 2171 1312 2669
746 0.462288 0.743800 1810 1712 2755
747 0.276368 0.324922 4081 1023 1203
748 0.227758 0.235537 2631 843 872
749 0.021145 0.735502 919 78 2724
750 0.181518 0.272440 3829 672 1009
751 0.372135 0.531325 4478 1378 1968
752 0.354952 0.460458 4859 1314 1705
753 0.651569 0.418520 5226 2413 1550
754 0.451118 0.362875 3737 1671 1344
755 0.219249 0.316666 3421 812 1173
756 0.603963 0.766652 4585 2237 2839
757 0.384108 0.808732 218 1422 2995
758 0.478391 0.441882 4544 1772 1636
759 0.253624 0.314423 3354 939 1164
760 0.589988 0.575277 3385 2185 2131
761 0.135279 0.045461 2753 501 168
762 0.047179 0.423886 1416 174 1570
763 0.652453 0.779242 3571 2416 2886
764 0.462469 0.624584 2792 1713 2313
765 0.740709 0.049774 5890 2743 184
766 0.710250 0.080200 5683 2631 297
767 0.688744 0.502703 4277 2551 1862
768 0.770805 0.496025 5295 2855 1837
769 0.755112 0.651933 4664 2797 2415
770 0.183193 0.226119 3163 678 837
771 0.230893 0.488400 3996 855 1809
772 0.249469 0.242916 2094 924 899
773 0.769228 0.279274 4526 2849 1034
774 0.139165 0.772307 369 515 2860
775 0.317660 0.369752 4948 1176 1369
776 0.611334 0.593332 4114 2264 2197
777 0.041192 0.688729 557 152 2551
778 0.388547 0.055550 5548 1439 205
779 0.772308 0.338476 5467 2860 1253
780 0.651544 0.481026 5232 2413 1781
781 0.326089 0.553027 4673 1207 2048
782 0.600386 0.608659 4377 2224 2254
783 0.403188 0.310902 3556 1493 1151
784 0.010543 0.141175 1578 39 522
785 0.162917 0.101600 2843 603 376
786 0.366072 0.679195 3119 1356 2516
787 0.053390 0.504700 2959 197 1869
788 0.421366 0.496721 4029 1560 1840
789 0.291077 0.134825 2020 1078 499
790 0.299523 0.676506 1657 1109 2506
791 0.309784 0.563429 4848 1147 2087
792 0.174271 0.728747 43 645 2699
793 0.104931 0.664031 1430 388 2459
794 0.320433 0.224312 3602 1187 830
795 0.006023 0.194380 1447 22 720
796 0.637676 0.487277 5624 2362 1805
797 0.569982 0.717878 4491 2111 2659
798 0.209469 0.625839 3547 775 2318
799 0.249904 0.784344 1076 925 2905
800 0.302690 0.281726 3218 1121 1043
801 0.257934 0.573102 4354 955 2123
802 0.628617 0.096571 5805 2328 357
803 0.406377 0.335504 3650 1505 1242
804 0.583886 0.736377 4405 2162 2727
805 0.457066 0.639732 2139 1693 2369
806 0.521063 0.205138 4503 1930 759
807 0.275949 0.262253 2510 1022 971
808 0.382255 0.718815 2248 1416 2662
809 0.330125 0.262926 3669 1222 973
810 0.230065 0.685466 2185 852 2539
811 0.542315 0.196673 4635 2008 728
812 0.615405 0.087323 5734 2279 323
813 0.119027 0.015108 3453 440 55
814 0.362639 0.695496 2634 1343 2576
815 0.245798 0.696721 1664 910 2580
816 0.182168 0.360389 3556 674 1335
817 0.322992 0.581970 4031 1196 2155
818 0.214836 0.046107 3066 795 170
819 0.182528 0.551937 4147 676 2044
820 0.667778 0.604889 4338 2473 2240
821 0.015952 0.723773 719 59 2681
822 0.570890 0.733967 4403 2114 2718
823 0.634453 0.037568 5269 2350 139
824 0.224109 0.738170 301 830 2734
825 0.258788 0.372328 4245 958 1379
826 0.606011 0.533444 4084 2244 1976
827 0.598832 0.749210 4662 2218 2775
828 0.136590 0.606563 3107 505 2246
829 0.534231 0.435370 4954 1979 1612
830 0.402898 0.338405 3739 1492 1253
831 0.222069 0.328993 3305 822 1218
832 0.390511 0.007285 4825 1446 26
833 0.774415 0.724066 5340 2868 2682
834 0.620238 0.231958 5092 2297 859
835 0.655984 0.046495 5254 2430 172
836 0.435408 0.717817 2469 1612 2659
837 0.295558 0.150550 985 1094 557
838 0.297766 0.061977 3912 1103 229
839 0.122048 0.754721 493 452 2795
840 0.336667 0.554398 4298 1247 2053
841 0.222180 0.018379 2408 823 68
842 0.383942 0.337469 3296 1422 1250
843 0.269789 0.346382 4439 999 1283
844 0.376120 0.668550 3649 1393 2476
845 0.416480 0.736799 2124 1542 2729
846 0.642881 0.254911 5350 2381 944
847 0.667832 0.544397 4843 2473 2016
848 0.582691 0.784079 4095 2158 2904
849 0.545878 0.222479 4543 2022 824
850 0.330318 0.129685 3590 1223 480
851 0.217270 0.635112 3271 804 2352
852 0.328616 0.704273 1726 1217 2608
853 0.705892 0.038235 5173 2614 141
854 0.148035 0.015492 3096 548 57
855 0.608713 0.786464 4405 2254 2913
856 0.210275 0.644220 2910 778 2386
857 0.334750 0.011933 4969 1240 44
858 0.107751 0.758114 813 399 2808
859 0.548753 0.177360 4460 2032 657
860 0.492328 0.286600 4943 1823 1061
861 0.734562 0.758885 4549 2721 2811
862 0.714387 0.304443 4368 2646 1127
863 0.399074 0.581928 3824 1478 2155
864 0.482485 0.368328 4241 1787 1364
865 0.054929 0.714923 564 203 2648
866 0.004213 0.245095 2587 15 907
867 0.271876 0.574089 4616 1007 2126
868 0.804362 0.338920 5739 2979 1255
869 0.311678 0.046344 3794 1154 171
870 0.705753 0.392303 4819 2614 1453
871 0.419563 0.315768 4303 1554 1169
872 0.782743 0.245838 6449 2899 910
873 0.369870 0.126357 4969 1370 468
874 0.376383 0.575027 4287 1394 2130
875 0.012053 0.479487 1138 44 1776
876 0.416146 0.661257 3150 1541 2449
877 0.418979 0.705044 2611 1552 2611
878 0.352064 0.063414 5150 1304 234
879 0.533850 0.662072 3475 1977 2452
880 0.105412 0.291281 3679 390 1079
881 0.494075 0.005110 5627 1830 18
882 0.608547 0.206010 5120 2254 763
883 0.797265 0.107547 4994 2953 398
884 0.170692 0.686523 1544 632 2543
885 0.160865 0.794372 38 595 2942
886 0.038329 0.624767 1424 141 2314
887 0.715571 0.760359 4847 2650 2816
888 0.345419 0.305671 3553 1279 1132
889 0.093165 0.719757 1098 345 2666
890 0.327094 0.403758 4661 1211 1495
891 0.118638 0.118603 2283 439 439
892 0.632342 0.727228 4187 2342 2693
893 0.698140 0.656392 4858 2586 2431
894 0.227896 0.438536 4010 844 1624
895 0.704297 0.218146 6045 2608 808
896 0.372153 0.164353 3303 1378 608
897 0.067544 0.193683 2661 250 717
898 0.392948 0.729506 2041 1455 2702
899 0.199807 0.633798 3708 740 2347
900 0.359422 0.484557 5248 1331 1794
901 0.704597 0.186886 5716 2610 692
902 0.613990 0.450019 5806 2274 1667
903 0.020056 0.041038 3906 74 152
904 0.281262 0.313325 4018 1041 1160
905 0.267857 0.485163 3984 992 1797
906 0.160092 0.274239 3689 593 1015
907 0.017196 0.148916 1930 63 551
908 0.402824 0.773209 546 1492 2864
909 0.159083 0.259859 3429 589 962
910 0.008701 0.496085 1910 32 1837
911 0.665763 0.191094 5327 2466 707
912 0.768658 0.277245 4672 2847 1027
913 0.182742 0.589405 4123 676 2183
914 0.012356 0.422970 587 45 1566
915 0.579788 0.522925 4022 2147 1937
916 0.154543 0.396624 4006 572 1469
917 0.409842 0.601750 3436 1518 2229
918 0.787104 0.794359 4309 2915 2942
919 0.689580 0.266931 5167 2554 988
920 0.710893 0.325235 4783 2633 1204
921 0.553885 0.679320 3777 2051 2516
922 0.049988 0.121241 2583 185 449
923 0.421752 0.363642 3849 1562 1347
924 0.730033 0.060202 5626 2704 223
925 0.767705 0.478315 5059 2843 1771
926 0.151309 0.791927 105 560 2933
927 0.629951 0.652174 4856 2333 2415
928 0.317599 0.196137 1876 1176 726
929 0.189754 0.574895 4092 702 2129
930 0.655600 0.433685 5191 2428 1606
931 0.383968 0.281382 4072 1422 1042
932 0.215263 0.575592 3544 797 2132
933 0.054639 0.192561 2635 202 713
934 0.266807 0.267665 2669 988 991
935 0.364216 0.459746 5169 1349 1703
936 0.556456 0.208983 4959 2061 774
937 0.796892 0.771864 5146 2952 2859
938 0.170021 0.256648 2862 629 950
939 0.729689 0.375691 5139 2703 1391
940 0.143848 0.721225 597 532 2671
941 0.279261 0.165712 2136 1034 613
942 0.000908 0.027885 3903 3 103
943 0.655067 0.791679 3468 2426 2932
944 0.368021 0.737263 1151 1363 2731
945 0.174262 0.726473 495 645 2691
946 0.281594 0.009043 4236 1043 33
947 0.232715 0.214861 2705 862 795
948 0.279720 0.707204 228 1036 2619
949 0.165342 0.031450 3360 612 116
950 0.085641 0.581451 2655 317 2153
951 0.650968 0.620710 4250 2411 2299
952 0.706516 0.652636 5292 2617 2417
953 0.068121 0.092044 2850 252 340
954 0.790656 0.004874 6045 2928 18
955 0.028608 0.704777 931 105 2610
956 0.379351 0.758531 910 1405 2809
957 0.622393 0.768747 4640 2305 2847
958 0.307137 0.525999 4747 1137 1948
959 0.301102 0.298986 3290 1115 1107
960 0.548786 0.784805 2766 2032 2907
961 0.775029 0.481704 5151 2871 1784
962 0.646406 0.147219 5654 2394 545
963 0.751473 0.404940 6171 2783 1500
964 0.444544 0.250373 4283 1646 927
965 0.617477 0.526453 4605 2287 1950
966 0.613969 0.003750 4930 2274 13
967 0.796136 0.067964 5013 2949 251
968 0.756936 0.414233 6059 2803 1534
969 0.656496 0.013730 4957 2431 50
970 0.628286 0.750207 4592 2327 2779
971 0.270660 0.507953 3281 1002 1881
972 0.488922 0.406482 4108 1811 1505
973 0.724372 0.697948 5436 2683 2585
974 0.215679 0.149576 2929 798 554
975 0.095751 0.791396 253 354 2931
976 0.431813 0.626628 3008 1599 2321
977 0.786688 0.516633 5837 2914 1913
978 0.309775 0.359412 4997 1147 1331
979 0.076759 0.638880 1782 284 2366
980 0.026987 0.774100 175 99 2867
981 0.678134 0.750561 4500 2512 2780
982 0.269315 0.314105 3986 997 1163
983 0.027801 0.690667 681 102 2558
984 0.781006 0.547783 5862 2893 2029
985 0.611512 0.784828 4208 2265 2907
986 0.360555 0.340920 4437 1335 1262
987 0.694641 0.683906 5139 2573 2533
988 0.198782 0.443574 3189 736 1643
989 0.201043 0.407724 4093 744 1510
990 0.216971 0.475409 4021 803 1761
991 0.801703 0.504112 5735 2969 1867
992 0.369848 0.727974 1624 1370 2696
993 0.679061 0.001905 4868 2515 7
994 0.280322 0.525273 4090 1038 1945
995 0.629305 0.251372 4995 2331 931
996 0.689130 0.044467 5213 2552 164
997 0.319497 0.781519 209 1183 2895
998 0.129710 0.176931 2429 480 655
PromSaddles 998
0 0.613222 0.085368 5407 2271 316
1 0.779105 0.691997 2762 2886 2563
2 0.792397 0.666837 4219 2935 2470
3 0.797153 0.686209 2698 2952 2541
4 0.269712 0.654674 2949 999 2425
5 0.264075 0.636208 1037 978 2356
6 0.762875 0.561663 5045 2825 2080
7 0.153844 0.633661 220 569 2347
8 0.780096 0.015630 5825 2889 57
9 0.795029 0.749765 1732 2945 2777
10 0.800225 0.761396 4931 2964 2820
11 0.661597 0.635129 3811 2450 2352
12 0.066836 0.058061 2751 247 215
13 0.711208 0.791831 657 2634 2933
14 0.192519 0.530204 3687 713 1964
15 0.222200 0.527526 3523 823 1954
16 0.205876 0.527354 3845 762 1953
17 0.693938 0.724890 2108 2570 2685
18 0.270456 0.554527 2854 1001 2054
19 0.258844 0.563080 2187 958 2085
20 0.245672 0.483262 2215 910 1790
21 0.773666 0.490940 3184 2865 1818
22 0.773475 0.484218 4138 2865 1793
23 0.174710 0.419631 1523 647 1554
24 0.162825 0.407225 3678 603 1508
25 0.779446 0.310193 3955 2887 1149
26 0.325935 0.027079 2293 1207 100
27 0.314381 0.026077 3486 1164 96
28 0.709730 0.767880 3912 2629 2844
29 0.712952 0.762350 1186 2641 2824
30 0.700179 0.478943 3318 2593 1774
31 0.326675 0.320943 2216 1210 1188
32 0.665193 0.751448 2191 2464 2783
33 0.361463 0.474645 4921 1339 1758
34 0.363619 0.467325 3058 1346 1731
35 0.057821 0.553037 320 214 2048
36 0.679356 0.002454 4652 2516 9
37 0.295105 0.041561 1318 1093 153
38 0.279983 0.292023 2453 1037 1081
39 0.764094 0.429938 5026 2830 1592
40 0.758732 0.456188 5198 2810 1689
41 0.285118 0.041597 1795 1056 154
42 0.656671 0.800941 828 2432 2967
43 0.657229 0.258701 3195 2434 958
44 0.281305 0.551869 3802 1042 2044
45 0.369333 0.592500 3037 1368 2194
46 0.397777 0.524961 4339 1473 1944
47 0.743110 0.040933 5788 2752 151
48 0.312227 0.052502 3691 1156 194
49 0.725971 0.604966 4225 2689 2241
50 0.731651 0.735698 4516 2710 2725
51 0.668333 0.640554 1880 2475 2372
52 0.673165 0.653296 2298 2493 2420
53 0.269017 0.032920 2645 996 121
54 0.800483 0.241909 5207 2965 896
55 0.480968 0.018716 1808 1781 69
56 0.488915 0.008323 5351 1811 30
57 0.251164 0.069205 1034 930 256
58 0.050581 0.577409 2295 187 2138
59 0.505722 0.055693 5264 1873 206
60 0.427612 0.543960 2077 1584 2015
61 0.665085 0.107103 5039 2463 396
62 0.340655 0.363646 4427 1261 1347
63 0.327928 0.392246 4378 1214 1453
64 0.459265 0.717404 584 1701 2657
65 0.396634 0.727840 1816 1469 2696
66 0.654643 0.227405 5281 2425 842
67 0.396026 0.698328 1872 1467 2586
68 0.411105 0.696848 1719 1522 2581
69 0.413387 0.701868 2350 1531 2600
70 0.450821 0.670272 1707 1670 2482
71 0.514582 0.028996 4833 1906 107
72 0.189282 0.424484 2405 701 1572
73 0.336608 0.427314 3459 1246 1582
74 0.342495 0.474427 4240 1268 1757
75 0.274668 0.545542 3281 1017 2020
76 0.273069 0.537719 3717 1011 1991
77 0.747504 0.786478 2286 2769 2913
78 0.366060 0.703196 1520 1356 2604
79 0.363472 0.695223 2399 1346 2575
80 0.787094 0.394124 4497 2915 1459
81 0.589226 0.299580 3399 2182 1109
82 0.555360 0.238333 4855 2057 882
83 0.570112 0.248603 4320 2111 920
84 0.247798 0.579788 2269 917 2147
85 0.357656 0.503862 3561 1324 1866
86 0.372786 0.515742 3877 1380 1910
87 0.655141 0.156653 3558 2426 580
88 0.247546 0.519278 3404 917 1923
89 0.292891 0.321520 3720 1084 1191
90 0.465387 0.079378 4526 1723 294
91 0.259285 0.128332 1042 960 475
92 0.275729 0.132055 1880 1021 489
93 0.765589 0.674759 3831 2836 2499
94 0.736547 0.653929 4400 2728 2422
95 0.715645 0.651730 4198 2651 2414
96 0.679021 0.430815 3838 2515 1595
97 0.654473 0.782297 2041 2424 2897
98 0.655712 0.788045 3311 2429 2919
99 0.684600 0.186789 4649 2536 691
100 0.674120 0.189559 5157 2497 702
101 0.675253 0.007849 2720 2501 29
102 0.712474 0.756788 3185 2639 2803
103 0.116075 0.461677 1024 429 1710
104 0.132484 0.461089 1230 490 1708
105 0.607906 0.107447 5736 2251 398
106 0.748695 0.494407 1469 2773 1831
107 0.075934 0.104111 1863 281 385
108 0.070274 0.099701 709 260 369
109 0.719287 0.692002 4964 2664 2563
110 0.501367 0.038365 4980 1857 142
111 0.802067 0.065471 3897 2971 242
112 0.380045 0.528419 3757 1407 1957
113 0.569850 0.280508 4633 2110 1039
114 0.626361 0.108430 5016 2320 401
115 0.662250 0.300588 4089 2453 1113
116 0.797672 0.355777 5585 2954 1317
117 0.798295 0.347447 5507 2957 1287
118 0.708928 0.646075 3890 2626 2393
119 0.421821 0.633401 2830 1562 2346
120 0.616887 0.795342 2278 2285 2946
121 0.459564 0.047101 4341 1702 174
122 0.689597 0.469253 4971 2554 1738
123 0.770668 0.719682 4007 2854 2665
124 0.772183 0.304426 2168 2860 1127
125 0.612637 0.209740 4863 2269 776
126 0.359542 0.538745 4012 1331 1995
127 0.367295 0.532043 3721 1360 1970
128 0.599340 0.585765 3252 2220 2169
129 0.607831 0.592496 2075 2251 2194
130 0.642768 0.326863 4094 2381 1210
131 0.052992 0.615469 1458 196 2279
132 0.051034 0.623543 865 189 2309
133 0.065469 0.630930 709 242 2337
134 0.181114 0.569437 2765 670 2109
135 0.450040 0.625402 2698 1667 2316
136 0.439801 0.613035 1534 1629 2270
137 0.436688 0.623220 2874 1617 2308
138 0.761382 0.021717 2104 2820 80
139 0.747874 0.025888 4073 2770 95
140 0.741030 0.009112 4269 2745 33
141 0.219489 0.280530 2198 813 1039
142 0.232177 0.280036 2457 860 1037
143 0.112164 0.491714 1703 415 1821
144 0.124148 0.490575 2464 459 1817
145 0.700939 0.425907 1763 2596 1577
146 0.707629 0.424939 4888 2621 1574
147 0.341879 0.338043 2223 1266 1252
148 0.352364 0.343314 3338 1305 1271
149 0.408148 0.026959 3047 1511 99
150 0.088045 0.716388 931 326 2653
151 0.434841 0.795460 928 1610 2946
152 0.450965 0.777465 1707 1670 2880
153 0.802830 0.373580 4305 2974 1383
154 0.488469 0.558684 1134 1809 2069
155 0.332055 0.031423 3831 1230 116
156 0.445096 0.051124 5088 1648 189
157 0.447321 0.065241 5703 1657 241
158 0.642347 0.469522 5297 2379 1739
159 0.632899 0.458000 4681 2344 1696
160 0.126278 0.013701 2252 467 50
161 0.142272 0.012434 2449 527 46
162 0.646650 0.033509 5285 2395 124
163 0.641904 0.037477 5187 2377 138
164 0.439694 0.315894 4784 1628 1170
165 0.443828 0.305467 4535 1644 1131
166 0.696581 0.303253 3569 2580 1123
167 0.803146 0.258934 3662 2975 959
168 0.787484 0.248796 6100 2917 921
169 0.394257 0.582092 3497 1460 2156
170 0.398422 0.581602 2733 1475 2154
171 0.721892 0.081287 4047 2674 301
172 0.794995 0.003701 3776 2944 13
173 0.440201 0.050409 5161 1630 186
174 0.329989 0.305976 3078 1222 1133
175 0.657782 0.453757 4368 2436 1680
176 0.653883 0.439953 5021 2422 1629
177 0.803368 0.465495 4577 2975 1724
178 0.801915 0.474582 5237 2970 1758
179 0.454686 0.684257 890 1684 2534
180 0.603947 0.761027 4334 2237 2819
181 0.599774 0.751547 3471 2221 2784
182 0.436298 0.036063 5131 1616 133
183 0.346573 0.543294 4324 1283 2012
184 0.338416 0.545972 4106 1253 2022
185 0.041841 0.090666 3195 154 335
186 0.648013 0.478824 5133 2400 1773
187 0.587366 0.706773 3404 2175 2618
188 0.583581 0.719992 3552 2161 2667
189 0.575782 0.717156 3547 2132 2656
190 0.283872 0.178152 1373 1051 659
191 0.594545 0.051645 6192 2202 191
192 0.692946 0.475897 5013 2566 1762
193 0.681334 0.477831 4646 2523 1770
194 0.585444 0.682292 3044 2168 2527
195 0.378426 0.347004 3098 1401 1285
196 0.426547 0.021919 4540 1580 81
197 0.410981 0.018898 4685 1522 70
198 0.457937 0.610086 2352 1696 2260
199 0.096079 0.046151 2759 355 170
200 0.681391 0.207501 5390 2524 768
201 0.696691 0.209130 5151 2580 774
202 0.052477 0.713997 131 194 2644
203 0.677056 0.420716 4037 2508 1558
204 0.391871 0.733829 379 1451 2718
205 0.471874 0.429712 3434 1748 1591
206 0.446104 0.282675 4330 1652 1047
207 0.467916 0.292026 4333 1733 1081
208 0.452748 0.300125 4327 1677 1111
209 0.354605 0.492069 4352 1313 1822
210 0.394963 0.746236 296 1463 2764
211 0.187447 0.567310 3439 694 2101
212 0.025812 0.546487 1729 95 2024
213 0.035106 0.534103 2463 130 1978
214 0.046004 0.566152 2266 170 2097
215 0.032067 0.555217 2324 118 2056
216 0.511070 0.341345 3966 1893 1264
217 0.794024 0.480807 4634 2941 1781
218 0.396468 0.773785 398 1468 2866
219 0.089421 0.442676 1133 331 1639
220 0.235050 0.529725 3272 870 1962
221 0.773449 0.074369 4507 2865 275
222 0.233509 0.314100 3051 865 1163
223 0.040409 0.075076 3329 149 278
224 0.035926 0.065275 3699 133 241
225 0.673082 0.577460 4061 2493 2139
226 0.701004 0.044310 4894 2596 164
227 0.692520 0.046985 4882 2565 174
228 0.614492 0.448985 4683 2276 1663
229 0.612726 0.239994 4288 2269 889
230 0.097010 0.492024 2749 359 1822
231 0.745594 0.237394 5762 2761 879
232 0.753841 0.234369 5677 2792 868
233 0.278811 0.530117 3982 1032 1963
234 0.738926 0.734846 4303 2737 2722
235 0.619761 0.115194 5016 2295 426
236 0.663416 0.568794 3734 2457 2107
237 0.668923 0.559332 3839 2477 2071
238 0.026699 0.700018 321 98 2593
239 0.026281 0.693778 484 97 2570
240 0.350253 0.023221 3223 1297 86
241 0.365097 0.014590 4580 1352 54
242 0.098826 0.104710 1436 366 387
243 0.110889 0.111051 1223 410 411
244 0.427733 0.568033 2423 1584 2104
245 0.358294 0.560948 4018 1327 2077
246 0.355458 0.551745 4175 1316 2043
247 0.352063 0.567124 3671 1304 2100
248 0.407830 0.303307 3896 1510 1123
249 0.663719 0.221951 5278 2458 822
250 0.747569 0.473701 4311 2769 1754
251 0.773682 0.683414 4433 2866 2531
252 0.155293 0.445114 1087 575 1648
253 0.175080 0.432493 3092 648 1602
254 0.175779 0.441322 2870 651 1634
255 0.320103 0.070161 4135 1185 259
256 0.469504 0.034167 4596 1739 126
257 0.474319 0.022943 5749 1757 84
258 0.023712 0.683456 358 87 2531
259 0.085095 0.100253 1185 315 371
260 0.346431 0.149326 2650 1283 553
261 0.710978 0.549312 4775 2633 2034
262 0.146351 0.298697 4019 542 1106
263 0.164610 0.281221 3518 609 1041
264 0.704813 0.609805 4019 2610 2258
265 0.705132 0.627176 3671 2612 2323
266 0.340834 0.674598 1774 1262 2498
267 0.337772 0.686556 2112 1251 2543
268 0.155657 0.102958 2326 576 381
269 0.770461 0.393556 4779 2854 1457
270 0.754345 0.403055 6010 2794 1493
271 0.494136 0.297353 3985 1830 1101
272 0.495426 0.289879 4330 1835 1073
273 0.373095 0.744119 936 1382 2756
274 0.379741 0.754446 665 1406 2794
275 0.337001 0.299475 2969 1248 1109
276 0.345131 0.302029 3200 1278 1118
277 0.461405 0.757356 1434 1709 2805
278 0.463330 0.748111 1143 1716 2771
279 0.196866 0.351013 3167 729 1300
280 0.219944 0.332282 3182 814 1230
281 0.197486 0.274964 3101 731 1018
282 0.249909 0.274542 2169 925 1017
283 0.134642 0.700296 178 498 2594
284 0.361481 0.656032 2525 1339 2430
285 0.705696 0.161985 5159 2614 600
286 0.015731 0.044615 3140 58 165
287 0.334518 0.252099 3671 1239 933
288 0.349981 0.249978 3725 1296 926
289 0.333663 0.118665 3478 1236 439
290 0.081567 0.489604 2358 302 1813
291 0.786421 0.513230 5409 2913 1901
292 0.367136 0.459456 4285 1360 1702
293 0.663859 0.018691 4178 2459 69
294 0.467623 0.716828 684 1732 2655
295 0.481056 0.711106 1867 1782 2634
296 0.396440 0.015134 4077 1468 56
297 0.390597 0.008626 3133 1446 31
298 0.071347 0.159468 1116 264 590
299 0.087144 0.170973 2377 322 633
300 0.761714 0.649858 4295 2821 2407
301 0.291296 0.543833 2437 1079 2014
302 0.170530 0.669322 1366 631 2479
303 0.077030 0.669316 3 285 2479
304 0.079574 0.651391 12 294 2413
305 0.417456 0.348237 3502 1546 1290
306 0.251841 0.447316 3418 932 1657
307 0.250429 0.469059 4042 927 1737
308 0.236680 0.443437 3717 876 1642
309 0.745506 0.753685 4099 2761 2791
310 0.737619 0.756561 4273 2732 2802
311 0.350859 0.137844 3975 1299 510
312 0.052423 0.189165 1580 194 700
313 0.523933 0.025441 4952 1940 94
314 0.719806 0.555537 4627 2666 2057
315 0.711983 0.569318 5168 2637 2108
316 0.663382 0.128484 4393 2457 475
317 0.652743 0.142807 4994 2418 529
318 0.300040 0.273302 2888 1111 1012
319 0.302718 0.281086 2857 1121 1041
320 0.540368 0.236858 4750 2001 877
321 0.579928 0.148264 4978 2148 549
322 0.509340 0.523338 3858 1886 1938
323 0.505058 0.497977 3982 1870 1844
324 0.056457 0.516256 2896 209 1912
325 0.488747 0.029872 5655 1810 110
326 0.032023 0.051591 3644 118 191
327 0.317602 0.215435 2084 1176 798
328 0.256842 0.556319 3358 951 2060
329 0.309949 0.651943 1882 1148 2415
330 0.319176 0.666526 497 1182 2469
331 0.382126 0.518236 4341 1415 1919
332 0.042136 0.528049 2593 156 1956
333 0.615561 0.355708 4132 2280 1317
334 0.055289 0.680408 17 204 2520
335 0.573517 0.671902 3304 2124 2488
336 0.556557 0.663775 3013 2061 2458
337 0.558466 0.673955 3182 2068 2496
338 0.697726 0.260250 4806 2584 964
339 0.199549 0.581765 3907 739 2155
340 0.113856 0.748100 603 421 2771
341 0.106745 0.725515 511 395 2687
342 0.231688 0.616863 3305 858 2285
343 0.744632 0.767063 3947 2758 2841
344 0.804333 0.447618 5607 2979 1658
345 0.227165 0.086977 2341 841 322
346 0.227594 0.069165 1182 843 256
347 0.236191 0.071242 1990 874 263
348 0.330768 0.670045 1497 1225 2482
349 0.339013 0.658669 2284 1255 2439
350 0.751777 0.258616 4822 2784 958
351 0.115091 0.620030 1752 426 2296
352 0.486372 0.435328 2917 1801 1612
353 0.491498 0.585667 1342 1820 2169
354 0.257248 0.516152 3261 952 1912
355 0.266049 0.511614 3155 985 1895
356 0.374482 0.684842 2386 1387 2536
357 0.374076 0.673489 3018 1385 2494
358 0.309637 0.017150 4243 1147 63
359 0.619406 0.216555 3819 2294 802
360 0.148694 0.646689 1686 550 2395
361 0.709330 0.181635 5093 2627 672
362 0.273845 0.346019 3823 1014 1281
363 0.361679 0.712915 1663 1339 2640
364 0.369805 0.709728 1487 1369 2629
365 0.655695 0.503388 4430 2428 1864
366 0.627545 0.098316 2639 2324 364
367 0.620528 0.093540 5525 2298 346
368 0.596457 0.730704 4174 2209 2706
369 0.586675 0.731112 4026 2173 2708
370 0.584521 0.734513 4271 2165 2720
371 0.080822 0.178921 2449 299 662
372 0.664415 0.460564 4355 2461 1706
373 0.391636 0.525603 4128 1450 1947
374 0.384945 0.526262 1642 1425 1949
375 0.047244 0.674154 507 175 2497
376 0.041496 0.662770 363 153 2455
377 0.130906 0.291804 3583 484 1080
378 0.114462 0.291095 3501 424 1078
379 0.369865 0.695858 876 1370 2577
380 0.207132 0.631197 3123 767 2338
381 0.207213 0.639464 2754 767 2368
382 0.287863 0.424993 3347 1066 1574
383 0.646013 0.430007 4939 2393 1592
384 0.167956 0.638000 2678 622 2363
385 0.788644 0.063792 5305 2921 236
386 0.792780 0.059578 4785 2936 220
387 0.710696 0.677422 4786 2632 2509
388 0.697096 0.675074 4821 2582 2500
389 0.310370 0.661285 1805 1149 2449
390 0.299437 0.672434 1467 1109 2490
391 0.406289 0.604635 3043 1505 2239
392 0.173022 0.109862 2590 640 406
393 0.679734 0.280981 4336 2518 1040
394 0.522063 0.671775 3150 1933 2488
395 0.518495 0.690445 1741 1920 2557
396 0.177938 0.617189 3524 659 2286
397 0.170385 0.628918 2633 631 2329
398 0.186788 0.636273 3583 691 2357
399 0.785605 0.790543 4111 2910 2928
400 0.789232 0.779904 3846 2923 2889
401 0.780245 0.723677 5238 2890 2680
402 0.690960 0.450875 4711 2559 1670
403 0.685312 0.438146 4800 2538 1623
404 0.354889 0.717636 1847 1314 2658
405 0.739072 0.597950 4296 2737 2215
406 0.034278 0.525472 1797 126 1946
407 0.251058 0.247825 1877 930 918
408 0.259623 0.260310 1978 961 964
409 0.608238 0.045068 5692 2253 166
410 0.716986 0.417766 5046 2656 1547
411 0.742043 0.411154 4110 2748 1523
412 0.801567 0.487162 4321 2969 1804
413 0.804517 0.499547 4824 2980 1850
414 0.719033 0.234587 5151 2663 869
415 0.491254 0.468886 3905 1819 1736
416 0.758397 0.694619 4407 2809 2573
417 0.013694 0.542790 1662 50 2010
418 0.505111 0.721250 3217 1871 2671
419 0.469408 0.555980 1986 1738 2059
420 0.337618 0.622065 3321 1250 2304
421 0.650709 0.637536 2156 2410 2361
422 0.644335 0.636106 3970 2386 2356
423 0.794826 0.399569 5570 2944 1480
424 0.802679 0.398929 4724 2973 1477
425 0.797460 0.391785 4243 2954 1451
426 0.760458 0.463194 5120 2817 1715
427 0.260961 0.346506 3553 966 1283
428 0.445434 0.370728 3557 1650 1373
429 0.174833 0.034604 1079 647 128
430 0.569030 0.180738 4343 2107 669
431 0.550743 0.194902 4360 2040 721
432 0.452695 0.496270 3976 1676 1838
433 0.436380 0.482203 3999 1616 1786
434 0.009985 0.720478 621 36 2668
435 0.613407 0.612879 4049 2272 2270
436 0.602871 0.608260 3940 2233 2253
437 0.705744 0.327228 4684 2614 1212
438 0.483844 0.351061 4046 1792 1300
439 0.595300 0.783441 4066 2205 2902
440 0.643659 0.515923 3918 2384 1911
441 0.773779 0.752498 4733 2866 2787
442 0.652494 0.220598 5522 2417 817
443 0.706231 0.259626 4931 2616 961
444 0.552203 0.686633 3674 2045 2543
445 0.051744 0.564523 1832 191 2091
446 0.055258 0.557677 2612 204 2065
447 0.058772 0.560232 2592 217 2075
448 0.744179 0.254403 5237 2756 942
449 0.118831 0.028972 2659 440 107
450 0.131678 0.035175 2589 487 130
451 0.125209 0.021123 2696 463 78
452 0.441277 0.604866 2973 1634 2240
453 0.428143 0.603870 2749 1586 2236
454 0.707594 0.717863 4641 2621 2659
455 0.423299 0.527318 3812 1568 1953
456 0.421259 0.539801 3467 1560 1999
457 0.286458 0.149969 1347 1061 555
458 0.289592 0.142451 1267 1072 527
459 0.292135 0.149093 871 1082 552
460 0.400669 0.059924 4547 1484 221
461 0.390581 0.057357 4770 1446 212
462 0.451092 0.233446 3925 1671 864
463 0.252356 0.492240 3570 934 1823
464 0.261311 0.495518 3370 967 1835
465 0.606074 0.520581 3990 2245 1928
466 0.749085 0.480480 3293 2774 1779
467 0.541880 0.660873 2913 2007 2448
468 0.328158 0.102600 3878 1215 380
469 0.307162 0.101767 3170 1137 376
470 0.312363 0.077822 4269 1157 288
471 0.762913 0.708026 4286 2826 2622
472 0.097275 0.074797 320 360 277
473 0.022476 0.198583 1233 83 735
474 0.020680 0.219099 1579 76 811
475 0.678118 0.756523 4343 2512 2802
476 0.688649 0.301249 3890 2551 1115
477 0.680687 0.297587 4692 2521 1102
478 0.344025 0.506416 3882 1274 1875
479 0.333934 0.506816 3968 1237 1877
480 0.434074 0.094012 4428 1607 348
481 0.246810 0.039365 1079 914 145
482 0.385816 0.130978 3698 1429 485
483 0.185394 0.274989 3405 686 1018
484 0.651401 0.318545 4937 2413 1180
485 0.290063 0.790217 62 1074 2927
486 0.288169 0.780614 302 1067 2891
487 0.299307 0.792584 3 1108 2936
488 0.228188 0.118732 2044 845 439
489 0.220149 0.115574 2184 815 428
490 0.282848 0.325036 2959 1047 1204
491 0.768378 0.695494 4678 2846 2576
492 0.020980 0.518563 1621 77 1920
493 0.625874 0.122313 5621 2318 453
494 0.620699 0.137533 5748 2299 509
495 0.636527 0.137140 5555 2357 508
496 0.074907 0.749356 3 277 2775
497 0.088133 0.729257 564 326 2701
498 0.066170 0.497369 2289 245 1842
499 0.043949 0.152295 1111 162 564
500 0.037376 0.147569 1664 138 546
501 0.088420 0.496667 3149 327 1839
502 0.184150 0.270816 3469 682 1003
503 0.023446 0.769963 0 86 2852
504 0.445161 0.690681 1623 1649 2558
505 0.700199 0.026130 4947 2593 96
506 0.704638 0.032922 5002 2610 121
507 0.589967 0.000000 4767 2185 0
508 0.452717 0.623834 2421 1677 2310
509 0.217826 0.567402 3307 806 2101
510 0.246176 0.121630 1719 911 450
511 0.745888 0.760980 4505 2763 2818
512 0.753548 0.768755 4615 2791 2847
513 0.508516 0.039872 5721 1883 147
514 0.495714 0.696772 2437 1836 2581
515 0.764332 0.768661 4608 2831 2847
516 0.409981 0.567659 2878 1518 2102
517 0.413193 0.555063 3080 1530 2056
518 0.236635 0.783498 -22 876 2902
519 0.794547 0.724129 4698 2943 2682
520 0.643622 0.231643 4839 2384 858
521 0.566599 0.656976 3183 2098 2433
522 0.563690 0.632572 3430 2088 2343
523 0.288912 0.040997 3547 1070 151
524 0.225340 0.051904 1478 834 192
525 0.586777 0.727405 3854 2173 2694
526 0.576694 0.004109 4947 2136 15
527 0.788140 0.038254 5001 2919 141
528 0.426358 0.266911 4257 1579 988
529 0.508063 0.143013 5614 1882 529
530 0.526625 0.145081 5406 1950 537
531 0.656974 0.783871 3449 2433 2903
532 0.246642 0.785727 427 913 2910
533 0.696460 0.432111 4982 2579 1600
534 0.320703 0.675940 1704 1188 2503
535 0.178939 0.226269 2816 662 838
536 0.686093 0.193180 5279 2541 715
537 0.695866 0.186654 5268 2577 691
538 0.256758 0.070497 -48 951 261
539 0.530056 0.251545 4662 1963 931
540 0.023529 0.694853 469 87 2574
541 0.622330 0.618877 2907 2305 2292
542 0.412476 0.805155 496 1527 2982
543 0.752900 0.468024 4685 2789 1733
544 0.635253 0.530196 4132 2353 1964
545 0.501111 0.321400 3962 1856 1190
546 0.479925 0.326916 3599 1777 1211
547 0.734664 0.236313 5589 2721 875
548 0.480357 0.541329 3106 1779 2005
549 0.488080 0.697883 2376 1808 2585
550 0.079259 0.371326 2324 293 1375
551 0.651918 0.021694 4791 2414 80
552 0.079087 0.769392 82 292 2850
553 0.457755 0.230802 3639 1695 854
554 0.504763 0.256824 4563 1869 951
555 0.794324 0.697909 4443 2942 2585
556 0.333349 0.069609 4297 1234 257
557 0.344686 0.067738 4279 1276 250
558 0.740854 0.744081 4493 2744 2756
559 0.625037 0.338533 4067 2315 1254
560 0.716858 0.245701 5440 2655 910
561 0.403945 0.021989 4359 1496 81
562 0.030748 0.044717 3877 113 165
563 0.053422 0.509000 2851 197 1885
564 0.716708 0.586600 2983 2654 2173
565 0.695080 0.581085 4459 2574 2152
566 0.035562 0.647938 492 131 2400
567 0.700599 0.665845 4221 2595 2466
568 0.698560 0.659929 4634 2587 2444
569 0.698227 0.083276 5002 2586 308
570 0.347885 0.732626 142 1288 2713
571 0.350295 0.724642 1791 1297 2684
572 0.162813 0.757808 269 603 2807
573 0.757215 0.261650 4885 2805 969
574 0.765564 0.267354 4494 2835 990
575 0.455656 0.727477 1155 1687 2694
576 0.459434 0.739137 1366 1701 2738
577 0.038399 0.756726 6 142 2803
578 0.018000 0.747133 335 66 2767
579 0.022564 0.740285 651 83 2742
580 0.491048 0.313374 4009 1819 1160
581 0.709351 0.425510 4389 2627 1576
582 0.602133 0.152123 5092 2230 563
583 0.583335 0.155719 4945 2160 576
584 0.377030 0.020832 3197 1396 77
585 0.385061 0.046112 5338 1426 170
586 0.018499 0.438318 515 68 1623
587 0.037046 0.422592 626 137 1565
588 0.677776 0.091495 5269 2510 338
589 0.694541 0.099028 5102 2572 366
590 0.691850 0.084777 5053 2562 314
591 0.018459 0.758405 298 68 2809
592 0.390233 0.296449 3745 1445 1098
593 0.051636 0.108418 2480 191 401
594 0.698549 0.054929 4814 2587 203
595 0.245413 0.627633 3376 909 2325
596 0.323504 0.236548 3307 1198 876
597 0.329492 0.257074 3437 1220 952
598 0.765214 0.759570 4938 2834 2813
599 0.245202 0.486048 3738 908 1800
600 0.260807 0.659449 3136 966 2442
601 0.243124 0.659915 2495 900 2444
602 0.727584 0.370181 4721 2695 1371
603 0.670275 0.012394 3541 2482 45
604 0.666568 0.012610 4607 2469 46
605 0.125344 0.485711 2525 464 1799
606 0.129520 0.476127 2232 479 1763
607 0.206006 0.422372 2257 763 1564
608 0.221364 0.426387 3846 820 1579
609 0.243003 0.088323 1670 900 327
610 0.315944 0.060533 1778 1170 224
611 0.717887 0.710314 4605 2659 2631
612 0.082631 0.359806 2668 306 1332
613 0.649769 0.421869 5057 2407 1562
614 0.653495 0.430683 4632 2420 1595
615 0.674978 0.294458 4274 2500 1090
616 0.230999 0.675241 1898 855 2501
617 0.619931 0.781438 4257 2296 2894
618 0.288586 0.261224 3079 1069 967
619 0.295675 0.264522 3193 1095 979
620 0.262441 0.440760 3485 972 1632
621 0.271227 0.425264 4025 1004 1575
622 0.663452 0.612965 1977 2457 2270
623 0.335554 0.135730 2209 1243 502
624 0.344775 0.142271 2707 1277 527
625 0.659792 0.173648 3889 2444 643
626 0.288025 0.699391 2 1066 2590
627 0.385493 0.565216 3932 1428 2093
628 0.395466 0.563073 3229 1464 2085
629 0.349478 0.154768 2358 1294 573
630 0.363144 0.161838 2555 1345 599
631 0.514412 0.220995 4259 1905 818
632 0.666303 0.501166 4512 2468 1856
633 0.669396 0.490038 4533 2479 1815
634 0.009925 0.679020 -6 36 2515
635 0.786980 0.487605 4626 2915 1806
636 0.585848 0.296316 5085 2170 1097
637 0.328735 0.606461 3357 1217 2246
638 0.323887 0.589987 3872 1199 2185
639 0.660561 0.613550 1613 2446 2272
640 0.655176 0.617787 4033 2427 2288
641 0.122262 0.730220 238 452 2705
642 0.802395 0.279729 3456 2972 1036
643 0.269591 0.499461 3534 998 1850
644 0.272048 0.507077 3124 1007 1878
645 0.274598 0.516812 3538 1017 1914
646 0.317375 0.722573 436 1175 2676
647 0.051440 0.593952 1540 190 2200
648 0.673962 0.015682 3054 2496 58
649 0.686513 0.020527 4619 2543 76
650 0.209361 0.580805 3258 775 2151
651 0.451741 0.079617 4475 1673 294
652 0.446539 0.086791 5119 1654 321
653 0.443543 0.658832 855 1643 2440
654 0.758282 0.220605 6083 2808 817
655 0.768324 0.243155 5862 2846 900
656 0.451691 0.795241 900 1673 2945
657 0.495531 0.541293 3754 1835 2005
658 0.474927 0.516458 4082 1759 1913
659 0.076113 0.075896 1243 281 281
660 0.063841 0.069772 2812 236 258
661 0.067770 0.085992 2536 251 318
662 0.307607 0.023284 3428 1139 86
663 0.448949 0.237142 4047 1663 878
664 0.447855 0.245407 3902 1659 909
665 0.721201 0.728450 2785 2671 2698
666 0.404518 0.805887 8 1498 2985
667 0.634047 0.778411 3724 2348 2883
668 0.159624 0.629485 3281 591 2331
669 0.157119 0.624451 3149 582 2313
670 0.536493 0.069593 4644 1987 257
671 0.571728 0.060824 5946 2117 225
672 0.406072 0.024590 4645 1504 91
673 0.221808 0.102241 2588 821 378
674 0.206346 0.109448 2435 764 405
675 0.372001 0.451848 4425 1378 1673
676 0.326444 0.127351 3107 1209 471
677 0.362138 0.312859 3026 1341 1158
678 0.642393 0.751668 4493 2379 2784
679 0.633762 0.751867 4395 2347 2785
680 0.631279 0.749784 4265 2338 2777
681 0.449109 0.760891 787 1663 2818
682 0.170692 0.648573 2185 632 2402
683 0.709961 0.491692 4495 2629 1821
684 0.159310 0.768137 470 590 2845
685 0.031396 0.142648 1708 116 528
686 0.280075 0.572916 4495 1037 2122
687 0.572512 0.264595 5190 2120 980
688 0.378398 0.714860 1382 1401 2648
689 0.275601 0.263521 2403 1020 976
690 0.299389 0.752914 426 1109 2789
691 0.284987 0.779898 -46 1055 2889
692 0.266731 0.779651 422 988 2888
693 0.435036 0.323227 4496 1611 1197
694 0.056578 0.059534 1646 209 220
695 0.046046 0.063741 3744 170 236
696 0.620452 0.026005 3223 2298 96
697 0.133399 0.717915 434 494 2659
698 0.156665 0.700213 1254 580 2593
699 0.740424 0.772322 3980 2742 2860
700 0.743553 0.775903 3421 2754 2874
701 0.417165 0.544602 3496 1545 2017
702 0.312405 0.068054 4111 1157 252
703 0.303283 0.066599 3728 1123 246
704 0.583605 0.167064 5137 2161 618
705 0.385545 0.503691 4707 1428 1865
706 0.384185 0.508491 3932 1423 1883
707 0.397057 0.612316 2916 1470 2268
708 0.386984 0.620097 2772 1433 2297
709 0.339700 0.638682 3078 1258 2365
710 0.349766 0.648384 2825 1295 2401
711 0.038335 0.632066 531 142 2341
712 0.041191 0.520217 2559 152 1927
713 0.048050 0.510981 2647 177 1892
714 0.157471 0.786544 7 583 2913
715 0.634851 0.627407 4215 2351 2324
716 0.649147 0.632221 4119 2404 2341
717 0.416528 0.468921 4385 1542 1737
718 0.701756 0.296650 4526 2599 1098
719 0.711792 0.297221 4211 2636 1101
720 0.025658 0.042095 3689 95 155
721 0.431328 0.272521 4215 1597 1009
722 0.414323 0.798211 263 1534 2956
723 0.043178 0.622497 879 159 2305
724 0.074558 0.555113 2551 276 2056
725 0.074583 0.572501 2434 276 2120
726 0.266442 0.490287 3800 987 1816
727 0.368019 0.581647 587 1363 2154
728 0.366410 0.570379 3965 1357 2112
729 0.534622 0.221070 2805 1980 818
730 0.071810 0.194910 2554 266 722
731 0.518686 0.212237 4279 1921 786
732 0.669748 0.521710 4235 2481 1932
733 0.669520 0.537660 4342 2480 1991
734 0.660837 0.013454 4546 2448 49
735 0.648552 0.782909 3766 2402 2900
736 0.652926 0.779572 3391 2418 2887
737 0.764419 0.521407 5430 2831 1931
738 0.540015 0.154301 5340 2000 571
739 0.246899 0.336135 2268 914 1245
740 0.250147 0.340446 3624 926 1261
741 0.749614 0.202905 5733 2776 751
742 0.271827 0.668023 2637 1006 2474
743 0.331709 0.288261 3480 1228 1067
744 0.329968 0.300293 3340 1222 1112
745 0.693984 0.266008 5087 2570 985
746 0.662683 0.603975 3447 2454 2237
747 0.617546 0.583622 3403 2287 2161
748 0.279138 0.331951 3977 1034 1229
749 0.278452 0.318997 3828 1031 1181
750 0.240012 0.238022 1995 889 881
751 0.014103 0.737787 113 52 2733
752 0.017132 0.730109 626 63 2704
753 0.375516 0.530868 4171 1391 1966
754 0.347387 0.448872 3737 1286 1662
755 0.223142 0.315549 3230 826 1168
756 0.220621 0.322875 3148 817 1196
757 0.599137 0.772148 4074 2219 2860
758 0.393184 0.809848 1 1456 3000
759 0.479188 0.440941 3866 1775 1633
760 0.478000 0.450428 4399 1770 1668
761 0.247664 0.309389 3209 917 1146
762 0.260335 0.314527 3214 964 1165
763 0.591067 0.575927 3206 2189 2133
764 0.139998 0.051821 729 518 191
765 0.062963 0.427364 1103 233 1583
766 0.049536 0.430501 3 183 1594
767 0.053264 0.412747 506 197 1528
768 0.458600 0.619728 2642 1698 2295
769 0.466326 0.622121 2640 1727 2304
770 0.733526 0.055945 5484 2717 207
771 0.681633 0.494594 4081 2525 1832
772 0.769039 0.503484 5155 2848 1865
773 0.759974 0.660059 4214 2815 2445
774 0.749975 0.655289 4483 2778 2427
775 0.239961 0.485846 3777 888 1799
776 0.255273 0.243345 1366 945 901
777 0.768644 0.290136 2310 2847 1074
778 0.148006 0.767399 271 548 2842
779 0.126506 0.758102 273 468 2808
780 0.325309 0.375783 3885 1205 1392
781 0.313647 0.373347 2798 1161 1383
782 0.610736 0.598611 3921 2262 2217
783 0.612097 0.587082 3722 2267 2174
784 0.046691 0.681036 246 172 2522
785 0.034767 0.689601 459 128 2554
786 0.779979 0.322412 1903 2889 1194
787 0.782492 0.349888 5256 2898 1296
788 0.658127 0.477048 4425 2437 1767
789 0.659889 0.492794 4345 2444 1825
790 0.322622 0.554007 4562 1195 2052
791 0.591436 0.605229 3594 2190 2242
792 0.405563 0.311296 3377 1502 1153
793 0.014496 0.145030 1370 53 537
794 0.160061 0.104466 2252 592 386
795 0.368935 0.678629 2826 1366 2513
796 0.056336 0.503504 2542 208 1865
797 0.432878 0.496207 3846 1603 1838
798 0.423285 0.504807 3758 1568 1870
799 0.297711 0.685244 1184 1102 2538
800 0.313063 0.571671 3744 1159 2117
801 0.311408 0.558594 4329 1153 2069
802 0.301646 0.568098 4651 1117 2104
803 0.174233 0.727647 -60 645 2695
804 0.100947 0.660255 1212 373 2445
805 0.641510 0.480994 5263 2376 1781
806 0.630686 0.493636 4919 2336 1828
807 0.218000 0.618558 3435 807 2291
808 0.214402 0.629918 3026 794 2333
809 0.306101 0.290373 3083 1133 1075
810 0.630069 0.096144 5594 2334 356
811 0.581633 0.746577 2543 2154 2765
812 0.579158 0.732536 4214 2145 2713
813 0.452069 0.631660 1935 1674 2339
814 0.446346 0.645058 1790 1653 2389
815 0.525722 0.208228 4346 1947 771
816 0.280496 0.250224 2411 1039 926
817 0.332163 0.267046 3499 1230 989
818 0.117320 0.011325 2037 434 41
819 0.237667 0.689509 1474 880 2554
820 0.236931 0.716444 3 877 2653
821 0.319096 0.581766 3848 1182 2155
822 0.201262 0.040007 2968 745 148
823 0.221267 0.055301 2598 819 204
824 0.179329 0.542400 2183 664 2009
825 0.184006 0.557759 3905 681 2066
826 0.665853 0.609430 3944 2466 2257
827 0.569350 0.734521 4033 2109 2720
828 0.625844 0.044641 4998 2318 165
829 0.634364 0.035514 4375 2349 131
830 0.603815 0.529750 3892 2236 1962
831 0.602205 0.742533 4022 2230 2750
832 0.128037 0.614713 2172 474 2277
833 0.138958 0.616651 2941 514 2284
834 0.512066 0.431049 560 1896 1596
835 0.406086 0.341377 3641 1504 1264
836 0.404051 0.337107 3416 1496 1248
837 0.393385 0.336924 3138 1457 1248
838 0.384091 0.011442 4726 1422 42
839 0.621909 0.225736 4994 2303 836
840 0.628899 0.234525 4924 2329 868
841 0.615043 0.227939 4806 2278 844
842 0.652202 0.042599 4992 2416 157
843 0.438214 0.727865 421 1623 2696
844 0.115363 0.755879 183 427 2800
845 0.333142 0.554576 4143 1234 2054
846 0.218557 0.032405 2179 809 120
847 0.264239 0.359413 3991 978 1331
848 0.370393 0.665091 2940 1372 2463
849 0.407635 0.731360 1026 1510 2709
850 0.644408 0.260236 4216 2387 964
851 0.636204 0.254320 4830 2356 942
852 0.573710 0.791167 1353 2125 2930
853 0.588617 0.781144 3851 2180 2893
854 0.543051 0.226846 4383 2011 840
855 0.331059 0.132485 1817 1226 490
856 0.326645 0.712190 932 1210 2638
857 0.329988 0.697957 1527 1222 2585
858 0.715042 0.039355 5018 2648 145
859 0.154388 0.018117 2998 571 67
860 0.151161 0.012261 2990 559 45
861 0.601304 0.786095 4249 2227 2912
862 0.610247 0.785647 4045 2260 2910
863 0.330233 0.017618 3605 1223 65
864 0.342856 0.016146 4844 1270 59
865 0.553397 0.183715 4268 2050 680
866 0.546005 0.171170 4215 2022 634
867 0.489813 0.272618 4624 1814 1009
868 0.712745 0.314798 4140 2640 1166
869 0.408100 0.594834 3143 1511 2203
870 0.265070 0.573854 4200 981 2125
871 0.316003 0.038829 1773 1170 143
872 0.304924 0.046723 1378 1129 173
873 0.715358 0.402153 4561 2649 1489
874 0.419928 0.314320 3992 1555 1164
875 0.411748 0.313186 3460 1525 1160
876 0.425053 0.319780 4180 1574 1184
877 0.412908 0.325881 3500 1529 1207
878 0.363146 0.133527 3924 1345 494
879 0.376776 0.574811 3097 1395 2129
880 0.380454 0.579720 3632 1409 2147
881 0.372080 0.575133 4174 1378 2130
882 0.417834 0.652712 2028 1547 2417
883 0.429679 0.709042 2230 1591 2626
884 0.530470 0.666787 3360 1965 2470
885 0.099278 0.320628 3353 367 1187
886 0.793695 0.098409 4268 2940 364
887 0.804542 0.121502 4850 2980 450
888 0.156161 0.793097 -64 578 2937
889 0.031502 0.620444 359 116 2298
890 0.727470 0.760839 4391 2694 2818
891 0.349435 0.307256 2868 1294 1138
892 0.336141 0.413250 3441 1245 1530
893 0.644015 0.727051 4058 2385 2693
894 0.625701 0.710738 3737 2317 2632
895 0.632013 0.741340 1917 2341 2746
896 0.691356 0.654879 4430 2561 2425
897 0.709476 0.229523 5941 2628 850
898 0.388491 0.168701 3054 1439 624
899 0.068428 0.190992 2326 253 707
900 0.061537 0.193965 2414 227 718
901 0.387437 0.723894 1797 1435 2681
902 0.201738 0.634383 3073 747 2350
903 0.359196 0.480914 3663 1330 1781
904 0.615964 0.450047 5573 2281 1667
905 0.012652 0.037890 3718 46 140
906 0.283360 0.307774 71 1049 1140
907 0.167991 0.271450 3552 622 1005
908 0.158625 0.266830 3248 587 988
909 0.162780 0.259527 2745 603 961
910 0.011368 0.503990 1681 42 1866
911 0.010293 0.488410 848 38 1809
912 0.660406 0.188970 5132 2446 700
913 0.768819 0.277897 4428 2848 1029
914 0.181127 0.601901 3829 670 2229
915 0.181321 0.581800 2826 671 2155
916 0.018693 0.424381 412 69 1572
917 0.594136 0.521734 3724 2200 1932
918 0.689262 0.269357 4702 2553 997
919 0.690786 0.267074 5040 2558 989
920 0.040872 0.130995 1815 151 485
921 0.424221 0.358452 3586 1571 1327
922 0.430803 0.373044 3708 1595 1381
923 0.727978 0.053416 4331 2696 197
924 0.731906 0.070960 3839 2711 262
925 0.763895 0.471675 4892 2829 1747
926 0.770252 0.479524 4113 2853 1776
927 0.636571 0.644704 4201 2358 2388
928 0.316688 0.204114 1660 1173 756
929 0.190487 0.571442 3711 705 2116
930 0.382899 0.290014 3594 1418 1074
931 0.214910 0.572178 3432 796 2119
932 0.213043 0.577436 3286 789 2139
933 0.047954 0.197373 1455 177 731
934 0.261341 0.272725 2570 968 1010
935 0.272048 0.264334 2458 1007 979
936 0.358588 0.461330 4714 1328 1708
937 0.557886 0.200518 4272 2066 742
938 0.553019 0.214360 4445 2048 794
939 0.800722 0.774427 2858 2966 2868
940 0.171384 0.239833 2764 634 888
941 0.735278 0.377252 4923 2723 1397
942 0.141380 0.716110 498 523 2652
943 0.144252 0.723473 8 534 2680
944 0.284489 0.159286 1218 1053 590
945 0.662343 0.793664 3095 2453 2940
946 0.368872 0.732505 848 1366 2713
947 0.159947 0.723590 397 592 2680
948 0.287159 0.010227 4040 1063 37
949 0.239271 0.210884 2602 886 781
950 0.231247 0.226231 2532 856 838
951 0.164437 0.024279 3256 609 89
952 0.167111 0.032023 2891 619 118
953 0.161666 0.032707 2964 598 121
954 0.702578 0.652975 4604 2602 2418
955 0.790158 0.016171 5752 2927 59
956 0.038714 0.708860 341 143 2625
957 0.013772 0.711179 792 51 2634
958 0.385974 0.766217 157 1429 2838
959 0.622420 0.771857 4308 2305 2859
960 0.627584 0.762492 4361 2324 2824
961 0.302258 0.521406 3189 1119 1931
962 0.301171 0.532295 4492 1115 1971
963 0.298121 0.307630 2442 1104 1139
964 0.307544 0.306326 3188 1139 1134
965 0.553775 0.795321 2613 2051 2946
966 0.780163 0.482682 5009 2890 1788
967 0.748183 0.391916 4935 2771 1451
968 0.434360 0.255940 4070 1609 948
969 0.627566 0.523617 4330 2324 1939
970 0.613809 0.520017 3707 2273 1926
971 0.615175 0.009009 4832 2278 33
972 0.794465 0.078079 4267 2943 289
973 0.763377 0.415920 5465 2827 1540
974 0.753924 0.409135 5871 2792 1515
975 0.493046 0.409815 3914 1826 1518
976 0.722572 0.699164 4891 2676 2589
977 0.222158 0.134329 2391 822 497
978 0.091460 0.786783 4 338 2914
979 0.314269 0.364516 4784 1164 1350
980 0.089580 0.643426 1146 331 2383
981 0.685718 0.742494 4184 2540 2750
982 0.276853 0.313523 3690 1025 1161
983 0.771772 0.556055 1548 2858 2059
984 0.772113 0.539406 5635 2860 1998
985 0.613504 0.786761 3436 2272 2914
986 0.357112 0.341157 3689 1322 1263
987 0.365309 0.348228 4326 1353 1289
988 0.687390 0.691432 4470 2546 2561
989 0.199026 0.436728 2939 737 1617
990 0.207826 0.395452 3995 769 1464
991 0.208511 0.411732 3853 772 1525
992 0.224447 0.482804 3852 831 1788
993 0.794651 0.505589 5194 2943 1872
994 0.375991 0.723004 1412 1392 2678
995 0.633065 0.243525 4819 2345 902
996 0.313093 0.791838 0 1159 2933
997 0.118075 0.171009 5 437 633
BasinSaddles 0
Runoffs 0
Edges 1996
1 893 894
2 813 1
3 490 2
3 562 556
4 258 3
4 562 4
5 459 5
5 598 6
6 392 395
6 880 885
7 428 430
7 819 823
8 484 7
8 985 984
9 689 697
9 967 972
10 111 107
11 356 361
11 662 8
12 140 139
12 525 9
13 442 10
13 938 11
14 49 52
14 274 12
15 188 13
15 688 695
16 325 14
17 189 15
17 212 16
17 586 17
18 452 18
18 982 982
19 91 19
19 326 329
19 802 20
20 199 21
20 602 600
20 772 776
21 769 22
21 962 23
22 131 24
22 917 25
23 717 26
23 780 787
24 153 27
24 655 28
24 870 872
25 325 29
25 888 30
26 183 193
26 668 31
27 145 148
27 169 32
28 672 679
28 982 33
29 77 34
29 936 35
30 374 36
31 105 102
31 994 37
32 519 38
32 870 873
33 427 39
33 905 907
34 341 345
35 85 40
35 423 41
36 236 241
37 50 42
37 519 524
38 944 43
39 290 44
39 847 851
40 91 45
40 303 302
41 245 46
41 726 728
42 370 374
42 527 47
43 327 330
44 140 140
44 766 48
45 609 611
45 870 49
46 267 265
46 447 50
46 574 565
47 622 623
47 639 640
48 230 51
48 657 666
49 14 52
49 487 53
50 37 42
50 472 54
51 163 55
52 236 242
52 590 585
52 833 839
53 321 56
53 882 57
54 803 811
55 538 539
55 697 58
56 204 215
56 446 446
56 645 59
57 114 60
57 663 671
58 692 61
59 814 819
60 75 74
60 891 893
61 221 62
61 315 317
62 300 299
62 496 500
63 431 63
63 776 781
63 891 64
64 849 853
64 961 966
65 256 65
65 295 295
66 846 850
66 899 66
67 247 67
67 443 443
67 517 521
68 375 68
68 476 69
68 878 70
69 172 71
69 649 654
70 307 307
70 621 621
71 313 314
71 508 72
72 131 73
72 607 608
72 989 990
73 627 628
73 875 880
74 468 473
75 60 74
75 753 755
76 701 706
77 29 34
77 312 75
77 901 904
78 91 76
78 228 77
79 395 78
80 362 79
80 375 380
80 815 80
81 727 730
81 807 816
82 201 213
82 413 418
83 854 859
83 925 924
84 160 81
84 422 424
85 35 40
85 969 974
86 408 415
86 570 561
86 896 898
87 277 82
88 317 83
88 679 84
89 802 85
90 196 86
90 330 87
91 19 19
91 40 45
91 78 76
92 776 782
93 624 626
93 963 88
94 287 89
94 352 355
95 489 90
95 960 964
96 359 91
96 648 652
97 506 92
97 790 93
98 249 94
98 770 774
99 422 425
100 414 95
100 953 96
101 192 204
101 540 97
102 529 532
102 734 98
102 944 99
103 125 121
103 618 618
103 986 986
104 537 100
104 912 101
105 31 102
105 605 604
105 646 649
106 888 103
107 209 104
107 250 253
107 344 105
108 579 571
109 232 106
110 394 397
110 914 915
111 10 107
111 463 467
112 494 108
112 954 109
113 382 388
113 974 110
114 57 60
114 508 514
114 714 111
115 968 112
116 343 346
116 665 674
117 138 113
117 330 332
117 370 375
118 637 114
118 679 688
119 435 436
119 543 542
120 232 236
120 364 115
120 492 494
121 390 394
121 482 116
121 615 616
122 342 117
122 780 788
122 869 118
123 267 266
123 953 119
124 877 883
124 977 120
125 103 121
126 623 624
126 851 856
127 154 122
127 254 257
128 183 123
128 399 403
129 467 472
129 834 124
130 717 125
130 774 778
131 22 24
131 72 73
131 250 254
132 355 360
132 883 126
133 377 127
133 752 128
134 696 129
134 777 130
135 482 485
135 568 131
136 524 132
136 722 133
136 980 134
137 297 135
137 914 916
138 117 113
138 752 754
139 504 136
139 693 137
139 977 138
140 12 139
140 44 140
140 158 141
141 280 142
141 281 143
142 224 144
142 231 145
143 418 421
143 708 710
144 531 146
144 587 147
145 27 148
145 431 149
145 987 987
146 664 150
147 890 151
148 545 152
148 652 657
148 673 153
149 938 940
150 342 154
150 422 426
151 736 738
151 985 985
152 351 354
152 552 155
153 24 27
153 260 156
153 858 864
154 127 122
154 168 157
154 648 158
155 805 812
156 179 159
156 601 160
157 814 161
157 855 162
158 140 141
159 558 163
159 689 164
159 836 843
160 84 81
160 270 270
161 551 165
161 644 166
162 241 167
162 473 477
163 51 55
163 406 168
163 873 169
164 661 170
164 864 171
165 349 353
165 830 835
165 973 976
166 767 172
166 925 925
167 955 173
168 154 157
168 419 174
169 27 32
169 613 175
169 960 965
170 368 176
170 931 177
171 341 178
171 625 179
172 69 71
172 611 180
173 757 181
173 828 182
174 738 740
175 184 195
175 334 336
176 186 197
176 419 183
177 377 184
177 841 185
178 216 224
178 596 186
179 156 159
179 781 187
179 797 806
180 184 188
180 513 189
180 798 190
181 942 191
182 404 410
182 700 192
183 26 193
183 128 123
183 477 194
184 175 195
184 180 188
185 843 196
185 987 988
186 176 197
186 571 198
187 436 199
187 504 509
187 765 769
188 15 13
188 217 200
189 17 15
189 820 825
190 266 201
190 537 537
190 896 202
191 866 203
191 956 957
192 101 204
193 197 211
193 899 205
194 349 206
195 410 207
195 585 208
195 644 209
196 90 86
196 474 479
196 901 210
197 193 211
198 297 212
198 930 930
199 20 21
199 307 308
200 643 647
200 853 857
201 82 213
201 204 216
201 234 214
202 884 887
202 968 973
203 872 875
204 56 215
204 201 216
205 369 217
205 549 546
206 625 218
206 636 636
206 962 967
207 909 219
207 957 959
208 218 226
208 574 566
209 107 104
209 535 220
210 483 486
211 948 950
212 17 16
212 287 221
213 532 222
214 591 223
214 756 756
215 474 480
216 178 224
216 322 225
216 688 696
217 188 200
217 449 450
218 208 226
218 233 237
219 597 595
219 854 227
219 997 228
220 903 229
221 61 62
221 593 589
222 511 517
222 627 629
223 835 230
224 142 144
224 514 231
225 587 582
226 550 232
226 651 233
227 333 335
228 78 77
228 995 234
229 823 828
230 48 51
230 567 235
231 142 145
231 606 606
232 109 106
232 120 236
233 218 237
233 848 238
234 201 214
234 331 333
234 402 407
234 710 713
235 542 541
235 956 239
235 984 240
236 36 241
236 52 242
236 858 865
237 494 243
237 892 244
238 511 245
239 240 246
239 377 247
239 631 248
240 239 246
240 726 729
241 162 167
241 716 719
242 595 249
242 784 793
242 872 876
243 368 373
243 781 789
244 492 495
244 589 583
245 41 46
246 299 297
246 571 562
247 67 67
247 266 250
248 463 251
249 98 94
249 490 252
250 107 253
250 131 254
250 582 255
251 439 440
251 856 862
252 792 801
252 818 822
253 563 557
253 609 256
254 127 257
254 321 258
255 635 635
255 984 259
256 65 65
256 583 576
257 494 260
258 4 3
259 348 352
259 829 833
260 153 156
261 959 962
262 378 383
263 553 261
263 623 625
264 314 315
264 659 262
265 282 263
265 907 264
266 190 201
266 247 250
267 46 265
267 123 266
268 345 267
268 735 268
269 617 269
270 160 270
270 964 271
271 585 272
271 861 273
272 945 274
272 957 275
273 308 310
273 567 559
274 14 12
274 421 422
275 613 276
275 889 277
276 281 283
276 935 935
277 87 82
277 637 637
278 673 278
278 747 279
279 817 280
279 832 281
280 141 142
280 481 282
281 141 143
281 276 283
282 265 263
282 373 378
283 690 284
284 412 285
284 845 849
285 358 286
286 904 287
287 94 89
287 212 221
288 599 288
288 681 289
289 466 469
289 851 290
290 39 44
291 495 499
291 514 291
292 978 292
292 992 994
293 666 676
293 936 293
294 605 294
295 65 295
295 555 296
296 750 752
297 137 135
297 198 212
297 820 826
298 455 461
299 246 297
299 833 298
300 62 299
300 367 372
300 451 300
301 327 331
301 345 349
301 533 535
302 770 301
303 40 302
303 959 963
304 674 683
304 885 303
305 534 304
305 980 305
306 417 306
306 924 922
307 70 307
307 199 308
307 895 309
308 273 310
308 507 512
308 862 311
309 884 888
310 623 312
310 874 879
311 934 313
312 77 75
313 71 314
314 264 315
314 574 316
315 61 317
315 963 318
316 704 319
316 801 320
317 88 83
317 541 540
317 727 321
318 589 584
318 683 322
319 335 323
319 409 324
320 573 325
321 53 56
321 254 258
321 714 326
322 216 225
322 572 327
323 795 328
323 929 929
324 486 489
324 506 511
325 16 14
325 25 29
326 19 329
327 43 330
327 301 331
327 384 390
328 475 481
329 442 442
329 600 599
330 90 87
330 117 332
330 701 707
331 234 333
332 420 334
332 568 560
333 227 335
333 371 376
333 778 785
334 175 336
334 465 337
334 518 522
334 922 338
335 319 323
335 653 658
336 444 339
337 647 651
337 930 340
338 640 642
338 859 341
338 890 342
339 461 343
339 799 808
340 507 344
340 691 700
341 34 345
341 171 178
342 122 117
342 150 154
343 116 346
343 521 347
343 608 610
343 697 348
344 107 105
344 606 607
345 268 267
345 301 349
345 708 350
346 448 351
346 581 574
347 584 578
348 259 352
349 165 353
349 194 206
349 759 760
350 855 860
350 950 952
351 152 354
352 94 355
352 972 356
353 375 357
353 787 796
353 845 358
354 655 359
354 947 949
355 132 360
355 835 840
356 11 361
357 511 518
357 692 702
358 285 286
358 902 362
359 96 91
360 748 749
360 844 363
361 632 633
361 732 733
362 80 79
362 400 364
362 684 365
363 441 441
363 632 366
364 120 115
364 803 367
364 813 368
365 522 369
365 828 832
366 522 370
366 805 371
367 300 372
367 898 900
368 170 176
368 243 373
369 205 217
370 42 374
370 117 375
371 333 376
371 575 377
372 430 433
372 653 659
373 282 378
373 881 379
374 30 36
374 446 447
375 68 68
375 80 380
375 353 357
376 799 381
376 857 382
376 900 903
377 133 127
377 177 184
377 239 247
378 262 383
378 621 622
379 614 384
380 394 398
380 662 669
380 674 385
381 525 528
381 532 386
381 968 387
382 113 388
382 577 568
382 988 389
383 893 895
384 327 390
384 791 391
385 706 708
385 918 392
386 651 655
386 739 742
387 518 523
388 595 593
388 932 931
389 665 675
389 786 393
390 121 394
390 920 919
391 724 725
392 6 395
392 415 396
393 655 663
394 110 397
394 380 398
394 900 399
395 79 78
395 691 701
396 919 400
396 938 401
397 515 520
397 834 402
398 940 942
398 964 968
399 128 403
399 531 534
399 540 404
400 362 364
400 746 405
401 447 406
402 234 407
402 491 493
403 773 408
403 935 409
404 182 410
404 824 829
405 587 411
405 871 874
405 964 412
406 163 168
406 641 643
407 625 413
407 992 414
408 86 415
408 550 548
409 319 324
409 464 416
410 195 207
410 720 722
411 467 417
412 284 285
412 708 711
413 82 418
414 100 95
414 770 775
415 392 396
415 509 515
415 520 419
416 552 420
417 306 306
417 831 836
418 143 421
418 638 638
419 168 174
419 176 183
420 332 334
421 274 422
421 712 423
421 928 928
422 84 424
422 99 425
422 150 426
423 35 41
423 547 427
424 738 741
424 844 428
425 593 590
426 755 429
426 924 923
427 33 39
428 7 430
428 950 953
429 698 431
429 812 432
429 860 866
429 937 938
430 372 433
430 713 434
430 789 798
431 63 63
431 145 149
432 782 791
432 792 802
433 822 435
433 956 958
434 887 890
435 119 436
435 777 783
435 783 437
436 187 199
437 921 438
438 549 547
438 865 439
439 251 440
439 757 758
439 849 854
440 671 678
440 889 892
441 363 441
441 548 545
441 966 970
442 13 10
442 329 442
443 67 443
444 336 339
444 570 444
444 742 746
445 922 445
446 56 446
446 374 447
446 724 448
447 46 50
447 401 406
448 346 351
448 550 449
449 217 450
449 762 451
449 814 452
450 693 453
450 918 454
451 300 300
451 999 998
452 18 18
452 657 455
453 470 456
453 692 457
454 554 458
454 790 459
454 838 460
455 298 461
455 779 462
456 560 463
456 656 664
457 602 464
457 725 465
458 741 744
458 810 818
459 5 5
459 603 601
459 740 743
460 783 792
461 339 343
461 598 596
462 620 466
462 966 971
463 111 467
463 248 251
463 547 544
464 409 416
464 759 761
465 334 337
465 880 468
466 289 469
466 556 470
466 694 471
467 129 472
467 411 417
467 490 492
468 74 473
468 654 660
469 796 474
469 867 475
469 934 934
470 453 456
470 789 799
471 982 476
472 50 54
472 478 482
473 162 477
473 615 478
474 196 479
474 215 480
475 328 481
475 648 653
476 68 69
477 183 194
477 632 634
477 768 772
478 472 482
478 521 525
479 990 991
480 874 483
481 280 282
481 751 484
482 121 116
482 135 485
483 210 486
483 686 487
483 703 488
484 8 7
485 897 899
486 324 489
486 665 490
486 975 978
487 49 53
487 894 897
488 502 506
488 646 650
489 95 90
489 748 491
490 3 2
490 249 252
490 467 492
491 402 493
491 911 911
492 120 494
492 244 495
492 963 496
493 559 497
493 890 498
494 112 108
494 237 243
494 257 260
495 291 499
495 788 797
496 62 500
496 677 501
497 514 502
498 855 861
499 751 503
500 594 592
500 981 504
501 611 505
502 488 506
502 854 507
503 523 527
503 967 508
504 139 136
504 187 509
504 806 814
505 576 510
505 933 932
506 97 92
506 324 511
507 308 512
507 340 344
507 510 513
508 71 72
508 114 514
509 415 515
509 555 550
510 507 513
510 600 516
511 222 517
511 238 245
511 357 518
512 530 519
513 180 189
513 522 526
514 224 231
514 291 291
514 497 502
515 397 520
516 713 718
517 67 521
517 835 841
517 996 996
518 334 522
518 387 523
519 32 38
519 37 524
520 415 419
521 343 347
521 478 525
521 819 824
522 365 369
522 366 370
522 513 526
523 503 527
524 136 132
524 645 648
525 12 9
525 381 528
525 955 956
526 720 529
526 965 969
527 42 47
528 544 530
528 565 531
529 102 532
530 512 519
530 800 533
531 144 146
531 399 534
532 213 222
532 381 386
533 301 535
534 305 304
535 209 220
535 763 766
536 771 536
536 939 941
537 104 100
537 190 537
537 902 538
538 55 539
539 797 807
540 101 97
540 399 404
541 317 540
541 561 555
542 235 541
543 119 542
543 712 716
544 528 530
545 148 152
545 633 543
545 721 723
546 763 767
547 423 427
547 463 544
547 926 926
548 441 545
549 205 546
549 438 547
549 585 581
550 226 232
550 408 548
550 448 449
551 161 165
551 687 694
552 152 155
552 416 420
552 653 549
553 263 261
553 629 630
554 454 458
554 942 945
555 295 296
555 509 550
556 466 470
557 612 551
558 159 163
558 970 552
559 493 497
559 588 553
560 456 463
560 702 554
561 541 555
561 861 868
562 3 556
562 4 4
563 253 557
563 879 558
564 612 613
564 881 886
565 528 531
565 737 739
566 950 954
567 230 235
567 273 559
568 135 131
568 332 560
569 773 777
570 86 561
570 444 444
571 186 198
571 246 562
571 664 673
572 322 327
572 719 563
573 320 325
573 710 714
573 788 564
574 46 565
574 208 566
574 314 316
575 371 377
575 709 567
576 505 510
577 382 568
577 894 569
578 593 591
578 767 570
579 108 571
579 746 572
580 676 573
581 346 574
581 913 575
582 250 255
583 256 576
583 747 577
584 347 578
584 594 579
584 750 580
585 195 208
585 271 272
585 549 581
586 17 17
587 144 147
587 225 582
587 405 411
588 559 553
588 976 979
589 244 583
589 318 584
589 698 705
590 52 585
590 779 586
591 214 223
591 760 762
592 723 587
592 763 588
592 915 917
593 221 589
593 425 590
593 578 591
594 500 592
594 584 579
595 242 249
595 388 593
596 178 186
596 923 594
597 219 595
598 5 6
598 461 596
599 288 288
599 795 597
599 810 598
600 329 599
600 510 516
601 156 160
601 903 905
602 20 600
602 457 464
603 459 601
603 616 602
604 940 603
605 105 604
605 294 294
605 733 605
606 231 606
606 344 607
607 72 608
607 895 609
607 990 992
608 343 610
609 45 611
609 253 256
609 694 703
610 657 612
610 974 977
611 172 180
611 501 505
612 557 551
612 564 613
613 169 175
613 275 276
613 741 745
614 379 384
614 754 614
614 931 615
615 121 616
615 473 478
616 603 602
616 811 617
617 269 269
617 786 795
618 103 618
618 660 668
618 958 960
619 685 619
619 704 620
620 462 466
620 827 831
620 916 918
621 70 621
621 378 622
622 47 623
622 821 827
623 126 624
623 263 625
623 310 312
624 93 626
624 912 913
625 171 179
625 206 218
625 407 413
626 791 800
626 949 627
627 73 628
627 222 629
628 662 670
629 553 630
629 897 631
630 729 632
631 239 248
632 361 633
632 363 366
632 477 634
632 781 790
633 545 543
633 658 667
633 758 759
634 808 817
635 255 635
636 206 636
637 118 114
637 277 637
638 418 638
638 818 639
639 47 640
639 952 641
640 338 642
640 690 698
641 406 643
642 725 644
642 972 645
642 995 646
643 200 647
643 686 691
644 161 166
644 195 209
645 56 59
645 524 648
646 105 649
646 488 650
647 337 651
647 933 933
648 96 652
648 154 158
648 475 653
649 69 654
649 806 815
650 837 844
651 226 233
651 386 655
651 873 656
652 148 657
653 335 658
653 372 659
653 552 549
654 468 660
654 688 661
654 954 662
655 24 28
655 354 359
655 393 663
656 456 664
656 965 665
657 48 666
657 452 455
657 610 612
658 633 667
659 264 262
660 618 668
660 734 736
661 164 170
661 875 881
662 11 8
662 380 669
662 628 670
662 829 834
663 57 671
663 700 672
664 146 150
664 571 673
665 116 674
665 389 675
665 486 490
666 293 676
667 851 677
668 26 31
668 675 684
669 686 692
670 706 709
671 440 678
672 28 679
672 718 680
672 893 896
672 971 681
673 148 153
673 278 278
673 730 682
674 304 683
674 380 385
675 668 684
676 580 573
676 711 685
676 775 779
677 496 501
677 908 686
677 923 921
678 792 803
678 868 687
679 88 84
679 118 688
680 988 989
681 288 289
682 763 768
683 318 322
684 362 365
684 809 689
685 619 619
685 808 690
685 935 936
686 483 487
686 643 691
686 669 692
686 800 693
687 551 694
687 872 877
688 15 695
688 216 696
688 654 661
689 9 697
689 159 164
689 824 830
690 283 284
690 640 698
690 885 699
690 941 943
691 340 700
691 395 701
692 58 61
692 357 702
692 453 457
693 139 137
693 450 453
694 466 471
694 609 703
694 839 704
695 835 842
696 134 129
696 761 764
697 55 58
697 343 348
698 429 431
698 589 705
699 765 770
700 182 192
700 663 672
701 76 706
701 330 707
702 560 554
703 483 488
703 998 997
704 316 319
704 619 620
705 744 748
706 385 708
706 670 709
707 794 805
707 980 981
708 143 710
708 345 350
708 412 711
709 575 567
709 887 712
710 234 713
710 573 714
711 676 685
711 927 715
712 421 423
712 543 716
712 952 717
713 430 434
713 516 718
714 114 111
714 321 326
715 944 946
716 241 719
716 863 720
717 23 26
717 130 125
718 672 680
718 958 961
719 572 563
719 904 721
720 410 722
720 526 529
721 545 723
722 136 133
722 887 724
723 592 587
724 391 725
724 446 448
724 951 726
725 457 465
725 642 644
725 906 727
726 41 728
726 240 729
726 875 882
727 81 730
727 317 321
727 850 855
728 898 731
729 630 632
729 807 732
730 673 682
731 941 944
732 361 733
732 848 734
733 605 605
733 970 735
734 102 98
734 660 736
734 764 737
735 268 268
735 853 858
736 151 738
736 769 773
737 565 739
737 860 867
738 174 740
738 424 741
739 386 742
740 459 743
741 458 744
741 613 745
742 444 746
742 920 920
743 821 747
744 705 748
744 777 784
745 762 765
746 400 405
746 579 572
747 278 279
747 583 577
748 360 749
748 489 491
748 905 750
749 773 751
749 948 951
750 296 752
750 584 580
750 822 753
751 481 484
751 499 503
751 907 908
752 133 128
752 138 754
753 75 755
753 936 937
754 614 614
755 426 429
756 214 756
756 832 757
757 173 181
757 439 758
758 633 759
759 349 760
759 464 761
760 591 762
760 983 763
761 696 764
762 449 451
762 745 765
763 535 766
763 546 767
763 592 588
763 682 768
764 734 737
765 187 769
765 699 770
766 44 48
766 925 771
767 166 172
767 578 570
768 477 772
769 21 22
769 736 773
770 98 774
770 302 301
770 414 775
771 536 536
772 20 776
772 991 993
773 403 408
773 569 777
773 749 751
774 130 778
774 913 914
775 676 779
775 840 780
776 63 781
776 92 782
776 979 980
777 134 130
777 435 783
777 744 784
778 333 785
778 984 786
779 455 462
779 590 586
780 23 787
780 122 788
781 179 187
781 243 789
781 632 790
782 432 791
782 841 846
783 435 437
783 460 792
784 242 793
785 908 794
786 389 393
786 617 795
787 353 796
788 495 797
788 573 564
789 430 798
789 470 799
790 97 93
790 454 459
791 384 391
791 626 800
792 252 801
792 432 802
792 678 803
793 946 804
794 707 805
795 323 328
795 599 597
796 469 474
797 179 806
797 539 807
798 180 190
799 339 808
799 376 381
799 852 809
800 530 533
800 686 693
801 316 320
801 960 810
802 19 20
802 89 85
802 868 871
803 54 811
803 364 367
804 831 837
804 872 878
805 155 812
805 366 371
805 823 813
806 504 814
806 649 815
807 81 816
807 729 732
808 634 817
808 685 690
809 684 689
809 899 902
809 993 995
810 458 818
810 599 598
811 616 617
811 816 820
812 429 432
813 2 1
813 364 368
814 59 819
814 157 161
814 449 452
815 80 80
816 811 820
816 825 821
817 279 280
818 252 822
818 638 639
819 7 823
819 521 824
819 842 847
820 189 825
820 297 826
821 622 827
821 743 747
822 433 435
822 750 753
823 229 828
823 805 813
824 404 829
824 689 830
825 816 821
826 844 848
827 620 831
828 173 182
828 365 832
829 259 833
829 662 834
830 165 835
831 417 836
831 804 837
831 843 838
832 279 281
832 756 757
833 52 839
833 299 298
834 129 124
834 397 402
835 223 230
835 355 840
835 517 841
835 695 842
836 159 843
837 650 844
837 878 884
838 454 460
839 694 704
840 775 780
840 859 845
841 177 185
841 782 846
842 819 847
843 185 196
843 831 838
844 360 363
844 424 428
844 826 848
845 284 849
845 353 358
846 66 850
847 39 851
847 996 852
848 233 238
848 732 734
849 64 853
849 439 854
850 727 855
850 937 939
851 126 856
851 289 290
851 667 677
852 799 809
853 200 857
853 735 858
854 83 859
854 219 227
854 502 507
855 157 162
855 350 860
855 498 861
856 251 862
856 986 863
857 376 382
858 153 864
858 236 865
859 338 341
859 840 845
860 429 866
860 737 867
861 271 273
861 561 868
862 308 311
862 888 891
863 716 720
863 921 869
864 164 171
864 918 870
865 438 439
866 191 203
867 469 475
868 678 687
868 802 871
869 122 118
870 24 872
870 32 873
870 45 49
871 405 874
872 203 875
872 242 876
872 687 877
872 804 878
873 163 169
873 651 656
874 310 879
874 480 483
875 73 880
875 661 881
875 726 882
876 911 912
877 124 883
878 68 70
878 837 884
879 563 558
880 6 885
880 465 468
881 373 379
881 564 886
882 53 57
883 132 126
884 202 887
884 309 888
885 304 303
885 690 699
886 927 889
887 434 890
887 709 712
887 722 724
888 25 30
888 106 103
888 862 891
889 275 277
889 440 892
890 147 151
890 338 342
890 493 498
891 60 893
891 63 64
892 237 244
893 1 894
893 383 895
893 672 896
894 487 897
894 577 569
894 953 955
895 307 309
895 607 609
896 86 898
896 190 202
897 485 899
897 629 631
898 367 900
898 728 731
898 934 901
899 66 66
899 193 205
899 809 902
900 376 903
900 394 399
901 77 904
901 196 210
902 358 362
902 537 538
903 220 229
903 601 905
904 286 287
904 719 721
904 943 906
905 33 907
905 748 750
905 983 983
906 725 727
907 265 264
907 751 908
907 910 909
908 677 686
908 785 794
909 207 219
910 907 909
910 939 910
911 491 911
911 876 912
912 104 101
912 624 913
913 581 575
913 774 914
914 110 915
914 137 916
915 592 917
916 620 918
917 22 25
918 385 392
918 450 454
918 864 870
919 396 400
920 390 919
920 742 920
921 437 438
921 863 869
922 334 338
922 445 445
923 596 594
923 677 921
924 306 922
924 426 923
925 83 924
925 166 925
925 766 771
926 547 926
926 962 927
927 711 715
927 886 889
928 421 928
929 323 929
930 198 930
930 337 340
931 170 177
931 614 615
932 388 931
933 505 932
933 647 933
934 311 313
934 469 934
934 898 901
935 276 935
935 403 409
935 685 936
936 29 35
936 293 293
936 753 937
937 429 938
937 850 939
938 13 11
938 149 940
938 396 401
939 536 941
939 910 910
940 398 942
940 604 603
941 690 943
941 731 944
941 946 948
942 181 191
942 554 945
943 904 906
944 38 43
944 102 99
944 715 946
945 272 274
945 993 947
946 793 804
946 941 948
947 354 949
948 211 950
948 749 951
949 626 627
950 350 952
950 428 953
950 566 954
951 724 726
952 639 641
952 712 717
953 100 96
953 123 119
953 894 955
954 112 109
954 654 662
955 167 173
955 525 956
956 191 957
956 235 239
956 433 958
957 207 959
957 272 275
958 618 960
958 718 961
959 261 962
959 303 963
960 95 964
960 169 965
960 801 810
961 64 966
962 21 23
962 206 967
962 926 927
963 93 88
963 315 318
963 492 496
964 270 271
964 398 968
964 405 412
964 969 975
965 526 969
965 656 665
966 441 970
966 462 971
967 9 972
967 503 508
968 115 112
968 202 973
968 381 387
969 85 974
969 964 975
970 558 552
970 733 735
971 672 681
972 352 356
972 642 645
973 165 976
974 113 110
974 610 977
975 486 978
976 588 979
977 124 120
977 139 138
978 292 292
979 776 980
980 136 134
980 305 305
980 707 981
981 500 504
982 18 982
982 28 33
982 471 476
983 760 763
983 905 983
984 235 240
984 255 259
984 778 786
985 8 984
985 151 985
986 103 986
986 856 863
987 145 987
987 185 988
988 382 389
988 680 989
989 72 990
990 479 991
990 607 992
991 772 993
992 292 994
992 407 414
993 809 995
993 945 947
994 31 37
995 228 234
995 642 646
996 517 996
996 847 852
997 219 228
998 703 997
999 451 998
RunoffEdges 0
